SECTION Comment
CREATOR "Carlos Araujo"
REMARK "Instance for QoS Multicast Routing Problem"
QoS METRICS "delay, jitter, bandwidth and estimate of link duration"
END

SECTION Graph
Nodes 60
Edges 427

E 1 2 0.023878 0.005532 372.42 5.76
E 1 4 0.021449 0.004391 360.54 5.54
E 1 5 0.023896 0.005778 387.68 3.45
E 1 6 0.020867 0.004304 385.96 6.12
E 1 10 0.023119 0.005492 344.23 4.48
E 1 11 0.023680 0.005498 349.28 4.59
E 1 12 0.023118 0.005492 369.25 4.27
E 1 13 0.024184 0.006011 333.99 0.24
E 1 14 0.024392 0.006569 356.18 4.37
E 1 15 0.021243 0.004107 384.24 2.21
E 1 17 0.023229 0.005486 365.98 1.68
E 1 23 0.022904 0.004458 346.63 4.57
E 1 25 0.021460 0.004671 333.66 4.87
E 1 28 0.021128 0.003282 321.98 13.09
E 1 31 0.023182 0.006113 354.10 2.57
E 1 37 0.022081 0.004537 354.38 4.49
E 1 40 0.028680 0.009120 2888.00 2.08
E 1 43 0.023168 0.005580 372.60 1.73
E 1 45 0.023183 0.005088 358.63 2.30
E 1 49 0.022647 0.004821 343.70 2.26
E 1 56 0.023001 0.005406 381.18 6.36
E 1 57 0.022993 0.005514 370.47 19.97
E 1 58 0.023498 0.005529 410.86 1.86
E 1 60 0.023377 0.004206 445.06 8.61
E 2 4 0.019749 0.002798 337.24 0.87
E 2 5 0.021755 0.004097 370.42 34.25
E 2 10 0.021848 0.004760 352.98 0.47
E 2 11 0.024869 0.006581 344.23 0.66
E 2 12 0.023676 0.005221 343.48 1.71
E 2 13 0.008340 0.000960 752.00 859.91
E 2 14 0.022547 0.005923 353.66 0.51
E 2 15 0.023092 0.006407 346.64 5.24
E 2 17 0.021650 0.005096 366.45 27.24
E 2 25 0.021321 0.004014 282.59 0.47
E 2 28 0.024740 0.006501 387.71 0.01
E 2 31 0.022667 0.006398 382.86 0.99
E 2 37 0.023846 0.006973 408.79 0.68
E 2 43 0.021601 0.004272 346.49 17.25
E 2 45 0.021546 0.006303 347.21 753.89
E 2 49 0.022325 0.004925 332.87 4.23
E 2 56 0.022957 0.006596 365.13 54.12
E 2 57 0.022236 0.004839 364.34 17.72
E 2 58 0.020991 0.003819 336.86 21.89
E 2 59 0.014298 0.002214 236.94 0.87
E 2 60 0.018833 0.000169 534.06 25.04
E 3 7 0.021014 0.003764 334.01 1.65
E 3 9 0.020484 0.003754 307.76 0.15
E 3 16 0.022201 0.003707 350.41 8.98
E 3 18 0.018397 0.004914 291.46 2.01
E 3 20 0.021348 0.004771 329.54 0.15
E 3 32 0.019723 0.004641 323.43 0.14
E 3 35 0.015315 0.003361 246.40 0.18
E 3 38 0.017628 0.004570 291.91 0.15
E 3 41 0.017167 0.004035 281.83 3.00
E 3 42 0.020030 0.004477 330.93 0.14
E 3 47 0.018310 0.004620 285.18 0.76
E 3 50 0.020507 0.004025 324.03 1.03
E 3 53 0.019765 0.003251 275.52 0.14
E 3 54 0.020868 0.002375 329.30 127.00
E 4 6 0.016641 0.001977 266.97 1.57
E 4 8 0.016556 0.003991 279.19 16.82
E 4 10 0.019241 0.001150 309.60 374.52
E 4 12 0.020802 0.002839 358.46 0.01
E 4 15 0.022378 0.006414 334.53 4.08
E 4 17 0.018669 0.002145 306.27 353.47
E 4 28 0.016324 0.001832 274.31 19.49
E 4 31 0.020528 0.006244 344.67 199.96
E 4 45 0.018977 0.002883 332.71 0.67
E 4 49 0.021793 0.004638 326.13 0.03
E 4 56 0.020945 0.004749 315.33 1.01
E 4 57 0.021799 0.006106 288.89 3.00
E 5 6 0.022860 0.006275 433.25 1.37
E 5 8 0.022394 0.002431 362.67 8.55
E 5 10 0.021793 0.003153 332.47 0.22
E 5 11 0.022721 0.004175 357.94 2.93
E 5 12 0.021713 0.002947 359.78 0.17
E 5 13 0.021389 0.002781 398.56 2.03
E 5 14 0.023063 0.004071 382.53 1.21
E 5 17 0.021204 0.002035 338.42 27.08
E 5 31 0.023917 0.005116 321.55 7.71
E 5 37 0.021670 0.002120 382.33 3.12
E 5 43 0.021079 0.001934 362.44 2.29
E 5 45 0.021167 0.005148 376.27 0.46
E 5 49 0.023418 0.005368 368.91 0.97
E 5 56 0.022394 0.005164 362.16 0.89
E 5 57 0.024767 0.004692 339.55 1.07
E 5 58 0.024668 0.002103 386.46 1.79
E 6 8 0.017901 0.003392 270.60 5.41
E 6 10 0.025683 0.005156 418.91 0.12
E 6 11 0.018963 0.004540 303.68 1.09
E 6 12 0.020077 0.002985 333.57 0.09
E 6 13 0.017893 0.002818 283.58 2.98
E 6 14 0.025685 0.005156 356.65 2.28
E 6 17 0.017629 0.001979 279.05 7.27
E 6 24 0.017367 0.002975 267.81 15.37
E 6 26 0.017397 0.002959 283.54 14.04
E 6 29 0.017367 0.002975 266.47 15.30
E 6 30 0.017398 0.002959 266.81 14.15
E 6 31 0.021213 0.005766 325.62 16.88
E 6 34 0.004530 0.000064 392.00 13.87
E 6 37 0.018172 0.003731 325.18 1.37
E 6 43 0.025686 0.005156 455.52 3.70
E 6 44 0.016960 0.002575 292.69 4.29
E 6 49 0.021761 0.005314 333.74 0.12
E 6 57 0.022565 0.004749 294.93 1.46
E 6 59 0.017050 0.002527 254.12 1.51
E 7 9 0.020841 0.004608 340.35 0.49
E 7 14 0.019510 0.004502 318.81 0.37
E 7 16 0.020819 0.004399 342.06 2.69
E 7 18 0.021567 0.004059 342.65 2.91
E 7 20 0.021544 0.004695 378.27 0.52
E 7 25 0.020778 0.003244 334.86 1.31
E 7 28 0.020134 0.003392 324.62 3.36
E 7 32 0.020822 0.004399 323.06 0.93
E 7 38 0.022778 0.005512 330.68 2.52
E 7 41 0.024091 0.005540 546.87 1.15
E 7 42 0.020820 0.004399 308.82 0.85
E 7 50 0.020853 0.004470 334.20 1.04
E 7 53 0.020882 0.004543 328.69 2.10
E 7 54 0.020961 0.004896 333.73 8.90
E 7 60 0.020989 0.004418 318.96 0.97
E 8 10 0.021772 0.003448 307.77 3.53
E 8 11 0.019822 0.004282 297.76 13.68
E 8 12 0.020481 0.001308 335.32 20.62
E 8 13 0.016650 0.002364 284.91 12.40
E 8 14 0.026093 0.004138 460.05 16.25
E 8 24 0.013196 0.000652 214.56 10.82
E 8 26 0.013247 0.000661 192.94 10.79
E 8 29 0.013197 0.000652 218.68 10.82
E 8 30 0.013247 0.000719 204.75 10.79
E 8 31 0.027313 0.007123 610.11 1.23
E 8 34 0.004530 0.000064 392.00 7.27
E 8 37 0.019705 0.002374 327.05 16.18
E 8 44 0.013198 0.001623 194.78 3.27
E 8 49 0.023170 0.006626 333.78 9.16
E 8 57 0.001969 0.000000 188.00 3.89
E 8 59 0.016368 0.003070 317.66 16.55
E 9 16 0.020009 0.003779 331.70 4.96
E 9 18 0.022066 0.003709 347.13 2.31
E 9 41 0.019738 0.001300 370.44 3.37
E 9 50 0.020063 0.003879 325.32 1.81
E 9 54 0.019670 0.004237 320.05 137.97
E 9 60 0.019205 0.003125 313.79 1.87
E 10 11 0.021351 0.002568 320.92 6288.54
E 10 12 0.022864 0.005266 337.18 0.10
E 10 13 0.021120 0.002781 353.14 0.95
E 10 14 0.022757 0.003881 347.87 5547.62
E 10 15 0.022581 0.004781 359.20 1.68
E 10 17 0.020555 0.002336 336.96 58.04
E 10 23 0.018972 0.005766 289.22 7345.95
E 10 25 0.019501 0.000738 291.36 8293.51
E 10 28 0.019952 0.001331 346.75 18.53
E 10 31 0.022160 0.006057 339.86 92.87
E 10 37 0.020097 0.002514 317.28 6334.68
E 10 40 0.004770 0.000896 480.00 7.93
E 10 43 0.020496 0.001818 324.45 0.35
E 10 45 0.020639 0.005043 324.84 0.46
E 10 49 0.021892 0.004856 345.64 0.03
E 10 56 0.021488 0.005446 359.86 1.16
E 10 57 0.022312 0.004078 346.58 2.15
E 10 58 0.020223 0.001598 320.44 2.38
E 11 12 0.023057 0.003762 308.16 0.14
E 11 13 0.016908 0.003225 269.23 137.06
E 11 15 0.018110 0.002935 286.62 6.90
E 11 17 0.022643 0.005348 367.59 19.16
E 11 22 0.019083 0.002171 322.50 17.51
E 11 28 0.021483 0.005181 397.01 17.44
E 11 31 0.023105 0.007517 358.43 48.03
E 11 34 0.017149 0.004421 297.96 177.70
E 11 36 0.015005 0.003324 235.41 0.00
E 11 40 0.025279 0.002352 306.96 5.57
E 11 43 0.025109 0.002261 374.40 3.47
E 11 44 0.024431 0.006275 267.64 1.73
E 11 49 0.023193 0.006136 342.40 0.07
E 11 51 0.015323 0.003463 256.35 88.93
E 11 52 0.022565 0.002544 353.96 29.79
E 11 57 0.022097 0.003477 336.12 1.53
E 12 13 0.022012 0.002781 362.42 3.11
E 12 14 0.022932 0.004986 393.85 0.12
E 12 15 0.022068 0.004625 360.70 3.83
E 12 17 0.021537 0.003197 326.89 49.80
E 12 25 0.022270 0.004712 360.52 0.18
E 12 28 0.021849 0.003222 352.07 18.60
E 12 31 0.021963 0.006046 347.66 76.89
E 12 37 0.021125 0.002775 355.49 0.14
E 12 43 0.022511 0.004491 379.81 0.47
E 12 45 0.022152 0.005476 331.51 0.50
E 12 49 0.021835 0.004741 370.05 0.04
E 12 56 0.022484 0.005602 351.57 1.00
E 12 57 0.022397 0.004572 355.23 1.85
E 12 58 0.022259 0.003984 352.59 2.07
E 13 14 0.022126 0.003477 332.92 172.06
E 13 15 0.017869 0.002971 299.40 1.25
E 13 17 0.019037 0.002035 386.99 5.45
E 13 22 0.016938 0.004768 299.99 88.35
E 13 23 0.017186 0.003780 324.22 175.64
E 13 24 0.016799 0.003392 253.20 209.32
E 13 26 0.015803 0.002261 265.27 207.65
E 13 28 0.020730 0.004613 334.15 10.66
E 13 29 0.018382 0.004297 266.81 209.00
E 13 30 0.015854 0.002423 253.37 207.93
E 13 31 0.023857 0.006615 365.70 4.21
E 13 34 0.017530 0.004655 293.39 3.68
E 13 36 0.015848 0.003783 279.70 45.51
E 13 37 0.019014 0.003071 322.66 143.24
E 13 40 0.017064 0.004254 260.78 2.08
E 13 43 0.023921 0.004466 345.50 2.64
E 13 49 0.023598 0.006633 396.44 0.85
E 13 51 0.016139 0.003783 243.86 1.72
E 13 52 0.016496 0.003901 280.52 1.87
E 13 57 0.024486 0.003958 320.37 1.60
E 14 15 0.021031 0.003961 331.36 3.69
E 14 16 0.018127 0.004424 319.92 8.08
E 14 17 0.022729 0.003712 369.77 84.31
E 14 28 0.022407 0.003915 342.30 18.85
E 14 31 0.024151 0.004941 412.07 88.49
E 14 40 0.002897 0.000000 304.00 9.62
E 14 43 0.022628 0.003724 364.82 1.36
E 14 45 0.022763 0.006275 383.60 0.43
E 14 49 0.022071 0.004033 375.83 0.07
E 14 50 0.017868 0.004587 317.86 1.30
E 14 54 0.019627 0.004370 329.74 190.93
E 14 56 0.023527 0.006915 345.06 1.12
E 14 57 0.022876 0.003369 363.00 1.97
E 14 58 0.022448 0.003508 372.56 2.30
E 14 60 0.018930 0.004947 286.59 3.04
E 15 19 0.019682 0.003392 415.30 3.15
E 15 22 0.017813 0.004851 296.75 16.44
E 15 23 0.019810 0.004719 312.86 7.06
E 15 25 0.022551 0.004373 372.18 3.91
E 15 28 0.020247 0.003878 343.39 15.48
E 15 31 0.020750 0.004853 343.53 14.20
E 15 34 0.017812 0.002950 272.89 5.25
E 15 37 0.019550 0.003807 307.94 6.56
E 15 39 0.017644 0.004353 258.47 12.19
E 15 40 0.017515 0.002225 264.18 4.42
E 15 43 0.022551 0.004373 345.32 0.49
E 15 46 0.011828 0.002656 1072.00 3.32
E 15 49 0.020432 0.003791 313.70 0.75
E 15 51 0.018121 0.002560 319.89 27.73
E 15 52 0.017812 0.004936 301.38 13.57
E 15 56 0.022547 0.004986 366.12 1.62
E 15 58 0.022726 0.005231 358.05 1.71
E 15 60 0.021387 0.003410 340.20 10.52
E 16 18 0.020231 0.003378 341.69 0.68
E 16 20 0.021284 0.004664 358.08 4.96
E 16 25 0.020125 0.003243 345.16 6.59
E 16 32 0.019820 0.002771 339.40 5.54
E 16 35 0.014214 0.000096 1312.00 5.50
E 16 36 0.018785 0.000145 382.20 10.26
E 16 42 0.019249 0.002128 293.54 5.33
E 16 50 0.019382 0.002547 298.83 1.30
E 16 54 0.019754 0.004427 311.07 4.79
E 16 55 0.003490 0.000000 320.00 0.24
E 16 60 0.018936 0.003288 319.04 0.45
E 17 23 0.018050 0.006127 264.26 346.46
E 17 28 0.022450 0.001865 360.89 56.50
E 17 31 0.021798 0.005819 336.64 124.46
E 17 37 0.019186 0.003152 315.58 315.97
E 17 43 0.021421 0.003006 333.53 6.86
E 17 45 0.022171 0.005699 385.93 1.91
E 17 49 0.021049 0.003602 346.14 262.88
E 17 56 0.021683 0.004110 349.38 0.64
E 17 57 0.021585 0.003482 313.17 0.18
E 17 58 0.021312 0.001590 350.12 0.70
E 17 59 0.017312 0.001483 283.36 356.16
E 18 20 0.022066 0.004035 315.77 2.47
E 18 25 0.021969 0.003025 330.86 1.93
E 18 32 0.020732 0.002887 348.18 1.30
E 18 38 0.022607 0.005470 416.84 5.41
E 18 41 0.019891 0.002700 288.41 5.94
E 18 42 0.020209 0.002913 353.33 1.33
E 18 47 0.011860 0.000770 172.50 0.10
E 18 50 0.019938 0.003109 309.99 0.51
E 18 53 0.020199 0.003146 344.87 1.56
E 18 54 0.021373 0.003465 345.45 0.35
E 18 60 0.017079 0.004192 1612.00 4.07
E 19 21 0.014064 0.002141 235.93 66.00
E 19 22 0.010853 0.002880 1008.00 22.49
E 19 23 0.018834 0.005554 330.33 48.93
E 19 27 0.016476 0.004383 268.80 1.35
E 19 28 0.018155 0.005427 257.35 5.64
E 19 33 0.016907 0.003906 275.52 20.13
E 19 34 0.018042 0.005060 278.23 0.01
E 19 36 0.016886 0.001425 274.02 8.98
E 19 39 0.015521 0.003510 238.69 4.38
E 19 46 0.015598 0.003353 265.28 1.16
E 19 48 0.016528 0.005147 233.43 0.70
E 19 51 0.015863 0.002247 257.90 2.79
E 19 52 0.017085 0.002740 275.67 1.32
E 19 55 0.015345 0.003252 246.14 5.83
E 20 41 0.021266 0.004573 348.33 3.36
E 20 50 0.021285 0.004664 335.05 1.75
E 20 54 0.021227 0.005215 346.54 139.79
E 20 60 0.021366 0.003763 323.08 1.95
E 21 27 0.013432 0.002270 241.74 7.59
E 21 48 0.014102 0.001317 268.14 36.84
E 21 55 0.018984 0.005314 280.59 7.94
E 22 23 0.018719 0.005908 296.48 15.47
E 22 28 0.019797 0.003784 315.20 1.45
E 22 34 0.017593 0.004337 284.01 7.59
E 22 37 0.019219 0.004053 288.43 19.51
E 22 39 0.017526 0.004735 290.73 4.76
E 22 40 0.017168 0.004259 279.77 3.93
E 22 46 0.006851 0.002144 624.00 2.65
E 22 51 0.016683 0.003920 268.00 3.55
E 22 52 0.016830 0.003852 258.77 99.39
E 23 28 0.021231 0.004853 321.40 38.97
E 23 34 0.018125 0.005173 292.27 65.55
E 23 36 0.018127 0.005299 290.61 0.00
E 23 40 0.018145 0.004666 275.05 5.41
E 23 49 0.018050 0.006127 327.18 0.55
E 23 51 0.018470 0.005815 268.57 69.76
E 23 52 0.019041 0.006036 320.22 5.83
E 23 57 0.022419 0.005096 351.66 2.36
E 23 60 0.019263 0.003653 314.34 2.75
E 24 44 0.012891 0.001311 188.56 0.92
E 25 28 0.018195 0.001755 300.94 3.08
E 25 43 0.017388 0.001613 277.46 22.77
E 25 45 0.018908 0.003698 309.03 0.27
E 25 50 0.021772 0.003561 432.01 3.77
E 25 54 0.020323 0.003907 324.95 132.30
E 25 56 0.020663 0.004518 322.77 1.40
E 25 57 0.021926 0.004575 326.68 2.41
E 25 58 0.016560 0.000689 264.75 2.56
E 25 60 0.019828 0.003403 319.75 1.83
E 26 44 0.012882 0.001235 189.87 0.92
E 27 33 0.018357 0.004943 292.56 5.34
E 27 35 0.016423 0.002678 278.46 15.81
E 27 36 0.017137 0.003256 319.21 3.59
E 27 48 0.011531 0.000894 165.40 2.25
E 27 55 0.018595 0.005258 266.16 7.25
E 28 31 0.024429 0.004862 395.06 6.28
E 28 34 0.019726 0.003707 351.87 9.07
E 28 37 0.021786 0.004846 350.05 17.41
E 28 39 0.019583 0.004411 338.38 0.18
E 28 40 0.020191 0.005088 547.57 2.72
E 28 43 0.018400 0.001837 313.99 190.44
E 28 45 0.018102 0.002374 316.33 17.15
E 28 46 0.006210 0.000192 544.00 0.28
E 28 49 0.001969 0.000000 188.00 16.78
E 28 51 0.019961 0.003929 329.68 8.26
E 28 52 0.019530 0.003460 313.42 34.02
E 28 56 0.020721 0.004778 346.50 17.88
E 28 58 0.018177 0.001722 281.76 24.77
E 28 60 0.021732 0.003546 329.17 1.10
E 29 44 0.012896 0.001272 194.85 0.92
E 30 44 0.012882 0.001235 207.15 0.92
E 31 37 0.021569 0.004828 348.44 44.25
E 31 43 0.024411 0.004333 372.82 8.98
E 31 45 0.023860 0.005309 368.40 8.49
E 31 49 0.021838 0.006087 350.60 229.66
E 31 56 0.023783 0.005373 365.84 21.30
E 31 57 0.022306 0.005535 366.03 410.16
E 31 58 0.024751 0.004674 368.28 3.84
E 31 59 0.020307 0.006585 346.04 202.43
E 32 41 0.020697 0.002035 344.04 3.27
E 32 50 0.019895 0.002632 320.80 1.32
E 32 54 0.020321 0.004451 319.37 57.47
E 32 60 0.019789 0.004189 336.44 2.28
E 33 36 0.016948 0.001289 256.29 0.00
E 33 40 0.017308 0.003222 224.66 6.53
E 33 46 0.016933 0.003962 293.42 3.39
E 33 55 0.016488 0.003573 271.73 6.71
E 34 36 0.017666 0.004617 287.82 117.40
E 34 37 0.019480 0.004006 306.85 176.15
E 34 39 0.017895 0.004087 269.80 20.83
E 34 40 0.017493 0.004268 281.24 0.44
E 34 46 0.025278 0.001442 745.70 2.27
E 34 51 0.017569 0.004473 277.87 6.97
E 34 52 0.017531 0.004182 269.08 7.48
E 35 36 0.021885 0.007461 328.55 0.00
E 35 41 0.017225 0.002774 283.91 3.74
E 35 48 0.017204 0.003120 235.49 46.42
E 35 55 0.016913 0.002477 270.12 11.37
E 36 37 0.019467 0.004229 301.60 0.00
E 36 40 0.014884 0.001318 219.25 2.42
E 36 46 0.016872 0.004071 312.17 2.30
E 36 51 0.015829 0.002175 244.39 210.61
E 36 55 0.018595 0.005258 303.70 71.15
E 37 40 0.019519 0.003549 278.74 5.45
E 37 43 0.022000 0.002487 493.25 3.42
E 37 49 0.020910 0.004017 341.58 0.07
E 37 51 0.019474 0.003673 296.84 85.11
E 37 52 0.019487 0.003465 299.29 29.50
E 37 57 0.022627 0.005056 355.28 1.54
E 38 41 0.017626 0.004570 299.59 3.94
E 38 50 0.020529 0.003435 313.34 1.98
E 39 40 0.016225 0.002661 262.48 28.73
E 39 46 0.015000 0.003640 243.41 0.18
E 39 51 0.017686 0.004452 279.45 69.61
E 39 52 0.016456 0.003731 290.30 77.65
E 40 51 0.015391 0.001726 265.61 1.93
E 40 52 0.014963 0.001564 231.72 1.23
E 40 60 0.015558 0.003584 1480.00 2.74
E 41 42 0.019092 0.000824 308.87 3.25
E 41 47 0.016372 0.002268 246.25 7.40
E 41 50 0.020322 0.002544 374.71 3.75
E 41 53 0.016713 0.000593 355.65 3.31
E 41 54 0.021275 0.002171 421.40 1.72
E 42 50 0.019387 0.002332 315.23 1.27
E 42 54 0.019962 0.004451 300.01 117.71
E 42 60 0.018172 0.003731 284.63 2.33
E 43 45 0.020213 0.005068 311.60 0.99
E 43 49 0.023921 0.005879 404.38 0.86
E 43 56 0.021419 0.005146 347.39 1.20
E 43 57 0.021910 0.003817 335.97 7.68
E 43 58 0.018575 0.002225 280.44 1.56
E 45 56 0.021036 0.004576 324.26 0.83
E 45 57 0.021886 0.005309 355.17 2.25
E 45 58 0.020258 0.005107 346.88 3.21
E 46 51 0.017136 0.004884 260.07 3.89
E 46 52 0.017137 0.005427 338.16 1.33
E 47 50 0.020528 0.001487 349.99 0.26
E 48 55 0.018832 0.002712 429.24 2.75
E 49 56 0.021564 0.004123 336.27 0.85
E 49 57 0.022097 0.004795 368.26 2.01
E 49 59 0.021733 0.004550 332.26 0.03
E 50 53 0.019390 0.002332 288.96 1.47
E 50 54 0.019790 0.004224 310.26 1.05
E 50 60 0.020324 0.003089 298.15 1.10
E 51 52 0.015349 0.002282 249.71 0.03
E 53 54 0.019945 0.004460 306.71 46.47
E 54 60 0.020158 0.004697 332.13 0.38
E 56 57 0.021885 0.005635 391.75 0.05
E 56 58 0.021610 0.005395 335.43 0.15
E 57 58 0.021859 0.003682 338.02 0.10
END

SECTION Terminals
Root 27
Terminals 34
T 58
T 35
T 54
T 11
T 52
T 56
T 23
T 20
T 3
T 17
T 6
T 12
T 42
T 5
T 1
T 44
T 46
T 22
T 47
T 37
T 55
T 18
T 7
T 60
T 38
T 13
T 30
T 15
T 14
T 2
T 31
T 49
T 41
T 59
END

EOF