SECTION Comment
CREATOR "Carlos Araujo"
REMARK "Instance for QoS Multicast Routing Problem"
QoS METRICS "delay, jitter, bandwidth and estimate of link duration"
END

SECTION Graph
Nodes 40
Edges 415

E 1 3 0.026654 0.003029 371.39 22.69
E 1 4 0.027831 0.003166 407.23 0.98
E 1 6 0.034938 0.007211 466.00 2.91
E 1 7 0.025318 0.004485 386.46 0.01
E 1 8 0.007826 0.000192 804.00 2.38
E 1 9 0.028363 0.002714 433.83 0.40
E 1 11 0.029278 0.003892 430.18 0.18
E 1 12 0.002865 0.000000 300.00 8.30
E 1 13 0.029516 0.002586 416.20 0.04
E 1 17 0.033282 0.002555 455.96 1.37
E 1 18 0.002865 0.000000 300.00 2.73
E 1 19 0.024919 0.003512 366.09 0.76
E 1 20 0.025284 0.004094 375.31 0.28
E 1 21 0.025284 0.002853 380.37 0.93
E 1 22 0.030366 0.000000 364.71 1.44
E 1 23 0.032846 0.002661 475.74 1.34
E 1 25 0.025338 0.002910 378.75 1.78
E 1 26 0.030366 0.000170 530.95 0.05
E 1 33 0.032741 0.005088 690.69 2.74
E 1 34 0.025376 0.002989 401.61 0.58
E 1 36 0.025087 0.002754 392.03 1.69
E 1 40 0.031618 0.002637 509.43 31.61
E 2 5 0.025708 0.003148 357.46 9.19
E 2 6 0.034356 0.006041 462.94 1394.96
E 2 8 0.025549 0.002965 388.53 8.01
E 2 10 0.027027 0.003660 413.97 3.41
E 2 11 0.030076 0.002084 385.86 2.12
E 2 12 0.028550 0.003084 416.92 0.05
E 2 13 0.033081 0.000678 347.15 0.01
E 2 14 0.022988 0.002451 381.20 42.14
E 2 15 0.024177 0.002459 378.08 65.99
E 2 16 0.020246 0.001611 300.49 0.96
E 2 17 0.027636 0.002996 394.19 108.33
E 2 23 0.031547 0.003575 425.95 1.26
E 2 27 0.024269 0.002088 374.35 0.05
E 2 29 0.032568 0.003410 466.65 0.53
E 2 30 0.023300 0.003392 349.83 0.25
E 2 31 0.023666 0.003180 378.13 0.11
E 2 32 0.028317 0.003748 408.80 1.10
E 2 37 0.030184 0.006526 484.54 621.84
E 2 40 0.029210 0.003095 427.84 49.16
E 3 7 0.024634 0.001895 357.66 296.75
E 3 8 0.007826 0.000192 804.00 29.87
E 3 11 0.027991 0.004850 406.45 0.07
E 3 12 0.002161 0.000000 212.00 2.50
E 3 13 0.002161 0.000000 212.00 16.63
E 3 17 0.033116 0.001620 468.44 131.38
E 3 19 0.023750 0.003697 405.98 75.31
E 3 20 0.025999 0.006558 462.16 19.70
E 3 21 0.020946 0.001377 324.23 23.22
E 3 22 0.002833 0.000000 296.00 24.97
E 3 25 0.026351 0.004268 391.91 0.00
E 3 26 0.005378 0.000032 556.00 73.95
E 3 33 0.006178 0.000960 656.00 0.25
E 3 34 0.023468 0.001672 407.29 53.77
E 3 36 0.025560 0.006389 379.62 33.35
E 3 40 0.002161 0.000000 212.00 24.30
E 4 5 0.028778 0.003077 416.51 0.62
E 4 6 0.034055 0.004813 480.72 1.51
E 4 8 0.029170 0.003303 421.49 0.19
E 4 9 0.028014 0.001447 425.43 6.53
E 4 10 0.027904 0.001456 420.09 0.03
E 4 11 0.028010 0.002242 442.51 2.18
E 4 12 0.033589 0.000721 465.91 3.87
E 4 13 0.029961 0.002272 457.15 0.34
E 4 17 0.030609 0.002640 446.67 1.26
E 4 18 0.027964 0.001629 430.55 1.62
E 4 22 0.027974 0.001148 413.20 0.40
E 4 23 0.031932 0.003754 445.59 0.00
E 4 24 0.027923 0.001038 428.92 0.67
E 4 26 0.028421 0.001876 443.06 11.20
E 4 29 0.031870 0.003053 438.53 1.73
E 4 30 0.028034 0.000700 389.85 94.68
E 4 33 0.027958 0.001826 419.44 1.97
E 4 34 0.027201 0.004494 425.71 1.00
E 4 35 0.027943 0.001059 413.89 77.48
E 4 36 0.028018 0.002096 424.31 0.00
E 4 38 0.028246 0.005337 388.49 0.00
E 4 39 0.027939 0.001110 419.44 0.00
E 4 40 0.030329 0.001149 415.38 5.82
E 5 6 0.033785 0.004764 463.77 0.71
E 5 8 0.027719 0.002744 414.84 0.66
E 5 9 0.028805 0.001289 360.83 98.11
E 5 10 0.028301 0.002714 427.37 0.41
E 5 12 0.028569 0.002891 421.13 7.82
E 5 13 0.033840 0.004112 474.59 2.22
E 5 14 0.026438 0.002800 405.18 2.65
E 5 17 0.030392 0.002692 464.14 0.30
E 5 18 0.029138 0.003236 427.56 1.29
E 5 22 0.029138 0.003235 431.62 0.42
E 5 23 0.031993 0.003575 483.58 0.45
E 5 24 0.001969 0.000000 188.00 0.48
E 5 26 0.029375 0.002801 425.45 1.81
E 5 29 0.032627 0.002883 430.63 42.65
E 5 30 0.026492 0.002805 399.67 17.52
E 5 31 0.026337 0.002866 425.26 6.26
E 5 32 0.027690 0.003906 420.44 1.34
E 5 33 0.028598 0.002983 401.19 1.11
E 5 37 0.029559 0.005954 435.30 1.46
E 5 40 0.031280 0.002846 434.83 0.37
E 6 7 0.037490 0.006081 480.14 2.23
E 6 8 0.033914 0.004662 490.55 1.36
E 6 9 0.033195 0.004812 461.96 558.30
E 6 10 0.033913 0.004662 491.02 3.15
E 6 11 0.035061 0.006723 490.69 32.67
E 6 12 0.034038 0.005072 448.26 163.57
E 6 13 0.033967 0.004701 480.93 2.52
E 6 14 0.032670 0.002262 450.99 3.49
E 6 15 0.002705 0.000000 280.00 0.77
E 6 17 0.034137 0.005037 459.45 0.08
E 6 18 0.032546 0.004313 447.61 0.06
E 6 19 0.034251 0.005797 463.24 0.45
E 6 20 0.034265 0.005545 468.80 1.34
E 6 21 0.035061 0.006206 435.20 34.06
E 6 22 0.032546 0.004313 439.91 0.54
E 6 23 0.034139 0.004857 466.72 2.95
E 6 25 0.035062 0.006206 482.91 4.26
E 6 26 0.034055 0.004813 473.74 2.79
E 6 29 0.034228 0.004970 482.16 2.56
E 6 30 0.030941 0.001137 415.15 211.04
E 6 31 0.030652 0.003765 435.43 43.27
E 6 32 0.034480 0.005588 456.16 3.61
E 6 33 0.033017 0.003885 449.35 0.10
E 6 34 0.035061 0.006206 448.92 0.23
E 6 36 0.032742 0.005476 478.44 1.83
E 6 37 0.034039 0.005682 458.25 1.75
E 6 40 0.034139 0.004857 488.27 9.92
E 7 9 0.028924 0.004046 444.69 4.21
E 7 11 0.029279 0.004666 396.52 22.73
E 7 12 0.004514 0.000000 448.00 0.39
E 7 13 0.031180 0.003634 413.62 0.00
E 7 17 0.033282 0.003010 437.47 2.28
E 7 19 0.023757 0.004951 393.00 2.21
E 7 20 0.023588 0.004706 353.36 15.40
E 7 21 0.023803 0.004936 384.43 0.36
E 7 22 0.002833 0.000000 296.00 6.19
E 7 25 0.023606 0.004810 378.62 1.32
E 7 26 0.005378 0.000032 556.00 242.76
E 7 33 0.006178 0.000960 656.00 1.13
E 7 34 0.023946 0.004666 344.18 1.12
E 7 36 0.025136 0.003081 349.02 0.41
E 7 40 0.031724 0.000170 540.74 0.23
E 8 9 0.028670 0.000453 493.97 10.29
E 8 10 0.028362 0.003082 411.77 0.73
E 8 11 0.032289 0.003505 713.97 20.79
E 8 12 0.028112 0.003164 422.39 15.11
E 8 13 0.033840 0.004113 442.61 0.59
E 8 14 0.027398 0.002832 403.72 0.30
E 8 17 0.030535 0.002627 438.95 0.66
E 8 18 0.030675 0.004763 447.55 1.72
E 8 22 0.030675 0.004763 476.33 2.07
E 8 23 0.031993 0.003575 465.32 0.36
E 8 24 0.027597 0.000452 451.18 0.81
E 8 26 0.028446 0.002780 415.20 1.66
E 8 29 0.032627 0.002883 442.72 67.37
E 8 30 0.027311 0.002926 407.76 5.92
E 8 31 0.027229 0.002866 402.52 3.30
E 8 32 0.027691 0.003906 439.30 0.62
E 8 33 0.028905 0.003587 430.82 1.92
E 8 37 0.029559 0.005954 442.78 0.74
E 8 40 0.031280 0.002583 444.37 0.27
E 9 10 0.028378 0.001379 443.40 0.80
E 9 11 0.028994 0.002817 429.05 0.42
E 9 13 0.029683 0.002165 393.49 1.21
E 9 17 0.030033 0.001688 448.10 26.21
E 9 18 0.027742 0.001756 413.36 850.74
E 9 20 0.027419 0.005699 393.96 0.28
E 9 21 0.028344 0.000952 420.61 76.29
E 9 22 0.027742 0.001341 411.46 30.62
E 9 23 0.030491 0.003915 453.61 1.24
E 9 24 0.027493 0.001444 421.92 4.36
E 9 26 0.028351 0.002076 399.51 0.53
E 9 29 0.030751 0.003377 471.07 10.53
E 9 30 0.028670 0.000961 661.80 5.13
E 9 33 0.027744 0.001946 420.25 155.74
E 9 34 0.028318 0.002537 379.90 30.30
E 9 35 0.027493 0.001443 399.02 2.81
E 9 36 0.027754 0.002029 427.10 1.22
E 9 38 0.027555 0.006897 407.51 2.06
E 9 39 0.027517 0.001428 423.91 0.79
E 9 40 0.029281 0.001005 428.30 6.72
E 10 11 0.028599 0.002660 425.89 0.07
E 10 12 0.028271 0.002357 465.61 1.11
E 10 13 0.030567 0.002587 451.27 2.06
E 10 14 0.028278 0.001534 461.92 16.12
E 10 15 0.033646 0.003505 407.17 0.12
E 10 17 0.030264 0.002400 438.60 1.85
E 10 18 0.027904 0.001534 432.83 3.36
E 10 22 0.027904 0.001456 416.54 5.18
E 10 23 0.031816 0.003353 452.04 0.05
E 10 26 0.028443 0.002126 459.88 0.10
E 10 27 0.028670 0.000226 619.68 1.21
E 10 29 0.032684 0.002957 469.30 2.23
E 10 30 0.028322 0.001556 437.11 0.27
E 10 31 0.028367 0.003196 418.12 0.32
E 10 32 0.028307 0.004187 464.99 0.06
E 10 33 0.027905 0.001666 416.45 2.57
E 10 37 0.029630 0.006115 457.51 3.21
E 10 40 0.031328 0.002374 459.26 0.40
E 11 12 0.028731 0.003671 390.05 0.47
E 11 13 0.029548 0.003687 460.62 0.37
E 11 16 0.030706 0.009158 386.32 766.15
E 11 17 0.029749 0.004021 452.72 13.59
E 11 19 0.029149 0.003731 436.53 7.95
E 11 20 0.029236 0.003816 423.01 0.77
E 11 21 0.029235 0.003816 447.29 0.06
E 11 23 0.032037 0.004020 495.99 0.05
E 11 25 0.029147 0.003731 423.74 108.89
E 11 26 0.028599 0.002803 407.99 0.11
E 11 29 0.032609 0.004020 452.89 0.76
E 11 32 0.028873 0.004167 452.65 0.07
E 11 34 0.029165 0.003650 436.86 2.79
E 11 37 0.029203 0.006360 407.40 43.96
E 11 40 0.030099 0.004020 432.22 0.83
E 12 13 0.034884 0.003505 459.97 36.42
E 12 14 0.028545 0.003044 419.82 30.84
E 12 15 0.028713 0.003458 396.18 292.03
E 12 16 0.029463 0.001809 348.10 1.27
E 12 17 0.030387 0.002721 451.01 26.95
E 12 18 0.033589 0.001357 475.33 180.47
E 12 19 0.033589 0.000194 398.23 49.15
E 12 20 0.018437 0.003456 1956.00 1.80
E 12 22 0.033589 0.002826 506.01 8.37
E 12 23 0.031994 0.003456 443.35 1.03
E 12 25 0.031724 0.006735 460.57 42.66
E 12 26 0.033588 0.000904 483.40 2.32
E 12 27 0.028714 0.003375 411.48 9.09
E 12 29 0.032718 0.003247 489.36 32.32
E 12 30 0.033587 0.000968 446.86 0.37
E 12 31 0.028284 0.003434 439.93 0.31
E 12 32 0.028588 0.003997 449.61 0.84
E 12 33 0.033589 0.007236 552.49 50.12
E 12 34 0.033590 0.000170 536.63 0.00
E 12 37 0.030114 0.006603 438.58 82.51
E 12 40 0.031340 0.002996 441.64 136.24
E 13 14 0.034886 0.003505 478.28 0.07
E 13 15 0.034211 0.001470 523.81 0.36
E 13 16 0.002193 0.000000 216.00 1.94
E 13 17 0.030423 0.002618 436.31 1.70
E 13 18 0.029962 0.002237 462.51 2.75
E 13 19 0.034000 0.003697 505.49 0.90
E 13 20 0.028936 0.004081 413.71 0.12
E 13 21 0.028302 0.001180 404.49 8.13
E 13 22 0.029962 0.002237 414.07 1.25
E 13 23 0.031998 0.003525 467.10 6.62
E 13 25 0.029550 0.001473 451.24 2.84
E 13 26 0.029960 0.002237 439.43 0.24
E 13 27 0.032911 0.000763 501.44 134.04
E 13 29 0.032667 0.002874 474.62 2.79
E 13 30 0.033999 0.001793 464.31 3.59
E 13 31 0.033843 0.005653 502.37 131.89
E 13 32 0.035114 0.003943 465.35 7.13
E 13 33 0.029962 0.002237 438.42 2.82
E 13 34 0.029549 0.001574 428.19 1.11
E 13 36 0.028812 0.001926 429.17 60.83
E 13 37 0.033954 0.005258 495.48 2.89
E 13 39 0.012451 0.002336 1324.00 22.03
E 13 40 0.031620 0.003144 469.90 16.82
E 14 15 0.025224 0.002609 349.15 110.95
E 14 16 0.026749 0.002601 398.44 0.35
E 14 17 0.029804 0.002956 445.30 4.00
E 14 23 0.033403 0.003138 464.66 176.59
E 14 26 0.028501 0.002120 425.48 1.23
E 14 27 0.026082 0.002798 471.66 38.91
E 14 29 0.035013 0.002089 455.41 1.25
E 14 30 0.019408 0.000868 304.01 8.68
E 14 31 0.019795 0.004112 328.45 215.87
E 14 32 0.029874 0.003637 438.37 12.34
E 14 37 0.029686 0.005966 462.01 2.92
E 14 40 0.033192 0.002781 480.77 23.73
E 15 16 0.019935 0.003731 352.52 536.99
E 15 23 0.034482 0.003980 517.66 0.25
E 15 27 0.020192 0.003705 322.70 73.91
E 15 29 0.035259 0.003174 474.21 34.36
E 15 31 0.024203 0.005653 419.21 5.92
E 15 32 0.028527 0.004165 427.63 0.50
E 15 37 0.029952 0.006238 436.96 0.64
E 15 40 0.032854 0.000678 501.89 0.63
E 16 19 0.023017 0.003109 363.33 1.71
E 16 20 0.030657 0.007511 471.28 4.94
E 16 21 0.023158 0.001696 380.97 115.70
E 16 23 0.035568 0.002601 608.75 0.01
E 16 25 0.024979 0.003153 374.34 2.37
E 16 27 0.018197 0.001660 294.00 6.63
E 16 29 0.036472 0.002171 649.68 0.24
E 16 32 0.030762 0.004183 533.48 64.63
E 16 34 0.023809 0.001696 371.67 12.37
E 16 37 0.030164 0.005563 461.61 2.14
E 16 40 0.002193 0.000000 216.00 4.77
E 17 18 0.030609 0.002640 428.87 0.12
E 17 19 0.033207 0.002450 501.01 0.63
E 17 20 0.033193 0.007511 641.32 0.71
E 17 21 0.030876 0.000848 397.54 14.09
E 17 22 0.030609 0.002640 430.96 0.53
E 17 23 0.031858 0.003405 469.30 1.29
E 17 24 0.033112 0.001628 495.68 1.19
E 17 25 0.034005 0.003804 497.39 0.18
E 17 26 0.030609 0.002640 422.38 0.78
E 17 29 0.032020 0.002921 423.47 69.30
E 17 30 0.030456 0.002812 415.56 19.85
E 17 31 0.027734 0.002431 412.54 26.09
E 17 32 0.029802 0.004125 420.29 4.80
E 17 33 0.030609 0.002640 414.49 0.12
E 17 34 0.032932 0.002523 469.23 0.69
E 17 35 0.033118 0.001621 522.29 1.12
E 17 36 0.033281 0.003452 613.42 0.88
E 17 37 0.029761 0.005523 437.66 0.55
E 17 39 0.033114 0.004749 461.51 0.77
E 17 40 0.030345 0.002457 450.90 0.41
E 18 22 0.026921 0.001846 413.42 0.33
E 18 23 0.031965 0.003775 473.59 1.65
E 18 24 0.026606 0.001377 377.36 0.41
E 18 26 0.028387 0.001862 418.40 1.55
E 18 29 0.031871 0.003053 403.94 3.78
E 18 30 0.026677 0.001541 400.75 291.19
E 18 33 0.026840 0.001666 416.16 0.26
E 18 35 0.026585 0.001427 403.75 1.17
E 18 36 0.026568 0.002055 397.30 1.47
E 18 38 0.026584 0.003245 392.11 1.10
E 18 39 0.026592 0.001405 409.31 1.66
E 18 40 0.030163 0.001534 455.49 17.68
E 19 20 0.022514 0.003438 378.67 0.59
E 19 21 0.021899 0.003634 349.48 10.96
E 19 23 0.034679 0.004119 453.81 2.48
E 19 25 0.022208 0.004044 350.40 0.10
E 19 29 0.036887 0.003697 479.36 25.59
E 19 34 0.023299 0.004268 378.07 0.41
E 19 40 0.033555 0.003697 419.80 1.16
E 20 21 0.022579 0.003575 345.77 1.19
E 20 23 0.036246 0.007511 502.83 1.75
E 20 25 0.022551 0.003451 350.54 1.27
E 20 29 0.041391 0.006106 726.54 0.87
E 20 34 0.023276 0.003505 362.42 0.83
E 20 40 0.031723 0.007511 508.06 0.70
E 21 23 0.030807 0.003776 463.71 0.04
E 21 25 0.022089 0.001136 329.26 20.69
E 21 29 0.031071 0.003216 435.63 0.57
E 21 34 0.023278 0.001196 349.25 1.74
E 21 40 0.029440 0.001070 432.54 0.66
E 22 23 0.031965 0.003775 465.18 3.13
E 22 24 0.026274 0.000936 382.17 0.09
E 22 26 0.028387 0.001862 410.81 1.22
E 22 29 0.031406 0.003030 463.75 4.16
E 22 30 0.026163 0.000900 370.72 59.04
E 22 33 0.027014 0.001807 392.24 0.27
E 22 35 0.026224 0.000862 400.83 2.92
E 22 36 0.026094 0.002055 389.17 7.22
E 22 38 0.026144 0.003245 405.95 2.81
E 22 39 0.026223 0.000990 430.65 3.55
E 22 40 0.030163 0.001061 432.55 2.18
E 23 25 0.031928 0.003739 489.57 3.15
E 23 26 0.031964 0.003775 470.69 0.38
E 23 27 0.034233 0.003460 452.69 0.57
E 23 29 0.032682 0.003789 474.19 0.81
E 23 30 0.034458 0.003844 491.95 0.21
E 23 31 0.033730 0.005653 437.90 0.14
E 23 32 0.031951 0.004337 479.51 0.09
E 23 33 0.031965 0.003775 461.30 2.18
E 23 34 0.032039 0.003947 443.85 0.38
E 23 37 0.031979 0.005682 435.62 2.56
E 23 40 0.032394 0.003803 461.28 0.05
E 24 26 0.028428 0.002076 401.28 8.90
E 24 30 0.027653 0.001018 476.04 3.01
E 24 33 0.027080 0.002055 416.38 0.78
E 24 35 0.018387 0.000349 305.96 3.52
E 24 36 0.022372 0.002029 355.32 12.57
E 24 38 0.019131 0.003632 301.92 6.54
E 24 39 0.019697 0.002240 309.20 27.98
E 25 29 0.032679 0.003289 431.01 2.54
E 25 34 0.023275 0.001286 355.32 0.35
E 25 40 0.030109 0.001336 428.36 3.88
E 26 29 0.032231 0.002977 488.23 7.87
E 26 30 0.028447 0.002126 411.16 0.84
E 26 31 0.028500 0.006580 490.01 1.68
E 26 33 0.028422 0.001876 421.57 2.37
E 26 35 0.028428 0.002076 421.30 8.22
E 26 36 0.028383 0.002276 407.15 0.71
E 26 37 0.008018 0.000096 828.00 4.85
E 26 38 0.028421 0.002205 448.15 0.00
E 26 39 0.028401 0.002027 416.91 202.29
E 26 40 0.030488 0.002179 435.15 4.09
E 27 29 0.036538 0.003426 442.49 0.31
E 27 31 0.024939 0.006581 388.10 0.06
E 27 32 0.028484 0.004481 418.88 0.52
E 27 37 0.029207 0.005437 419.91 106.81
E 27 40 0.031724 0.000763 414.92 13.66
E 29 30 0.036887 0.002148 481.06 0.36
E 29 31 0.036076 0.004537 547.57 0.79
E 29 32 0.032702 0.004158 460.76 0.56
E 29 33 0.031871 0.003053 416.76 1.46
E 29 34 0.032611 0.003192 453.96 424.29
E 29 37 0.032702 0.005410 432.26 1.76
E 29 40 0.032682 0.002957 468.60 113.74
E 30 31 0.019836 0.004045 323.94 0.04
E 30 33 0.026800 0.001595 393.52 83.10
E 30 37 0.030960 0.006869 394.01 81.35
E 30 40 0.036858 0.006978 489.05 3.70
E 31 32 0.032288 0.004183 432.55 0.24
E 31 37 0.029633 0.006115 424.86 33.08
E 31 40 0.036980 0.005653 638.82 3.26
E 32 37 0.030178 0.006516 451.98 7.08
E 32 40 0.030574 0.004337 450.61 0.29
E 33 35 0.026787 0.001544 387.45 0.72
E 33 36 0.026376 0.002055 425.28 1.05
E 33 38 0.026534 0.003357 404.40 0.86
E 33 39 0.026790 0.001513 405.92 1.29
E 33 40 0.030320 0.001399 433.35 2.44
E 34 40 0.030103 0.001616 412.07 0.04
E 35 36 0.022361 0.001958 336.72 0.07
E 35 38 0.019242 0.003666 313.99 0.05
E 35 39 0.020356 0.003332 311.19 0.21
E 36 38 0.022373 0.003614 354.63 2.20
E 36 39 0.022369 0.001993 362.10 38.53
E 37 40 0.030751 0.005682 433.87 11.08
E 38 39 0.020356 0.003846 344.07 321.45
END

SECTION Terminals
Root 8
Terminals 23
T 29
T 11
T 6
T 1
T 34
T 36
T 10
T 30
T 19
T 35
T 31
T 25
T 15
T 26
T 13
T 16
T 38
T 39
T 4
T 12
T 32
T 14
T 7
END

EOF