SECTION Comment
CREATOR "Carlos Araujo"
REMARK "Instance for QoS Multicast Routing Problem"
QoS METRICS "delay, jitter, bandwidth and estimate of link duration"
END

SECTION Graph
Nodes 80
Edges 1796

E 1 3 0.030800 0.002634 462.66 7.76
E 1 4 0.029216 0.002699 426.06 3.48
E 1 5 0.034898 0.004606 479.62 13.50
E 1 6 0.034626 0.006461 499.94 0.82
E 1 7 0.028094 0.004877 417.15 9.45
E 1 8 0.034562 0.004188 454.70 1.66
E 1 9 0.028426 0.002284 433.80 1.07
E 1 11 0.028405 0.003398 438.36 7.96
E 1 12 0.034096 0.003269 499.51 2.68
E 1 13 0.029899 0.002076 457.54 17.85
E 1 16 0.032541 0.004918 483.35 0.73
E 1 17 0.033331 0.002819 443.71 115.32
E 1 18 0.032001 0.001799 502.00 2.65
E 1 19 0.027363 0.002938 413.80 0.81
E 1 20 0.027604 0.004363 414.04 2.96
E 1 21 0.027604 0.002196 399.78 2.29
E 1 22 0.032001 0.003925 455.00 0.77
E 1 23 0.032846 0.002661 468.99 0.85
E 1 24 0.032077 0.004333 501.84 0.25
E 1 25 0.027680 0.002222 404.70 0.02
E 1 26 0.034419 0.002294 479.59 0.03
E 1 30 0.034638 0.003256 496.52 3.00
E 1 31 0.032977 0.001620 459.28 4.08
E 1 33 0.033178 0.006624 496.57 5.95
E 1 34 0.027745 0.002261 404.81 8.40
E 1 35 0.032077 0.002012 465.09 0.69
E 1 36 0.027793 0.002159 423.37 15.47
E 1 38 0.032400 0.001890 429.58 0.04
E 1 39 0.032077 0.004282 428.83 0.18
E 1 40 0.034396 0.003256 478.87 0.41
E 1 41 0.031036 0.002020 446.86 1.33
E 1 42 0.028110 0.002494 399.48 2.27
E 1 43 0.031999 0.004489 508.88 0.56
E 1 46 0.027714 0.002549 401.20 4.06
E 1 47 0.027169 0.002089 406.86 0.39
E 1 49 0.027848 0.003654 430.89 4.02
E 1 51 0.032853 0.005636 432.54 2.35
E 1 52 0.028120 0.003633 428.56 3.39
E 1 53 0.032001 0.001799 472.41 0.52
E 1 54 0.032480 0.005993 420.76 0.38
E 1 55 0.026084 0.002495 376.43 0.32
E 1 56 0.032077 0.005736 444.27 1.45
E 1 59 0.032153 0.005028 458.92 1.39
E 1 61 0.030534 0.002227 446.99 3.67
E 1 63 0.035040 0.004871 485.22 0.80
E 1 66 0.032077 0.004029 477.76 59.04
E 1 67 0.031648 0.003868 443.36 17.92
E 1 68 0.032822 0.003933 434.08 26.72
E 1 71 0.031320 0.004646 451.93 5.37
E 1 72 0.027746 0.002261 407.80 26.78
E 1 73 0.025119 0.002921 396.99 4.83
E 1 74 0.032006 0.003000 442.01 79.06
E 1 77 0.037256 0.006337 499.99 100.93
E 1 79 0.032153 0.003268 502.89 218.19
E 2 6 0.034356 0.006041 499.76 781.16
E 2 8 0.025625 0.003053 390.64 186.06
E 2 10 0.026965 0.003491 400.63 8.87
E 2 11 0.030076 0.002084 429.49 2.12
E 2 12 0.028550 0.003084 452.63 11.59
E 2 13 0.035227 0.007335 480.95 0.97
E 2 14 0.024725 0.002726 397.95 3.39
E 2 15 0.023975 0.004083 385.64 9.23
E 2 16 0.021454 0.001650 354.98 55.88
E 2 23 0.032475 0.005088 479.02 25.48
E 2 27 0.023607 0.002492 379.48 0.02
E 2 29 0.032716 0.003858 449.81 5.26
E 2 30 0.023300 0.003392 387.86 8.47
E 2 31 0.023187 0.003022 386.06 1155.09
E 2 32 0.027145 0.004535 393.53 1128.59
E 2 37 0.030727 0.006016 428.60 8.47
E 2 40 0.032464 0.003256 486.81 5.21
E 2 41 0.034833 0.004127 536.02 55.53
E 2 44 0.026262 0.003404 395.46 4.96
E 2 48 0.023410 0.002864 392.03 3.33
E 2 50 0.023425 0.002571 357.89 0.00
E 2 52 0.027585 0.000678 617.38 2.90
E 2 57 0.024034 0.003493 380.05 0.29
E 2 58 0.023482 0.003783 349.57 0.86
E 2 60 0.023483 0.002678 366.94 0.84
E 2 62 0.023287 0.002797 356.33 374.13
E 2 63 0.032122 0.003721 433.26 0.81
E 2 64 0.024180 0.003225 383.42 1.19
E 2 65 0.027140 0.005115 384.07 68.52
E 2 68 0.030516 0.002808 436.48 1.42
E 2 69 0.024209 0.003358 345.21 1.30
E 2 70 0.026437 0.003512 391.47 7.82
E 2 71 0.030570 0.001809 431.70 0.18
E 3 4 0.030690 0.003460 440.02 0.08
E 3 5 0.034898 0.004606 480.82 28.21
E 3 6 0.034023 0.004943 469.79 0.08
E 3 7 0.029253 0.003758 411.80 6.96
E 3 8 0.034562 0.004188 491.33 5.79
E 3 9 0.030749 0.003938 448.43 1.92
E 3 11 0.027090 0.003100 400.76 20.84
E 3 12 0.034096 0.003269 492.52 1.96
E 3 13 0.038847 0.004070 526.33 2.73
E 3 16 0.031264 0.004918 492.75 0.19
E 3 17 0.033269 0.002713 481.82 0.42
E 3 18 0.030735 0.001405 493.40 35.66
E 3 19 0.026236 0.002585 390.51 1.29
E 3 20 0.025911 0.006209 397.38 8.36
E 3 21 0.025625 0.001160 392.44 29.87
E 3 22 0.031018 0.003925 547.42 13.54
E 3 24 0.030690 0.004188 434.83 6.93
E 3 25 0.026236 0.003053 412.23 3.83
E 3 26 0.034418 0.002294 478.49 2.11
E 3 30 0.034638 0.003256 493.02 0.19
E 3 31 0.031315 0.001620 478.50 0.47
E 3 33 0.033178 0.006624 461.10 12.79
E 3 34 0.026237 0.001260 374.62 2.08
E 3 35 0.030690 0.001915 448.78 11.49
E 3 36 0.029019 0.002954 432.32 1.90
E 3 38 0.031926 0.000577 379.28 3.88
E 3 39 0.030690 0.004282 422.86 9.97
E 3 40 0.039335 0.006030 489.89 1.07
E 3 41 0.035790 0.003513 528.90 0.31
E 3 42 0.026744 0.001827 421.71 0.34
E 3 43 0.030735 0.004692 485.60 0.29
E 3 46 0.028827 0.002459 416.93 2.42
E 3 47 0.019941 0.003103 317.81 0.14
E 3 49 0.028049 0.003126 444.78 2.48
E 3 51 0.033021 0.004315 430.85 0.51
E 3 52 0.030576 0.003971 444.06 3.58
E 3 53 0.030749 0.001131 456.02 3.25
E 3 54 0.032480 0.005993 477.26 1.63
E 3 55 0.022303 0.001210 340.24 0.50
E 3 56 0.030690 0.005735 428.45 0.32
E 3 59 0.032477 0.003505 459.51 0.53
E 3 61 0.031931 0.002417 478.06 2.95
E 3 63 0.040173 0.011278 501.06 1.65
E 3 66 0.034166 0.005000 462.23 1.40
E 3 67 0.033913 0.004338 491.58 4.61
E 3 68 0.036991 0.006367 504.42 1.23
E 3 71 0.031513 0.003344 449.39 4.37
E 3 72 0.026237 0.001260 391.89 1.21
E 3 73 0.022222 0.005393 381.01 18.32
E 3 74 0.034688 0.004995 490.72 6.17
E 3 77 0.039347 0.008059 496.19 5.11
E 3 79 0.032153 0.003268 471.12 2.31
E 4 5 0.031362 0.003752 469.57 2.71
E 4 6 0.034115 0.004558 467.61 0.21
E 4 7 0.034218 0.006857 492.25 0.68
E 4 8 0.032061 0.004211 459.67 9.08
E 4 9 0.028428 0.002830 415.02 2.12
E 4 11 0.028010 0.002242 405.77 218.08
E 4 12 0.034381 0.003759 525.09 0.39
E 4 13 0.029961 0.002272 484.73 2.24
E 4 17 0.031541 0.002704 463.13 0.24
E 4 18 0.028022 0.001664 446.35 0.62
E 4 22 0.027978 0.002035 413.27 69.83
E 4 23 0.031932 0.003754 455.63 149.92
E 4 24 0.027845 0.002363 406.14 146.46
E 4 26 0.029913 0.002014 418.33 0.92
E 4 29 0.031870 0.003053 440.62 0.16
E 4 30 0.027928 0.002341 426.69 49.77
E 4 31 0.030791 0.001060 490.47 0.77
E 4 33 0.029029 0.003692 441.33 0.65
E 4 34 0.027201 0.004494 370.86 0.00
E 4 35 0.027856 0.002101 415.65 260.44
E 4 36 0.028025 0.002153 413.94 0.86
E 4 38 0.028004 0.002808 415.87 4.86
E 4 39 0.027857 0.002889 410.16 5.82
E 4 40 0.030805 0.001501 493.51 3.76
E 4 42 0.028010 0.001736 397.58 0.06
E 4 43 0.029856 0.004685 441.19 0.54
E 4 46 0.027901 0.002908 410.31 1.20
E 4 49 0.027901 0.004617 432.54 1.18
E 4 51 0.032259 0.005427 465.57 0.99
E 4 52 0.027507 0.005342 417.00 4.42
E 4 53 0.027971 0.001851 408.87 5.11
E 4 54 0.028803 0.003417 435.60 10.10
E 4 56 0.027862 0.002928 410.38 0.39
E 4 59 0.031942 0.004599 456.88 0.64
E 4 61 0.029814 0.001963 445.45 0.95
E 4 63 0.032438 0.003546 452.58 0.21
E 4 66 0.032009 0.003713 470.31 0.78
E 4 67 0.032187 0.004237 438.47 1.94
E 4 68 0.031540 0.003356 488.75 0.91
E 4 71 0.029146 0.009023 405.57 3.91
E 4 74 0.031564 0.002568 460.68 0.43
E 4 75 0.028004 0.002286 415.17 0.55
E 4 77 0.034958 0.004327 503.02 1.81
E 4 79 0.029912 0.002867 429.38 0.15
E 5 6 0.033861 0.005058 483.97 34.40
E 5 7 0.035132 0.007179 482.76 55.48
E 5 8 0.030061 0.003654 449.55 164.89
E 5 9 0.033168 0.004514 449.01 9.78
E 5 10 0.028676 0.003298 433.41 2.30
E 5 11 0.037440 0.005282 536.74 0.40
E 5 12 0.030407 0.003545 463.63 20.29
E 5 13 0.034519 0.004797 504.97 1.49
E 5 14 0.028807 0.003264 455.04 2.90
E 5 16 0.036556 0.005173 429.82 56.99
E 5 17 0.031463 0.002752 456.23 2.10
E 5 18 0.031403 0.004150 462.27 52.34
E 5 19 0.037440 0.005282 462.91 0.00
E 5 20 0.037441 0.006445 492.01 0.08
E 5 21 0.037441 0.005282 501.62 15.55
E 5 22 0.031403 0.004150 481.93 131.38
E 5 23 0.032078 0.003565 433.33 0.00
E 5 24 0.034808 0.004635 501.44 9.52
E 5 25 0.037440 0.005282 446.27 16.72
E 5 26 0.032136 0.003516 476.63 8.53
E 5 27 0.034795 0.004130 469.82 0.10
E 5 29 0.033231 0.003431 497.18 2.43
E 5 30 0.028881 0.003437 447.80 3.74
E 5 31 0.028714 0.003253 441.49 29.70
E 5 33 0.030954 0.004691 447.85 81.56
E 5 34 0.037441 0.005282 512.76 0.00
E 5 35 0.035379 0.004183 471.36 0.00
E 5 36 0.035053 0.004130 522.45 0.01
E 5 37 0.030589 0.006505 446.81 11.00
E 5 38 0.037526 0.004674 506.11 79.05
E 5 39 0.037526 0.004674 449.41 20.34
E 5 40 0.032961 0.003303 493.20 4.85
E 5 41 0.033687 0.002281 444.49 3.23
E 5 42 0.037439 0.005282 565.29 2.54
E 5 43 0.030581 0.004019 439.67 54.03
E 5 44 0.028306 0.003584 413.81 4.04
E 5 46 0.036222 0.003844 485.30 88.27
E 5 47 0.037440 0.005282 676.63 17.75
E 5 49 0.035453 0.003916 489.63 87.49
E 5 51 0.033550 0.006025 476.71 4.13
E 5 52 0.035645 0.003755 481.62 1.53
E 5 53 0.031470 0.003842 417.86 40.08
E 5 54 0.031215 0.004607 447.75 8.16
E 5 55 0.037441 0.005282 541.88 21.63
E 5 56 0.032219 0.004344 414.25 193.78
E 5 57 0.028486 0.003295 408.00 0.23
E 5 59 0.032198 0.004008 463.37 233.39
E 5 61 0.030873 0.002989 446.31 76.22
E 5 63 0.034174 0.005335 449.33 0.99
E 5 64 0.027267 0.003287 402.11 2.71
E 5 65 0.028478 0.004521 429.29 0.00
E 5 66 0.033719 0.003405 473.75 0.32
E 5 67 0.033446 0.004876 484.48 0.25
E 5 68 0.032930 0.003714 495.22 0.43
E 5 69 0.027657 0.002930 390.83 0.56
E 5 70 0.028697 0.003265 429.02 3.63
E 5 71 0.037441 0.005282 516.96 356.39
E 5 72 0.037441 0.005282 598.28 19.96
E 5 74 0.033629 0.003841 456.42 0.00
E 6 7 0.035757 0.006445 494.32 2.30
E 6 8 0.033993 0.004892 478.15 1.40
E 6 9 0.033549 0.005060 451.66 0.66
E 6 10 0.033667 0.004456 480.98 0.83
E 6 11 0.035061 0.006723 479.43 25.19
E 6 12 0.034193 0.005958 478.84 0.52
E 6 13 0.033904 0.004671 456.75 7.35
E 6 14 0.033122 0.003381 456.95 0.34
E 6 15 0.031079 0.006207 419.59 4.89
E 6 17 0.034317 0.005310 472.01 0.89
E 6 18 0.033176 0.004771 460.28 0.89
E 6 19 0.034251 0.005797 460.06 0.12
E 6 20 0.034265 0.005545 473.30 0.15
E 6 21 0.035061 0.006206 502.42 2.77
E 6 22 0.033115 0.004668 448.48 2.62
E 6 23 0.033664 0.004493 488.56 1.00
E 6 24 0.030367 0.001187 428.34 3.87
E 6 25 0.034894 0.006893 510.55 4.42
E 6 26 0.034007 0.004864 468.31 0.62
E 6 27 0.033708 0.004506 464.18 116.46
E 6 29 0.034022 0.004936 481.82 0.36
E 6 30 0.032476 0.003339 487.60 0.14
E 6 31 0.033369 0.005207 464.99 0.10
E 6 32 0.034480 0.005588 535.15 0.03
E 6 33 0.033424 0.004444 467.20 3.23
E 6 34 0.035061 0.006206 509.02 0.67
E 6 35 0.002865 0.000000 300.00 0.80
E 6 36 0.034124 0.006173 433.21 0.36
E 6 37 0.033917 0.006301 475.90 3.76
E 6 38 0.030367 0.000000 634.12 0.89
E 6 39 0.030367 0.000000 467.40 0.95
E 6 40 0.033931 0.004610 483.28 0.24
E 6 41 0.033859 0.004912 468.77 0.06
E 6 42 0.035062 0.006206 480.26 0.45
E 6 43 0.033707 0.004782 490.32 0.09
E 6 44 0.033718 0.004656 453.20 0.19
E 6 46 0.034183 0.006156 468.72 0.03
E 6 48 0.005730 0.000000 600.00 0.43
E 6 49 0.035286 0.007108 466.78 0.03
E 6 50 0.005730 0.000000 600.00 1.93
E 6 51 0.033876 0.005760 476.10 0.23
E 6 52 0.034893 0.006114 463.15 4.29
E 6 53 0.033305 0.004696 436.41 0.51
E 6 54 0.034434 0.005803 470.20 0.61
E 6 55 0.034356 0.006041 464.60 0.01
E 6 56 0.033442 0.004523 505.42 0.04
E 6 57 0.032008 0.002777 465.95 36.95
E 6 59 0.034290 0.005408 451.69 0.01
E 6 61 0.034180 0.005227 476.50 0.06
E 6 63 0.034534 0.005578 467.26 1.34
E 6 64 0.033562 0.005783 443.92 0.97
E 6 65 0.033706 0.004732 467.12 0.81
E 6 66 0.034290 0.005408 487.43 1.27
E 6 67 0.034364 0.005101 480.53 12.71
E 6 68 0.033913 0.005037 492.50 2.91
E 6 69 0.031992 0.002690 443.65 2.94
E 6 70 0.033718 0.004656 478.94 10.87
E 6 71 0.035099 0.006492 482.39 0.38
E 6 72 0.035061 0.006206 482.07 1.08
E 6 73 0.038734 0.005993 628.13 2.62
E 6 74 0.034290 0.005408 484.45 1.79
E 6 77 0.036514 0.005807 489.78 2.22
E 6 79 0.034226 0.005614 473.18 0.46
E 7 8 0.035463 0.005634 492.44 1.08
E 7 9 0.030264 0.005704 441.07 2.22
E 7 11 0.028405 0.005312 442.55 2.31
E 7 12 0.034097 0.005992 492.20 6.83
E 7 13 0.031739 0.003659 459.56 1.90
E 7 16 0.035299 0.007216 499.51 0.13
E 7 17 0.033353 0.004287 457.22 0.09
E 7 18 0.034216 0.006856 450.46 0.87
E 7 19 0.026231 0.005446 390.39 0.06
E 7 20 0.026196 0.005277 369.04 0.04
E 7 21 0.026463 0.005475 417.99 68.84
E 7 22 0.034216 0.006856 536.25 10.18
E 7 24 0.034958 0.007149 461.65 12.63
E 7 25 0.026260 0.005367 364.64 16.32
E 7 26 0.034649 0.006862 452.23 11.42
E 7 30 0.034638 0.007180 521.06 3.93
E 7 31 0.035002 0.007048 436.97 0.79
E 7 33 0.034217 0.006856 524.00 16.07
E 7 34 0.026626 0.005282 396.72 0.16
E 7 35 0.034958 0.007149 553.26 4.53
E 7 36 0.028606 0.004597 424.18 0.07
E 7 38 0.036811 0.008286 493.59 5.38
E 7 39 0.034958 0.007149 494.64 12.49
E 7 40 0.038574 0.007191 556.71 0.47
E 7 41 0.032841 0.003539 438.21 1.18
E 7 42 0.026517 0.004873 397.69 5.13
E 7 43 0.034217 0.006856 454.40 0.72
E 7 46 0.028606 0.004597 422.81 1.73
E 7 47 0.025966 0.007677 369.69 0.28
E 7 49 0.028205 0.004509 433.77 1.71
E 7 51 0.032902 0.004654 469.67 0.26
E 7 52 0.028121 0.005274 430.64 3.09
E 7 53 0.034217 0.006856 495.61 0.60
E 7 54 0.033861 0.006862 475.98 3.17
E 7 55 0.025306 0.005752 394.22 0.64
E 7 56 0.034218 0.006857 464.03 0.18
E 7 59 0.032964 0.004715 435.89 2.04
E 7 61 0.031421 0.004595 468.88 1.60
E 7 63 0.040299 0.010273 538.72 3.13
E 7 66 0.033700 0.004391 456.33 0.76
E 7 67 0.033732 0.004670 439.98 1.31
E 7 68 0.034984 0.004523 486.15 0.50
E 7 71 0.031196 0.005282 421.72 0.21
E 7 72 0.026626 0.005282 411.11 0.67
E 7 73 0.023973 0.004424 351.43 0.08
E 7 74 0.033551 0.004197 440.01 2200.92
E 7 77 0.039669 0.008179 526.00 206.86
E 7 79 0.033861 0.006862 459.22 160.90
E 8 9 0.033911 0.003979 462.77 0.07
E 8 10 0.028263 0.003209 455.65 0.98
E 8 11 0.035294 0.004469 448.75 0.63
E 8 12 0.029985 0.003791 443.94 0.39
E 8 13 0.035371 0.005104 470.46 3.72
E 8 14 0.029259 0.003235 404.63 188.38
E 8 15 0.037151 0.006190 587.46 1.74
E 8 16 0.036019 0.004991 473.14 0.24
E 8 17 0.031506 0.003402 455.42 1.99
E 8 18 0.033008 0.004888 462.69 1.37
E 8 19 0.036019 0.004319 458.04 0.07
E 8 20 0.036019 0.004367 486.29 0.45
E 8 21 0.036230 0.004628 483.33 0.08
E 8 22 0.033008 0.004888 481.95 9.80
E 8 23 0.031993 0.003575 470.46 0.05
E 8 24 0.033715 0.004749 458.25 0.29
E 8 25 0.036019 0.004319 457.47 4.65
E 8 26 0.030564 0.003840 442.31 6.24
E 8 27 0.036498 0.004645 513.52 0.00
E 8 29 0.033231 0.003431 475.42 165.51
E 8 30 0.029972 0.003932 427.03 23.98
E 8 31 0.029609 0.003737 425.62 0.83
E 8 32 0.027691 0.003906 422.64 2.32
E 8 33 0.031509 0.004134 467.67 0.40
E 8 34 0.036230 0.004628 500.53 0.40
E 8 35 0.035754 0.004805 488.65 0.07
E 8 36 0.035753 0.004805 474.75 0.10
E 8 37 0.030661 0.006590 430.56 3.40
E 8 38 0.036262 0.005688 497.49 2.06
E 8 39 0.035672 0.004849 461.12 2.49
E 8 40 0.032965 0.003241 473.01 0.31
E 8 41 0.032824 0.003953 473.75 1.00
E 8 42 0.036560 0.004862 528.13 618.22
E 8 43 0.030381 0.004345 448.77 0.53
E 8 44 0.028139 0.003068 428.37 32.77
E 8 46 0.035754 0.004805 471.03 1.71
E 8 47 0.038449 0.004805 507.20 0.99
E 8 49 0.035754 0.004805 431.83 1.69
E 8 50 0.024005 0.001408 396.68 0.03
E 8 51 0.033323 0.005902 466.25 0.66
E 8 52 0.035876 0.004289 490.71 4.70
E 8 53 0.032998 0.005001 458.98 0.22
E 8 54 0.029807 0.003776 458.39 0.32
E 8 55 0.037683 0.004119 535.91 0.46
E 8 56 0.033007 0.004874 489.58 0.11
E 8 57 0.027229 0.002854 398.70 2.91
E 8 59 0.033231 0.004718 479.26 3.81
E 8 61 0.031859 0.004047 468.59 1.56
E 8 63 0.034254 0.004933 465.26 19.83
E 8 64 0.027213 0.003252 404.03 4.81
E 8 65 0.028107 0.004431 415.44 0.17
E 8 66 0.033231 0.004265 475.77 1.39
E 8 67 0.033101 0.004265 519.64 1.02
E 8 68 0.032959 0.003621 482.53 0.51
E 8 69 0.027229 0.002854 419.38 0.29
E 8 70 0.028365 0.002835 435.93 0.18
E 8 71 0.036020 0.004319 464.93 2.73
E 8 72 0.036230 0.004628 495.85 70.24
E 8 74 0.033552 0.004040 463.56 21.16
E 8 77 0.036732 0.005850 493.47 18.63
E 8 79 0.029920 0.003725 448.47 65.26
E 9 10 0.028076 0.001410 438.32 0.08
E 9 11 0.028978 0.002945 405.22 2.25
E 9 12 0.033895 0.003939 495.61 0.12
E 9 13 0.030061 0.002384 426.82 6.31
E 9 17 0.031286 0.002261 456.27 1.82
E 9 18 0.028482 0.002714 417.08 2.03
E 9 20 0.027419 0.005699 405.01 2.81
E 9 21 0.028344 0.000952 420.03 0.24
E 9 22 0.028494 0.002811 423.01 0.08
E 9 23 0.030491 0.003915 447.40 0.05
E 9 24 0.028169 0.002770 428.91 0.39
E 9 26 0.030489 0.002199 459.00 3.13
E 9 29 0.030751 0.003377 447.26 6.37
E 9 30 0.032727 0.003664 453.39 2.41
E 9 31 0.029686 0.004240 450.92 0.84
E 9 33 0.029200 0.003880 420.12 0.44
E 9 34 0.028318 0.002537 420.24 2.39
E 9 35 0.028169 0.002770 407.30 0.09
E 9 36 0.028449 0.002714 420.72 2.29
E 9 38 0.028692 0.003164 439.07 4.64
E 9 39 0.028175 0.002773 424.85 2.27
E 9 40 0.031867 0.002801 449.59 0.27
E 9 41 0.030537 0.002134 444.70 0.66
E 9 42 0.028377 0.001357 428.77 6.69
E 9 43 0.030321 0.005321 453.01 0.21
E 9 44 0.032742 0.002035 564.44 2.92
E 9 46 0.028271 0.002622 409.24 0.81
E 9 49 0.028266 0.003914 413.06 0.81
E 9 51 0.032281 0.005266 487.10 0.59
E 9 52 0.028300 0.002735 450.67 5.29
E 9 53 0.028496 0.002780 445.30 0.14
E 9 54 0.029469 0.003703 471.25 0.14
E 9 56 0.028247 0.002981 433.86 0.06
E 9 59 0.032124 0.005230 460.94 1.02
E 9 61 0.029882 0.002293 441.28 0.71
E 9 63 0.034061 0.006367 484.13 4.08
E 9 66 0.032009 0.003660 459.78 22.38
E 9 67 0.031689 0.003772 449.41 2.79
E 9 68 0.032321 0.004217 468.03 1.42
E 9 71 0.031130 0.007349 513.20 0.28
E 9 72 0.028239 0.001662 422.98 70.61
E 9 74 0.031535 0.002525 416.08 1.66
E 9 75 0.027977 0.002734 424.59 0.25
E 9 77 0.035652 0.006246 467.87 2382.62
E 9 79 0.030285 0.003392 467.30 43.09
E 10 11 0.028599 0.002660 443.52 6.45
E 10 12 0.029728 0.002720 445.19 0.80
E 10 13 0.032774 0.004351 471.76 5.93
E 10 14 0.027739 0.002199 400.87 2.80
E 10 15 0.027587 0.005320 445.64 3.54
E 10 17 0.030327 0.002481 463.18 182.31
E 10 18 0.027983 0.001595 410.83 0.95
E 10 22 0.027982 0.001472 420.75 0.14
E 10 23 0.032173 0.003904 450.82 0.05
E 10 26 0.030566 0.002284 431.61 0.17
E 10 27 0.027719 0.002094 381.91 15.18
E 10 29 0.033297 0.003510 471.12 1.70
E 10 30 0.027923 0.001758 399.31 4.77
E 10 31 0.027858 0.002688 407.82 1.67
E 10 32 0.027793 0.004768 422.32 0.97
E 10 33 0.028118 0.002815 421.21 3.42
E 10 37 0.031362 0.006981 443.51 0.05
E 10 40 0.032998 0.003398 460.45 0.18
E 10 41 0.031358 0.001815 445.02 0.69
E 10 43 0.029742 0.004466 440.86 0.42
E 10 44 0.027728 0.004276 427.52 8.73
E 10 48 0.026455 0.006262 411.85 1.94
E 10 50 0.026972 0.002988 381.16 0.64
E 10 51 0.031629 0.005229 450.61 2.16
E 10 52 0.032986 0.002459 499.95 28.30
E 10 53 0.027982 0.002210 439.73 0.16
E 10 54 0.029447 0.003488 423.16 0.04
E 10 56 0.027891 0.001395 398.86 0.01
E 10 57 0.027696 0.001560 413.56 69.26
E 10 58 0.027396 0.006318 417.77 0.48
E 10 59 0.031990 0.006066 428.49 0.70
E 10 60 0.027439 0.005088 453.86 0.32
E 10 61 0.028683 0.001546 439.47 0.82
E 10 63 0.034487 0.005624 483.40 8.05
E 10 64 0.029862 0.006681 448.15 28.52
E 10 65 0.027745 0.004995 417.64 0.05
E 10 66 0.031307 0.003430 458.30 8.39
E 10 67 0.030104 0.003901 437.17 0.07
E 10 68 0.032867 0.003832 472.94 8.97
E 10 69 0.027770 0.001606 395.89 3.42
E 10 70 0.027702 0.003207 415.50 14.08
E 10 74 0.030325 0.001933 464.61 404.25
E 10 77 0.036607 0.006062 484.72 0.00
E 10 79 0.029766 0.002696 456.48 0.00
E 11 12 0.028375 0.003392 451.80 4.38
E 11 13 0.030095 0.003307 434.79 0.54
E 11 14 0.034437 0.003957 402.33 802.16
E 11 16 0.028312 0.004810 436.55 18.25
E 11 17 0.031183 0.003425 475.17 1.12
E 11 19 0.028388 0.003463 423.59 3.73
E 11 20 0.028571 0.003893 441.09 4.64
E 11 21 0.028570 0.003620 414.29 0.59
E 11 23 0.033332 0.005054 450.76 0.62
E 11 25 0.028486 0.003527 424.86 1.50
E 11 26 0.031425 0.003290 494.36 13.97
E 11 27 0.029726 0.003114 507.38 1.19
E 11 29 0.032690 0.003842 456.53 480.31
E 11 30 0.034946 0.003586 438.95 137.34
E 11 32 0.028873 0.004167 437.90 17.64
E 11 34 0.028546 0.003527 446.45 4.04
E 11 37 0.030132 0.005914 454.18 1.47
E 11 40 0.032383 0.003425 453.98 7.90
E 11 41 0.030855 0.003338 444.75 9.23
E 11 42 0.028142 0.003315 423.70 690.07
E 11 47 0.027061 0.002946 374.96 63.62
E 11 51 0.031244 0.006047 459.92 12.30
E 11 52 0.028181 0.003243 421.73 16.45
E 11 54 0.036755 0.005371 507.71 0.31
E 11 55 0.028695 0.003768 388.73 11.55
E 11 59 0.032381 0.005960 451.63 80.78
E 11 61 0.028599 0.003155 428.53 210.40
E 11 63 0.034103 0.005386 481.72 0.19
E 11 65 0.028484 0.003172 430.14 0.81
E 11 66 0.031855 0.003458 451.81 0.20
E 11 67 0.030696 0.003399 432.63 0.09
E 11 68 0.033082 0.003866 445.74 0.17
E 11 70 0.028925 0.002756 420.42 0.61
E 11 71 0.030916 0.004486 497.46 0.98
E 11 72 0.028546 0.003527 420.24 8.52
E 11 73 0.028145 0.003325 447.50 0.15
E 11 74 0.031313 0.003425 457.25 0.69
E 11 77 0.037050 0.005911 448.21 0.48
E 11 79 0.029260 0.003274 454.09 0.86
E 12 13 0.035175 0.006269 490.03 5.42
E 12 14 0.029782 0.003219 415.58 0.66
E 12 15 0.029898 0.004117 440.00 0.70
E 12 16 0.029463 0.001809 529.73 0.63
E 12 17 0.031459 0.002816 474.95 12.49
E 12 18 0.033863 0.003071 456.23 1.43
E 12 19 0.033589 0.001357 593.80 0.30
E 12 20 0.018437 0.003456 1956.00 0.52
E 12 22 0.033863 0.003432 478.05 0.24
E 12 23 0.031994 0.003456 457.79 0.35
E 12 24 0.029689 0.001187 447.37 0.26
E 12 25 0.031724 0.006487 448.96 1.33
E 12 26 0.033656 0.002907 467.66 0.31
E 12 27 0.029898 0.003535 421.01 11.08
E 12 29 0.033342 0.003578 445.38 0.68
E 12 30 0.034301 0.004279 559.76 0.45
E 12 31 0.030570 0.003564 444.10 2.83
E 12 32 0.029670 0.004595 455.47 0.90
E 12 33 0.033863 0.007185 496.14 0.25
E 12 34 0.033590 0.000170 432.72 2.57
E 12 35 0.002801 0.000000 292.00 0.64
E 12 36 0.032556 0.002896 470.03 1.66
E 12 37 0.031026 0.006748 458.58 0.28
E 12 38 0.029689 0.000000 468.05 0.27
E 12 40 0.033039 0.003216 460.89 0.20
E 12 41 0.034807 0.003030 495.72 0.17
E 12 42 0.004674 0.000032 468.00 1.81
E 12 43 0.033863 0.004474 485.84 1.56
E 12 44 0.030022 0.004083 460.10 0.76
E 12 48 0.028125 0.002848 406.70 0.84
E 12 50 0.028651 0.003242 434.33 0.38
E 12 51 0.033553 0.005477 488.16 0.46
E 12 52 0.029641 0.003668 426.92 3.62
E 12 53 0.033916 0.003392 473.70 0.14
E 12 54 0.033645 0.005537 491.84 0.39
E 12 56 0.034539 0.006671 440.67 0.11
E 12 57 0.029529 0.002707 415.81 29.29
E 12 58 0.027837 0.002840 407.58 2.07
E 12 59 0.033756 0.003392 519.58 1.74
E 12 60 0.027837 0.002840 403.79 4.24
E 12 61 0.033863 0.003071 483.17 1.60
E 12 62 0.029297 0.002975 437.98 1.13
E 12 63 0.034618 0.005407 490.35 0.61
E 12 64 0.029654 0.003287 474.53 1.89
E 12 65 0.029849 0.004801 473.96 0.34
E 12 66 0.034626 0.004176 568.41 8.61
E 12 67 0.034775 0.005201 499.09 7.20
E 12 68 0.032927 0.003948 464.41 2.88
E 12 69 0.029427 0.002692 429.93 1.40
E 12 70 0.029849 0.003207 438.82 0.65
E 12 71 0.031547 0.005482 409.69 0.54
E 12 72 0.033589 0.000904 464.53 5.16
E 12 74 0.035252 0.004810 503.57 0.56
E 12 76 0.027837 0.002840 394.50 0.69
E 12 77 0.036606 0.006062 497.19 0.06
E 12 79 0.030421 0.003268 426.62 13.78
E 13 14 0.035519 0.006610 481.96 2.30
E 13 15 0.035294 0.006832 520.58 1.43
E 13 16 0.035116 0.007000 475.60 3.36
E 13 17 0.030725 0.002750 461.83 0.77
E 13 18 0.030484 0.002634 521.43 1.80
E 13 19 0.035077 0.004127 429.08 3.67
E 13 20 0.029597 0.004653 455.49 56.70
E 13 21 0.029083 0.001834 419.90 2.09
E 13 22 0.030484 0.002634 441.96 4.69
E 13 23 0.032754 0.004766 461.09 5.27
E 13 25 0.030027 0.002064 430.62 9.41
E 13 26 0.032106 0.004476 441.56 11.21
E 13 27 0.035846 0.007540 473.71 0.96
E 13 29 0.032779 0.004397 478.77 3.28
E 13 30 0.035257 0.006510 519.48 2.00
E 13 31 0.035805 0.006608 454.64 7.28
E 13 32 0.035057 0.006507 527.49 6.70
E 13 33 0.030354 0.002737 460.76 2.29
E 13 34 0.030096 0.001916 433.87 3.88
E 13 36 0.028830 0.001998 400.33 4.66
E 13 37 0.035207 0.006954 471.90 5.63
E 13 39 0.012451 0.002336 1324.00 22.03
E 13 40 0.033370 0.005648 470.88 2.26
E 13 41 0.032358 0.005271 488.52 6.20
E 13 42 0.029515 0.001407 438.24 2.27
E 13 43 0.030484 0.004138 452.65 6.40
E 13 44 0.035209 0.005909 476.33 1.95
E 13 46 0.028830 0.002839 379.24 8.36
E 13 48 0.035582 0.007823 463.31 0.83
E 13 49 0.028340 0.003134 395.29 8.36
E 13 50 0.035227 0.007335 458.51 2.83
E 13 51 0.031832 0.005619 485.65 5.15
E 13 52 0.030756 0.003760 450.31 0.90
E 13 53 0.030354 0.002467 416.87 4.84
E 13 54 0.030626 0.003878 442.40 3.84
E 13 56 0.029963 0.002237 414.63 7.07
E 13 57 0.032674 0.007781 434.93 16.36
E 13 58 0.034512 0.007971 480.47 1.90
E 13 59 0.031776 0.005524 488.09 7.73
E 13 60 0.034512 0.007971 476.81 1.02
E 13 61 0.030469 0.002656 441.71 7.79
E 13 62 0.033961 0.008361 501.97 3.70
E 13 63 0.034579 0.005542 486.26 0.55
E 13 64 0.035078 0.006699 499.54 0.69
E 13 65 0.035565 0.006412 485.17 3.59
E 13 66 0.031233 0.003247 461.22 0.42
E 13 67 0.030544 0.003227 451.93 0.01
E 13 68 0.032875 0.004476 465.98 0.32
E 13 69 0.032401 0.008555 437.10 0.44
E 13 70 0.035565 0.006412 498.79 1.09
E 13 71 0.031494 0.004986 487.77 7.00
E 13 72 0.030096 0.001916 468.24 1.39
E 13 74 0.030343 0.002446 449.83 3.06
E 13 76 0.034337 0.007194 460.96 71.37
E 13 77 0.036862 0.006195 506.89 68.50
E 14 15 0.029271 0.004912 425.13 0.16
E 14 16 0.030666 0.004997 477.33 1.11
E 14 17 0.029804 0.002956 449.29 4.43
E 14 19 0.034437 0.003957 425.12 4.01
E 14 20 0.040204 0.000000 533.95 3.15
E 14 21 0.037490 0.002714 572.41 247.92
E 14 23 0.034270 0.005547 480.28 59.46
E 14 25 0.034437 0.003957 483.99 1.60
E 14 26 0.034063 0.004070 512.12 0.40
E 14 27 0.030056 0.003813 484.28 1.73
E 14 29 0.033890 0.003499 486.82 0.51
E 14 30 0.024340 0.001816 384.07 0.02
E 14 31 0.022495 0.003744 362.53 2.65
E 14 32 0.027692 0.004783 421.09 1.50
E 14 34 0.006802 0.000064 676.00 3.65
E 14 37 0.031261 0.006767 441.04 1.00
E 14 40 0.035711 0.004692 497.24 1.52
E 14 41 0.035236 0.004190 497.04 0.52
E 14 44 0.026795 0.004049 401.50 0.03
E 14 48 0.031230 0.004713 439.63 1.96
E 14 50 0.027931 0.003324 437.34 149.63
E 14 51 0.032206 0.002811 441.59 2.83
E 14 52 0.032188 0.004704 507.89 3.48
E 14 54 0.032278 0.004297 435.53 3.81
E 14 55 0.031780 0.002849 505.51 1.13
E 14 57 0.021946 0.001756 356.43 3.73
E 14 58 0.031742 0.004975 452.54 1.78
E 14 60 0.031976 0.004410 475.31 1.38
E 14 62 0.032572 0.004155 677.03 231.02
E 14 63 0.037694 0.008094 490.41 0.83
E 14 64 0.026685 0.004330 421.23 0.74
E 14 65 0.027527 0.005442 411.57 38.67
E 14 68 0.037007 0.006699 511.08 354.51
E 14 69 0.021947 0.001756 370.93 140.70
E 14 70 0.026955 0.003623 396.44 3.89
E 14 71 0.031316 0.004523 472.29 9.95
E 14 72 0.002289 0.000000 228.00 0.25
E 14 74 0.004081 0.000000 452.00 19.98
E 14 76 0.031978 0.004410 469.88 4.34
E 14 77 0.039027 0.007523 493.56 12.58
E 14 79 0.029849 0.002848 441.55 3.28
E 15 16 0.020726 0.004079 344.40 3.12
E 15 23 0.035277 0.006799 493.58 1.11
E 15 26 0.035375 0.005551 507.75 0.76
E 15 27 0.022358 0.004385 345.61 1.91
E 15 29 0.033893 0.004579 449.51 0.14
E 15 30 0.034946 0.003925 492.30 0.21
E 15 31 0.026347 0.005584 446.55 5.15
E 15 32 0.027186 0.004798 402.55 3.91
E 15 37 0.031154 0.006809 406.66 4.81
E 15 40 0.037963 0.006377 546.16 4.78
E 15 41 0.034614 0.004462 504.44 7.97
E 15 44 0.027549 0.005116 400.55 0.30
E 15 48 0.022244 0.004201 350.82 0.21
E 15 50 0.022376 0.003870 354.95 0.43
E 15 52 0.031354 0.004227 400.95 2.44
E 15 54 0.036755 0.005371 504.72 3.06
E 15 57 0.026445 0.004711 391.57 0.66
E 15 58 0.022966 0.005002 342.66 6.10
E 15 60 0.022452 0.004586 355.17 4.02
E 15 62 0.022215 0.004449 355.31 0.56
E 15 63 0.039262 0.010161 535.11 4.27
E 15 64 0.024191 0.004035 385.78 0.45
E 15 65 0.028498 0.005678 414.23 4.04
E 15 68 0.035738 0.004918 589.41 0.21
E 15 69 0.002033 0.000000 196.00 0.34
E 15 70 0.028867 0.004839 407.42 0.70
E 15 71 0.031141 0.005492 469.69 0.42
E 15 76 0.022214 0.004449 363.44 0.88
E 15 77 0.039526 0.000000 650.30 3.31
E 15 78 0.019576 0.004138 324.53 4.50
E 15 79 0.031893 0.006190 555.91 0.95
E 15 80 0.019208 0.004070 332.71 5.43
E 16 17 0.033177 0.004918 501.78 0.26
E 16 19 0.024925 0.003980 379.90 0.78
E 16 20 0.028311 0.005176 424.61 0.68
E 16 21 0.028311 0.004810 399.57 0.46
E 16 23 0.036683 0.007230 476.93 0.76
E 16 25 0.025439 0.004059 389.10 1.41
E 16 26 0.036253 0.004918 521.03 0.63
E 16 27 0.020040 0.001894 333.58 400.27
E 16 29 0.033275 0.004995 454.82 0.84
E 16 30 0.034945 0.004918 447.62 0.39
E 16 32 0.028670 0.004372 438.71 0.50
E 16 34 0.028312 0.004810 414.77 0.55
E 16 37 0.031766 0.005024 461.90 0.63
E 16 40 0.040135 0.005427 552.38 0.39
E 16 41 0.040338 0.005993 552.61 0.20
E 16 42 0.031509 0.004367 585.30 0.67
E 16 47 0.029638 0.004216 402.94 0.07
E 16 48 0.019434 0.003112 318.16 0.24
E 16 50 0.020949 0.001452 327.80 0.77
E 16 52 0.030237 0.004833 441.77 8.92
E 16 54 0.036754 0.005371 488.18 0.81
E 16 55 0.026352 0.004439 425.71 0.24
E 16 58 0.019455 0.003136 320.34 6.79
E 16 59 0.034234 0.006275 481.77 0.26
E 16 60 0.019455 0.001817 294.30 8.51
E 16 62 0.019909 0.001900 331.23 0.23
E 16 63 0.039263 0.010228 558.57 2.67
E 16 64 0.026474 0.003553 417.99 0.98
E 16 65 0.031498 0.009498 428.44 0.29
E 16 66 0.034522 0.004409 624.71 2.68
E 16 67 0.036359 0.008932 417.99 5.10
E 16 68 0.037347 0.006505 482.13 1.36
E 16 70 0.032572 0.007349 500.15 5.60
E 16 71 0.031363 0.005094 457.80 0.48
E 16 72 0.026606 0.004462 404.38 0.19
E 16 73 0.029639 0.004216 449.30 1.84
E 16 74 0.034158 0.004918 505.29 18.64
E 16 76 0.020062 0.001960 309.52 5.01
E 16 77 0.040395 0.008545 544.71 6.21
E 16 78 0.017864 0.000998 305.04 7.62
E 16 80 0.017567 0.000918 290.29 21.41
E 17 18 0.031534 0.002742 462.02 0.07
E 17 19 0.033498 0.002691 451.26 0.38
E 17 20 0.033555 0.006996 481.84 0.29
E 17 21 0.033184 0.002818 490.93 0.93
E 17 22 0.031534 0.002742 454.54 3.48
E 17 23 0.031888 0.003473 456.33 4.09
E 17 24 0.033317 0.003201 469.38 58.19
E 17 25 0.033738 0.002933 494.49 61.55
E 17 26 0.031548 0.002742 440.69 317.80
E 17 29 0.032020 0.002921 452.05 2.97
E 17 30 0.031487 0.002833 447.39 3.70
E 17 31 0.030218 0.001793 412.39 1.31
E 17 32 0.029802 0.004125 407.80 0.59
E 17 33 0.031534 0.003237 453.94 0.13
E 17 34 0.033321 0.002803 470.12 0.70
E 17 35 0.033325 0.002446 465.57 6.52
E 17 36 0.033331 0.002612 444.87 0.34
E 17 37 0.029761 0.005523 445.38 12.03
E 17 38 0.032705 0.002103 409.86 167.04
E 17 39 0.033318 0.004410 477.92 124.87
E 17 40 0.032188 0.002655 465.59 9.67
E 17 41 0.031574 0.002953 471.30 0.93
E 17 42 0.033278 0.002467 467.17 5.47
E 17 43 0.031534 0.004823 456.01 1.79
E 17 44 0.030146 0.003518 450.96 3.24
E 17 46 0.033417 0.002782 455.07 2.99
E 17 47 0.032909 0.002069 490.01 0.39
E 17 49 0.033417 0.003337 463.03 2.97
E 17 51 0.032293 0.005545 478.15 0.37
E 17 52 0.033045 0.004225 444.77 2.00
E 17 53 0.031534 0.002741 433.49 1.51
E 17 54 0.031550 0.003940 447.54 25.85
E 17 55 0.033207 0.002849 496.71 1.81
E 17 56 0.031628 0.002704 452.98 0.59
E 17 57 0.027734 0.000868 396.69 0.91
E 17 59 0.032333 0.005151 463.19 1.46
E 17 61 0.031723 0.002913 433.91 2.68
E 17 63 0.033678 0.004585 458.98 0.96
E 17 65 0.029761 0.004150 477.47 1.69
E 17 66 0.031959 0.004040 460.41 0.23
E 17 67 0.032103 0.004320 460.89 0.56
E 17 68 0.032978 0.003781 458.16 0.25
E 17 69 0.027734 0.000868 372.65 0.19
E 17 70 0.029761 0.002874 453.84 15.52
E 17 71 0.033321 0.003702 464.06 0.48
E 17 72 0.033429 0.002842 480.56 0.15
E 17 74 0.032057 0.003077 456.77 227.03
E 17 77 0.036692 0.005749 528.85 33.29
E 17 79 0.031388 0.002811 442.54 6.65
E 18 22 0.027753 0.002243 420.88 4.32
E 18 23 0.031965 0.003775 464.35 2.93
E 18 24 0.027175 0.002005 386.16 6.58
E 18 26 0.030342 0.002026 443.94 2.57
E 18 29 0.031871 0.003053 446.78 2.48
E 18 30 0.027221 0.002266 423.03 2.93
E 18 31 0.029686 0.002205 499.70 0.67
E 18 33 0.028848 0.003388 430.65 1.60
E 18 35 0.027176 0.001492 400.22 3.64
E 18 36 0.027234 0.001841 386.62 0.19
E 18 38 0.026829 0.002680 388.08 2.89
E 18 39 0.027172 0.002572 395.63 3.75
E 18 40 0.031958 0.002397 456.40 0.49
E 18 41 0.030670 0.001725 449.00 0.91
E 18 43 0.030318 0.005463 424.19 1.01
E 18 44 0.031045 0.003901 442.46 3.27
E 18 46 0.027235 0.002709 406.04 1.11
E 18 49 0.027241 0.004003 414.69 1.11
E 18 51 0.032243 0.005000 456.96 0.32
E 18 52 0.035057 0.002205 527.18 2.56
E 18 53 0.027279 0.001904 414.92 1.33
E 18 54 0.029418 0.003504 431.59 6.98
E 18 56 0.027178 0.002676 413.94 0.57
E 18 57 0.004546 0.000032 452.00 3.17
E 18 59 0.031769 0.004824 424.16 0.66
E 18 61 0.029906 0.001988 437.87 0.97
E 18 63 0.033917 0.005171 462.90 3.05
E 18 66 0.032122 0.003851 445.92 0.84
E 18 67 0.031814 0.003700 421.47 1.78
E 18 68 0.032691 0.003881 452.13 0.50
E 18 74 0.031751 0.002755 478.85 51.52
E 18 75 0.027157 0.001443 407.23 18.94
E 18 77 0.036261 0.006061 474.52 1769.37
E 18 79 0.030055 0.003034 426.50 39.81
E 19 20 0.023522 0.003838 368.83 0.24
E 19 21 0.023089 0.002920 380.62 0.09
E 19 23 0.035860 0.006241 547.68 0.62
E 19 25 0.023420 0.003093 372.47 1.88
E 19 26 0.036254 0.002302 502.55 1.67
E 19 27 0.029726 0.001470 430.25 241.22
E 19 29 0.033997 0.003764 460.90 2.84
E 19 30 0.035350 0.003757 491.11 2.54
E 19 34 0.023979 0.003330 363.14 11.65
E 19 37 0.029350 0.000424 395.64 0.77
E 19 40 0.038022 0.005379 479.52 0.14
E 19 41 0.034669 0.003230 524.36 0.27
E 19 42 0.025456 0.002942 379.34 2.46
E 19 47 0.021376 0.002922 375.04 0.17
E 19 52 0.027996 0.003392 410.54 13.45
E 19 54 0.036755 0.005371 667.89 0.55
E 19 55 0.022492 0.002976 354.16 0.63
E 19 59 0.033216 0.003765 493.16 0.81
E 19 63 0.039417 0.009551 516.61 3.75
E 19 66 0.035242 0.004749 478.68 3.17
E 19 67 0.033787 0.004070 459.79 3.39
E 19 68 0.033697 0.004791 476.25 0.92
E 19 70 0.030367 0.000452 651.32 0.65
E 19 71 0.031073 0.004921 439.63 0.04
E 19 72 0.023641 0.003275 363.80 1.54
E 19 73 0.022545 0.003283 345.85 0.16
E 19 74 0.033782 0.003961 468.08 0.07
E 19 77 0.037101 0.006090 513.67 2.39
E 19 78 0.019174 0.000000 289.08 33.88
E 20 21 0.023945 0.003841 373.69 0.15
E 20 23 0.036716 0.007154 494.25 5.64
E 20 25 0.023562 0.003889 380.40 2.97
E 20 26 0.037207 0.004652 461.47 2.08
E 20 27 0.036133 0.000000 510.33 107.86
E 20 29 0.033529 0.006266 444.36 2.14
E 20 30 0.035351 0.006445 499.60 2.20
E 20 34 0.023935 0.003957 383.29 0.10
E 20 37 0.002257 0.000000 224.00 1.07
E 20 40 0.039627 0.007191 530.88 0.20
E 20 41 0.030786 0.004268 430.00 0.17
E 20 42 0.025447 0.004342 380.89 3.71
E 20 47 0.022491 0.003445 386.44 0.13
E 20 52 0.028033 0.003759 415.28 13.36
E 20 54 0.036755 0.005371 564.20 0.83
E 20 55 0.023460 0.003741 353.25 0.36
E 20 59 0.033759 0.006377 454.11 0.65
E 20 63 0.040288 0.010473 505.40 2.59
E 20 64 0.002641 0.000000 272.00 2.09
E 20 66 0.031624 0.004410 462.46 1.59
E 20 67 0.030590 0.005311 436.52 3.24
E 20 68 0.033578 0.004918 468.84 0.95
E 20 70 0.002865 0.000000 300.00 1.15
E 20 71 0.031171 0.005039 455.81 0.07
E 20 72 0.023897 0.003833 366.44 0.47
E 20 73 0.023449 0.003983 386.83 0.23
E 20 74 0.031097 0.004534 451.89 1385.98
E 20 77 0.037193 0.006090 489.29 1.02
E 21 23 0.032924 0.005339 469.08 0.16
E 21 25 0.023383 0.001500 350.10 5.38
E 21 26 0.037207 0.002007 494.50 5.17
E 21 27 0.036133 0.000085 368.52 137.53
E 21 29 0.031887 0.003616 444.49 114.44
E 21 30 0.035351 0.003757 525.78 6.00
E 21 34 0.023895 0.001734 373.38 0.17
E 21 40 0.032285 0.002801 474.53 0.75
E 21 41 0.030837 0.002052 425.64 1.35
E 21 42 0.025447 0.002000 384.59 151.79
E 21 47 0.022843 0.001264 366.00 0.75
E 21 52 0.028216 0.003383 428.50 3.79
E 21 54 0.036755 0.005370 653.35 1.19
E 21 55 0.022452 0.001634 364.50 1.35
E 21 59 0.032157 0.006268 496.93 17.76
E 21 63 0.033743 0.005443 501.65 4.64
E 21 64 0.005282 0.000000 544.00 1.48
E 21 66 0.031016 0.002893 452.78 0.75
E 21 67 0.030686 0.003537 452.83 2.15
E 21 68 0.033485 0.004710 482.47 0.37
E 21 70 0.002865 0.000000 300.00 0.12
E 21 71 0.031362 0.005465 455.64 0.02
E 21 72 0.023542 0.000944 359.88 15.17
E 21 73 0.022436 0.002899 345.03 0.01
E 21 74 0.031006 0.002374 461.43 2.01
E 21 77 0.037193 0.006090 494.45 0.63
E 22 23 0.031965 0.003775 435.19 0.02
E 22 24 0.027296 0.002005 381.34 0.11
E 22 26 0.030342 0.002026 421.71 1.84
E 22 29 0.031406 0.003030 453.15 249.67
E 22 30 0.026938 0.002266 415.99 62.18
E 22 31 0.031598 0.004595 434.47 3.24
E 22 33 0.028923 0.003446 427.03 1.16
E 22 35 0.027274 0.001576 424.88 0.03
E 22 36 0.027810 0.002214 425.84 0.36
E 22 38 0.026542 0.002748 394.73 1.33
E 22 39 0.027273 0.002572 403.83 1.19
E 22 40 0.031958 0.002397 422.04 0.57
E 22 41 0.030670 0.001618 445.05 2.01
E 22 43 0.030359 0.005560 432.49 0.93
E 22 44 0.031288 0.004264 422.94 92.94
E 22 46 0.027356 0.002709 404.88 3.24
E 22 49 0.027357 0.004003 390.07 3.25
E 22 51 0.032243 0.005000 449.43 1.23
E 22 52 0.035056 0.002204 516.64 4.04
E 22 53 0.027637 0.002094 429.98 0.39
E 22 54 0.029418 0.003504 455.10 0.09
E 22 56 0.027430 0.002676 413.85 0.15
E 22 57 0.006866 0.000096 684.00 4.72
E 22 59 0.031769 0.004824 464.82 4.07
E 22 61 0.029906 0.002196 420.30 2.86
E 22 63 0.033917 0.005171 467.11 60.37
E 22 66 0.032090 0.003781 459.28 3.54
E 22 67 0.031816 0.003770 475.00 1.31
E 22 68 0.032769 0.003967 461.65 0.70
E 22 74 0.031751 0.002755 485.90 210.50
E 22 75 0.027275 0.001576 403.62 0.00
E 22 77 0.035766 0.005448 483.73 0.01
E 22 79 0.030055 0.003034 409.33 0.00
E 23 25 0.033275 0.004921 467.44 0.64
E 23 26 0.032347 0.004599 463.28 1.81
E 23 27 0.035473 0.007721 476.20 442.26
E 23 29 0.033092 0.004684 473.94 45.85
E 23 30 0.034694 0.005863 453.53 49.81
E 23 31 0.033730 0.005122 479.71 1.22
E 23 32 0.032615 0.004928 450.43 0.46
E 23 33 0.031965 0.003775 445.01 0.89
E 23 34 0.033333 0.005054 477.05 0.97
E 23 37 0.032614 0.006275 466.50 0.30
E 23 40 0.032973 0.004834 470.51 0.26
E 23 41 0.032732 0.004915 505.37 0.29
E 23 42 0.031781 0.003864 489.03 115.32
E 23 43 0.031952 0.004138 448.31 0.65
E 23 44 0.032206 0.004006 460.63 55.95
E 23 48 0.038168 0.009326 473.13 0.58
E 23 50 0.035133 0.006837 482.03 0.08
E 23 51 0.031964 0.006286 455.58 1.22
E 23 52 0.033125 0.005221 477.37 6.72
E 23 53 0.031965 0.003775 468.71 1.19
E 23 54 0.031785 0.003752 448.02 0.09
E 23 55 0.036051 0.007541 530.20 0.50
E 23 56 0.031315 0.003618 465.84 0.26
E 23 58 0.037110 0.009008 465.80 0.53
E 23 59 0.031964 0.005682 478.52 1.54
E 23 60 0.037110 0.009008 460.70 0.84
E 23 61 0.031964 0.003775 480.90 1.25
E 23 62 0.037110 0.009008 504.13 0.11
E 23 63 0.033694 0.004929 492.33 3.79
E 23 64 0.032703 0.005044 462.02 5.99
E 23 65 0.032542 0.004912 469.73 0.12
E 23 66 0.031964 0.003775 454.48 4.82
E 23 67 0.031964 0.003901 454.15 2.25
E 23 68 0.033098 0.004664 466.54 0.87
E 23 70 0.032542 0.004686 471.21 0.52
E 23 71 0.033332 0.005844 450.64 0.28
E 23 72 0.033333 0.005054 475.85 323.28
E 23 74 0.031964 0.003775 438.11 49.88
E 23 76 0.037110 0.009008 468.36 0.00
E 23 77 0.036632 0.005954 481.79 0.01
E 23 78 0.034570 0.007361 409.47 26.08
E 23 79 0.031844 0.003419 472.38 22.10
E 23 80 0.035623 0.008989 467.89 0.00
E 24 26 0.028670 0.002102 424.56 0.72
E 24 30 0.028219 0.000904 493.92 26.16
E 24 31 0.029553 0.002996 525.13 4.54
E 24 33 0.029130 0.003802 440.56 5.95
E 24 35 0.021024 0.002011 340.52 0.08
E 24 36 0.023498 0.002328 359.00 117.86
E 24 38 0.020802 0.002568 316.35 2.11
E 24 39 0.021390 0.003436 355.00 0.24
E 24 41 0.033055 0.001430 463.89 3.91
E 24 43 0.029600 0.004310 420.33 0.67
E 24 46 0.023482 0.003057 367.09 3.53
E 24 49 0.024237 0.004261 374.98 3.54
E 24 51 0.032016 0.005584 468.71 2.54
E 24 52 0.041560 0.001187 729.00 16.42
E 24 53 0.026987 0.002259 385.90 0.14
E 24 54 0.029159 0.003817 428.25 0.06
E 24 56 0.025640 0.002781 389.57 0.35
E 24 59 0.031842 0.004573 442.45 3.05
E 24 61 0.029979 0.002157 469.01 3.85
E 24 66 0.034322 0.004523 491.54 35.09
E 24 67 0.032363 0.004642 471.86 1.80
E 24 74 0.034665 0.004771 481.73 262.88
E 24 75 0.020798 0.001781 335.03 0.00
E 24 79 0.032167 0.004995 425.25 0.00
E 25 26 0.036254 0.002302 470.44 0.03
E 25 27 0.029726 0.002652 447.22 7.52
E 25 29 0.032733 0.003744 463.38 1.75
E 25 30 0.035350 0.003757 450.23 1.11
E 25 32 0.026636 0.000763 403.09 5.26
E 25 34 0.023939 0.001794 372.44 12.77
E 25 37 0.029349 0.002826 405.11 0.84
E 25 40 0.032571 0.002722 452.97 0.84
E 25 41 0.030856 0.001869 439.07 1.91
E 25 42 0.025481 0.002020 387.68 2.79
E 25 47 0.026090 0.002391 367.21 0.89
E 25 52 0.028176 0.003347 416.03 39.64
E 25 54 0.036755 0.005370 540.79 0.15
E 25 55 0.023327 0.001764 379.76 0.46
E 25 59 0.034126 0.004494 517.93 2.04
E 25 63 0.034182 0.005498 469.44 5.24
E 25 64 0.027992 0.001866 494.25 191.32
E 25 65 0.041900 0.001866 628.15 0.26
E 25 66 0.031881 0.003605 463.56 208.22
E 25 67 0.033524 0.003784 465.43 2.57
E 25 68 0.033432 0.004371 461.13 15.34
E 25 70 0.030367 0.001866 418.30 272.88
E 25 71 0.031351 0.005379 458.67 3.83
E 25 72 0.023615 0.001554 375.41 106.84
E 25 73 0.023258 0.002246 357.18 4.56
E 25 74 0.031315 0.002494 443.89 0.00
E 25 77 0.037126 0.005999 500.91 0.00
E 25 79 0.005122 0.000352 524.00 0.00
E 26 27 0.035372 0.002135 441.80 3.17
E 26 29 0.032664 0.003870 481.48 0.59
E 26 30 0.030971 0.002408 436.42 0.68
E 26 31 0.034446 0.003599 464.22 1.72
E 26 32 0.036255 0.005405 446.66 0.93
E 26 33 0.030281 0.002982 453.98 6.65
E 26 34 0.037207 0.002007 540.02 3.53
E 26 35 0.028670 0.002102 410.45 2.59
E 26 36 0.030615 0.002345 429.13 10.67
E 26 37 0.034315 0.007547 466.49 0.03
E 26 38 0.028421 0.002592 416.55 0.03
E 26 39 0.028401 0.002027 423.79 0.04
E 26 40 0.032877 0.002883 466.58 0.37
E 26 41 0.030880 0.002225 460.58 0.28
E 26 42 0.031215 0.002685 444.66 0.50
E 26 43 0.030281 0.004597 440.50 0.41
E 26 44 0.030613 0.004305 431.14 0.61
E 26 46 0.028491 0.002264 430.12 2.12
E 26 47 0.007618 0.000224 836.00 1.00
E 26 49 0.029034 0.003983 425.18 2.11
E 26 50 0.004258 0.000448 416.00 2.20
E 26 51 0.032265 0.005165 462.66 4.53
E 26 52 0.035809 0.004579 491.53 5.47
E 26 53 0.030257 0.002140 444.53 0.92
E 26 54 0.030436 0.003664 435.37 0.49
E 26 55 0.038422 0.002849 489.47 0.25
E 26 56 0.029942 0.002456 433.33 0.45
E 26 57 0.035303 0.002299 490.40 0.12
E 26 59 0.031693 0.004851 445.87 0.70
E 26 61 0.030442 0.002066 442.79 1.84
E 26 63 0.034700 0.005305 490.31 1.29
E 26 64 0.036254 0.002302 485.22 134.76
E 26 65 0.033987 0.004088 516.00 0.36
E 26 66 0.031847 0.003462 451.40 71.43
E 26 67 0.031498 0.003828 438.78 4.00
E 26 68 0.033152 0.003483 480.52 69.72
E 26 69 0.033662 0.002568 530.81 24.17
E 26 70 0.033987 0.005228 451.52 0.22
E 26 71 0.036254 0.004132 444.22 8.36
E 26 72 0.037207 0.002007 561.34 2.76
E 26 74 0.031563 0.002520 432.98 0.00
E 26 77 0.036488 0.005915 495.09 0.00
E 26 79 0.030767 0.002815 464.33 0.00
E 27 29 0.034129 0.004267 454.27 1.54
E 27 30 0.034179 0.003545 509.09 2.90
E 27 31 0.028579 0.003410 420.57 128.55
E 27 32 0.027262 0.004924 438.61 64.05
E 27 34 0.003409 0.000000 368.00 228.58
E 27 37 0.030987 0.006519 441.73 5.40
E 27 40 0.038236 0.007269 510.26 3.00
E 27 41 0.034953 0.002635 503.74 17.62
E 27 44 0.029719 0.005427 439.05 2.40
E 27 48 0.021059 0.003403 349.58 2.29
E 27 50 0.021097 0.001796 333.07 248.63
E 27 51 0.030619 0.001323 437.83 10.62
E 27 52 0.031703 0.003580 394.94 4.28
E 27 54 0.032278 0.003343 419.21 64.96
E 27 55 0.030774 0.002849 485.22 101.27
E 27 57 0.030583 0.002494 432.69 0.59
E 27 58 0.020340 0.002861 329.35 0.78
E 27 60 0.020216 0.001862 337.30 0.83
E 27 62 0.020000 0.001680 306.00 13.33
E 27 63 0.040997 0.011126 564.69 0.42
E 27 64 0.024343 0.003392 366.06 0.86
E 27 65 0.030202 0.006764 456.62 180.09
E 27 68 0.035555 0.005868 477.05 1.12
E 27 69 0.030621 0.002608 441.88 0.79
E 27 70 0.030470 0.006118 448.10 2.52
E 27 71 0.031421 0.004984 465.53 23.84
E 27 72 0.003409 0.000000 368.00 38.45
E 29 30 0.037345 0.005185 513.86 0.03
E 29 31 0.037353 0.004715 507.26 2.48
E 29 32 0.032799 0.004883 465.56 0.97
E 29 33 0.031871 0.003053 469.83 14.71
E 29 34 0.032691 0.003677 495.93 2.58
E 29 37 0.032798 0.005526 494.82 0.82
E 29 40 0.032811 0.003616 467.73 1.92
E 29 41 0.032413 0.003522 457.13 0.49
E 29 42 0.032028 0.004176 465.40 0.34
E 29 43 0.031984 0.003537 463.94 1.49
E 29 44 0.033230 0.003430 493.39 0.04
E 29 47 0.007010 0.001792 760.00 0.59
E 29 48 0.034071 0.003248 467.52 2.14
E 29 50 0.032705 0.003819 483.43 672.01
E 29 51 0.031983 0.006316 470.00 3.34
E 29 52 0.032506 0.003503 445.12 3.57
E 29 53 0.031871 0.003053 467.37 16.52
E 29 54 0.032263 0.003328 443.43 9.22
E 29 55 0.031381 0.004138 470.06 0.81
E 29 58 0.033526 0.004749 505.00 2.64
E 29 59 0.031990 0.006035 459.96 1.96
E 29 60 0.033288 0.004035 436.27 2.02
E 29 61 0.031983 0.002830 471.44 2.63
E 29 62 0.033017 0.004022 487.69 84.11
E 29 63 0.033801 0.005099 471.99 0.52
E 29 64 0.032814 0.003754 445.47 0.46
E 29 65 0.032771 0.005002 487.56 30.99
E 29 66 0.031983 0.002976 463.20 10.90
E 29 67 0.031984 0.002830 476.47 0.01
E 29 68 0.033137 0.003573 445.63 1008.43
E 29 70 0.032771 0.003556 482.83 3.44
E 29 71 0.032609 0.005841 462.66 6.13
E 29 72 0.032691 0.003677 458.42 0.20
E 29 74 0.032492 0.002952 486.04 11.40
E 29 76 0.032855 0.003848 444.25 2.73
E 29 77 0.036980 0.006433 506.07 6.76
E 29 78 0.032442 0.004240 524.56 4.25
E 29 79 0.033297 0.003510 446.55 5.74
E 29 80 0.031232 0.003072 376.83 9.96
E 30 31 0.024978 0.003805 390.05 1.41
E 30 32 0.035351 0.006013 486.44 0.64
E 30 33 0.028778 0.003408 431.14 4.74
E 30 34 0.036195 0.004163 461.49 1.42
E 30 35 0.002129 0.000000 208.00 107.57
E 30 36 0.035016 0.004296 467.72 1.66
E 30 37 0.032739 0.007547 461.20 1.05
E 30 38 0.002097 0.000000 204.00 1.65
E 30 39 0.005970 0.000160 572.00 3.75
E 30 40 0.038384 0.005630 507.51 1.13
E 30 41 0.034981 0.003165 470.02 0.43
E 30 42 0.036195 0.004163 457.85 0.03
E 30 43 0.029622 0.004579 430.67 0.83
E 30 44 0.026488 0.004070 420.42 26.82
E 30 46 0.033505 0.003646 497.28 1.90
E 30 49 0.035351 0.003757 525.71 1.89
E 30 50 0.004258 0.000448 416.00 58.44
E 30 51 0.033252 0.004234 463.58 0.65
E 30 52 0.034772 0.003133 495.99 1.97
E 30 53 0.026797 0.001879 405.02 9.17
E 30 54 0.029904 0.003747 449.27 6.85
E 30 55 0.037113 0.004598 521.52 0.59
E 30 56 0.030957 0.004535 444.96 0.20
E 30 57 0.024184 0.001399 371.54 3.45
E 30 59 0.033150 0.003440 474.31 0.99
E 30 61 0.032681 0.003369 464.45 1.61
E 30 63 0.039257 0.009410 534.07 0.40
E 30 64 0.034436 0.003412 459.99 0.45
E 30 65 0.031487 0.004369 450.03 54.51
E 30 66 0.034661 0.003709 556.11 4.20
E 30 67 0.034189 0.004472 516.68 3.87
E 30 68 0.037099 0.004410 512.75 2.57
E 30 69 0.023179 0.001424 369.72 87.66
E 30 70 0.031539 0.005244 449.63 0.85
E 30 71 0.034946 0.004545 472.80 3.74
E 30 72 0.036195 0.004163 479.28 0.05
E 30 74 0.035469 0.005007 503.63 1.81
E 30 77 0.039994 0.009403 550.67 0.91
E 30 79 0.030105 0.002959 427.13 0.20
E 31 33 0.031929 0.004931 461.29 1.80
E 31 35 0.013940 0.000224 1452.00 0.98
E 31 36 0.030363 0.001730 419.33 0.48
E 31 37 0.030877 0.006592 456.75 4.40
E 31 38 0.029553 0.000509 518.57 0.94
E 31 39 0.030706 0.000000 753.68 3.81
E 31 40 0.038224 0.006844 497.73 0.34
E 31 41 0.037409 0.003314 536.00 0.10
E 31 43 0.030892 0.005145 548.68 0.11
E 31 44 0.026354 0.003748 418.25 1.42
E 31 50 0.025154 0.004749 421.16 1.14
E 31 51 0.032912 0.003672 481.96 1.05
E 31 52 0.034251 0.003183 474.47 4.32
E 31 53 0.029765 0.002804 487.11 0.56
E 31 54 0.032720 0.004857 432.32 0.74
E 31 56 0.034352 0.008650 470.72 0.08
E 31 57 0.021949 0.003228 332.56 35.79
E 31 59 0.031460 0.003027 521.34 0.03
E 31 63 0.040200 0.009805 567.72 1.41
E 31 64 0.026295 0.004040 408.42 1.51
E 31 65 0.027109 0.004481 397.98 0.89
E 31 66 0.033510 0.003176 510.88 3.38
E 31 67 0.033984 0.004863 577.60 11.42
E 31 68 0.037440 0.006687 468.09 3.24
E 31 69 0.021832 0.003279 363.35 3.27
E 31 70 0.026102 0.002798 406.90 16.16
E 31 74 0.036471 0.005314 451.44 3.16
E 31 77 0.038718 0.009816 559.34 5.43
E 31 79 0.029891 0.003093 416.88 1.51
E 32 37 0.030942 0.006227 422.80 3.87
E 32 40 0.032697 0.005152 488.59 1.26
E 32 41 0.034771 0.005014 464.79 0.10
E 32 44 0.027143 0.004481 406.95 0.83
E 32 48 0.027210 0.005046 407.13 0.42
E 32 50 0.027145 0.004535 413.96 1.54
E 32 52 0.027596 0.003989 421.98 15.55
E 32 54 0.036755 0.005371 598.64 0.67
E 32 57 0.026294 0.005330 461.64 17.88
E 32 58 0.026871 0.004749 397.39 2.46
E 32 60 0.026809 0.004700 386.35 1.64
E 32 62 0.026974 0.004834 386.51 2.51
E 32 63 0.034165 0.005486 473.43 1.29
E 32 64 0.027209 0.004574 404.55 1.37
E 32 65 0.027337 0.005115 420.55 0.81
E 32 68 0.031782 0.004697 458.60 2.81
E 32 69 0.025053 0.002148 609.82 1.93
E 32 70 0.027337 0.004640 402.72 8.00
E 32 71 0.031448 0.006122 443.17 0.16
E 32 76 0.026973 0.004834 395.43 1.28
E 32 77 0.034958 0.004498 462.93 5.83
E 32 79 0.029108 0.004187 434.81 0.47
E 33 35 0.028984 0.003494 417.46 1.90
E 33 36 0.028939 0.003355 413.64 0.39
E 33 38 0.027564 0.002680 415.45 4.46
E 33 39 0.028955 0.003445 416.53 12.99
E 33 40 0.032046 0.002916 440.91 0.47
E 33 41 0.030670 0.002714 460.33 4.79
E 33 42 0.002609 0.000000 268.00 17.54
E 33 43 0.030232 0.005278 438.43 1.43
E 33 44 0.036095 0.009158 503.62 4.83
E 33 46 0.028954 0.003516 397.27 3.98
E 33 49 0.028985 0.004141 449.36 3.99
E 33 51 0.032296 0.005082 457.69 0.39
E 33 52 0.035057 0.002417 454.00 2.42
E 33 53 0.028923 0.003446 418.99 0.25
E 33 54 0.029418 0.003504 424.36 0.70
E 33 56 0.028973 0.003555 430.04 0.14
E 33 59 0.031769 0.004824 461.74 5.76
E 33 61 0.029906 0.003126 438.03 3.46
E 33 63 0.033917 0.005171 481.97 2.15
E 33 66 0.032157 0.003946 444.52 1.17
E 33 67 0.031816 0.003770 444.32 1.88
E 33 68 0.032769 0.003967 459.52 0.57
E 33 74 0.031751 0.002858 442.86 5.66
E 33 75 0.028929 0.003164 419.58 0.19
E 33 77 0.036608 0.006062 488.27 1.30
E 33 79 0.030055 0.003260 424.16 1382.50
E 34 40 0.032114 0.002670 473.78 0.11
E 34 41 0.030856 0.001869 431.80 0.26
E 34 42 0.025447 0.002000 376.72 2.12
E 34 47 0.024146 0.001141 320.40 0.17
E 34 52 0.027995 0.003296 449.56 6.40
E 34 54 0.039525 0.004579 616.28 0.55
E 34 55 0.024029 0.001861 364.71 0.76
E 34 59 0.032463 0.005828 443.35 1.93
E 34 63 0.034043 0.005359 469.60 2.44
E 34 66 0.031545 0.003247 427.08 2.57
E 34 67 0.030630 0.003458 421.83 3.98
E 34 68 0.033485 0.004710 468.53 0.98
E 34 71 0.031130 0.004959 430.81 0.04
E 34 72 0.023918 0.001754 388.27 2.44
E 34 73 0.023911 0.002747 362.73 0.13
E 34 74 0.031314 0.002494 418.20 0.02
E 34 77 0.037126 0.005999 526.27 754.84
E 35 36 0.023479 0.002080 374.65 1.53
E 35 38 0.019341 0.002617 313.63 1.20
E 35 39 0.021775 0.004156 345.44 0.90
E 35 43 0.029707 0.004486 418.89 0.77
E 35 46 0.023482 0.003057 361.18 3.05
E 35 49 0.024369 0.004420 385.42 3.06
E 35 51 0.031942 0.005693 445.63 1.86
E 35 52 0.003921 0.000000 432.00 7.28
E 35 53 0.026987 0.001932 415.15 1.54
E 35 54 0.029119 0.003770 423.34 0.06
E 35 56 0.025393 0.002370 389.05 0.21
E 35 59 0.031691 0.004467 449.40 3.55
E 35 61 0.029940 0.002107 423.92 3.32
E 35 66 0.034971 0.004838 509.02 6.57
E 35 67 0.032376 0.004384 457.15 1.36
E 35 74 0.035407 0.005396 448.06 0.00
E 35 75 0.019341 0.001649 297.90 1.06
E 35 79 0.032666 0.003769 495.67 0.00
E 36 38 0.023499 0.002421 383.60 1.24
E 36 39 0.023498 0.002619 372.83 25.94
E 36 40 0.039241 0.004127 436.38 0.11
E 36 41 0.030051 0.001663 425.87 0.23
E 36 42 0.025591 0.001840 385.01 5.71
E 36 43 0.030377 0.005427 455.21 0.26
E 36 46 0.023153 0.002397 363.90 0.50
E 36 49 0.024195 0.004205 383.08 0.50
E 36 51 0.032029 0.004975 466.36 0.51
E 36 52 0.035057 0.002205 465.97 5.14
E 36 53 0.027046 0.002068 400.95 0.15
E 36 54 0.029306 0.003387 416.94 0.43
E 36 56 0.025574 0.002558 389.86 0.08
E 36 59 0.031801 0.004724 456.09 0.71
E 36 61 0.029987 0.002094 432.45 0.44
E 36 63 0.039670 0.010273 520.43 4.68
E 36 66 0.032076 0.003632 468.58 3.29
E 36 67 0.031731 0.003772 440.87 2.99
E 36 68 0.039525 0.006445 535.48 0.73
E 36 74 0.031617 0.002571 438.12 0.03
E 36 75 0.023399 0.002184 355.24 2.55
E 36 77 0.035702 0.005820 492.90 830.59
E 36 79 0.031770 0.003271 396.65 11.15
E 37 40 0.032755 0.006753 466.31 1.17
E 37 41 0.035236 0.006181 539.43 1.75
E 37 44 0.031318 0.007020 442.01 1.51
E 37 48 0.030813 0.006065 459.82 5.33
E 37 50 0.030728 0.006016 461.82 2.78
E 37 51 0.032469 0.004817 491.16 4.47
E 37 52 0.030343 0.005979 415.06 14.67
E 37 54 0.033655 0.006988 487.66 0.13
E 37 55 0.029349 0.002849 450.52 0.98
E 37 57 0.031239 0.006947 452.13 6.82
E 37 58 0.030324 0.005455 420.33 0.76
E 37 60 0.030324 0.005455 435.23 0.94
E 37 62 0.032911 0.003986 525.13 5.13
E 37 63 0.034449 0.006355 492.59 6.43
E 37 64 0.031386 0.007082 460.07 171.52
E 37 65 0.031399 0.006956 438.33 0.30
E 37 68 0.032894 0.005597 469.66 18.80
E 37 69 0.031091 0.006954 449.07 24.58
E 37 70 0.031445 0.007072 451.39 96.68
E 37 71 0.031443 0.005912 455.86 1.48
E 37 76 0.030103 0.005518 456.78 0.00
E 37 77 0.036606 0.006062 482.32 0.00
E 38 39 0.021930 0.004414 341.98 0.04
E 38 43 0.029696 0.004840 466.32 0.73
E 38 46 0.023483 0.003057 344.62 0.78
E 38 49 0.024308 0.004426 362.41 0.78
E 38 51 0.031195 0.004985 438.87 3.41
E 38 52 0.041560 0.000000 423.49 23.81
E 38 53 0.026792 0.002682 384.96 1.01
E 38 54 0.028241 0.002495 411.99 0.35
E 38 56 0.025395 0.002751 390.23 0.42
E 38 59 0.029787 0.001391 400.67 0.54
E 38 61 0.029845 0.002405 464.56 0.84
E 38 66 0.034020 0.003693 445.80 19.69
E 38 67 0.034743 0.005859 542.46 2.10
E 38 68 0.002097 0.000000 204.00 25.49
E 38 74 0.037454 0.007734 557.41 28.65
E 38 75 0.018740 0.002485 304.13 5.30
E 38 79 0.032826 0.003561 372.97 0.00
E 39 41 0.030116 0.002401 410.20 1.94
E 39 43 0.029639 0.004396 414.51 0.67
E 39 46 0.023482 0.003057 377.66 2.93
E 39 49 0.024369 0.004420 375.05 2.95
E 39 51 0.032076 0.006035 468.61 3.60
E 39 52 0.041561 0.000000 395.39 3.56
E 39 53 0.026987 0.002526 422.08 0.70
E 39 54 0.028641 0.003421 400.29 0.40
E 39 56 0.025401 0.002839 391.99 1.23
E 39 59 0.031696 0.004553 474.11 1.53
E 39 61 0.029854 0.002720 432.95 3.30
E 39 66 0.032126 0.003872 473.79 181.61
E 39 67 0.032375 0.004384 464.53 8.57
E 39 74 0.031765 0.003921 441.87 0.13
E 39 75 0.021915 0.004301 354.26 0.00
E 39 79 0.032666 0.003769 442.50 0.00
E 40 41 0.032434 0.003053 480.68 0.33
E 40 42 0.031214 0.001806 476.11 1.92
E 40 43 0.032046 0.004588 451.75 0.98
E 40 44 0.033022 0.004146 455.98 1.53
E 40 48 0.038464 0.006784 472.07 0.84
E 40 50 0.038663 0.007202 511.85 0.69
E 40 51 0.032119 0.005454 485.17 1.82
E 40 52 0.032823 0.003626 455.12 191.55
E 40 53 0.031579 0.001907 439.82 0.28
E 40 54 0.032666 0.003488 454.87 0.51
E 40 55 0.039242 0.004127 445.07 0.59
E 40 56 0.030154 0.001357 427.96 0.42
E 40 57 0.039183 0.004579 573.40 8.88
E 40 58 0.039398 0.006275 492.32 0.50
E 40 59 0.032302 0.004996 485.57 0.46
E 40 60 0.039398 0.006275 634.78 0.99
E 40 61 0.032263 0.002422 454.11 0.69
E 40 63 0.034059 0.004758 483.61 8.66
E 40 64 0.032726 0.003168 451.69 5.53
E 40 65 0.032755 0.004709 461.77 0.54
E 40 66 0.032104 0.003443 461.81 5.94
E 40 67 0.031865 0.004244 467.94 8.25
E 40 68 0.032906 0.003340 506.73 4.76
E 40 69 0.039186 0.004579 525.48 4.46
E 40 70 0.032755 0.003013 477.49 3.39
E 40 71 0.032409 0.004774 466.55 0.21
E 40 72 0.032114 0.002670 443.31 0.35
E 40 74 0.032384 0.002750 478.56 0.49
E 40 76 0.045292 0.003392 438.06 0.43
E 40 77 0.036559 0.005972 487.46 0.65
E 40 79 0.032817 0.002903 492.71 0.10
E 41 42 0.030571 0.001800 430.71 1.21
E 41 43 0.030670 0.003681 433.99 0.06
E 41 44 0.035265 0.004198 514.14 0.50
E 41 46 0.030123 0.002847 455.44 0.01
E 41 48 0.034773 0.004514 477.59 0.49
E 41 49 0.030286 0.003099 454.16 0.01
E 41 50 0.034833 0.004070 523.72 0.69
E 41 51 0.032694 0.007148 496.76 2.41
E 41 52 0.031064 0.003760 434.56 10.60
E 41 53 0.030232 0.001676 440.96 0.48
E 41 54 0.030726 0.003387 482.40 0.50
E 41 57 0.034497 0.002560 423.81 20.94
E 41 58 0.033019 0.004619 456.62 1.46
E 41 59 0.032619 0.005359 468.46 0.87
E 41 60 0.031311 0.004303 421.12 1.11
E 41 61 0.030823 0.001871 442.33 1.20
E 41 62 0.031315 0.002103 395.54 1.27
E 41 63 0.034649 0.005439 491.60 1.76
E 41 64 0.034771 0.008089 443.50 1.54
E 41 65 0.035225 0.005861 525.49 0.63
E 41 68 0.032894 0.004018 495.16 2.54
E 41 69 0.035455 0.000848 422.99 1.64
E 41 70 0.035225 0.005228 531.26 2.41
E 41 71 0.031234 0.004689 458.89 0.13
E 41 72 0.030856 0.001869 420.49 0.55
E 41 74 0.030858 0.001788 453.73 0.80
E 41 76 0.031315 0.002103 398.58 0.16
E 41 77 0.036595 0.005346 492.15 0.42
E 41 79 0.031249 0.003376 432.60 0.11
E 42 46 0.025624 0.002219 384.12 4.59
E 42 47 0.024456 0.001038 367.39 0.52
E 42 49 0.025545 0.003792 413.40 4.54
E 42 51 0.032486 0.006678 431.72 3.41
E 42 52 0.027934 0.003540 409.25 5.37
E 42 53 0.010819 0.000512 1120.00 22.92
E 42 54 0.014915 0.001728 1632.00 7.52
E 42 55 0.025369 0.001949 391.97 0.73
E 42 59 0.031814 0.005057 459.46 2.40
E 42 61 0.029216 0.001544 464.68 4.41
E 42 63 0.033811 0.005284 482.44 1.26
E 42 66 0.032184 0.003960 520.18 6.84
E 42 67 0.031592 0.004023 463.93 0.00
E 42 68 0.032832 0.004011 515.22 93.23
E 42 71 0.031306 0.004756 463.03 14.79
E 42 72 0.025447 0.002000 383.03 0.37
E 42 73 0.025426 0.002837 390.98 297.23
E 42 74 0.031397 0.002301 458.88 32.38
E 42 77 0.037215 0.006142 490.84 13.88
E 43 44 0.029688 0.004657 421.93 1.23
E 43 46 0.029848 0.004528 425.11 0.15
E 43 49 0.029480 0.004252 446.22 0.15
E 43 51 0.032328 0.005603 465.94 0.75
E 43 52 0.035057 0.007293 533.78 2.76
E 43 53 0.030365 0.005233 465.24 1.04
E 43 54 0.029636 0.004775 439.97 0.90
E 43 56 0.029856 0.004685 488.11 0.27
E 43 59 0.031599 0.004680 463.55 0.03
E 43 61 0.030034 0.004894 433.94 0.21
E 43 63 0.033916 0.005171 457.52 2.56
E 43 66 0.032172 0.004296 464.58 3.08
E 43 67 0.031544 0.004533 452.70 11.87
E 43 68 0.032769 0.003983 442.94 2.95
E 43 74 0.031746 0.004496 474.70 7.43
E 43 75 0.029508 0.004677 456.82 0.78
E 43 77 0.036608 0.006062 525.44 5.66
E 43 79 0.030035 0.004805 457.64 2.12
E 44 48 0.029564 0.006075 408.86 0.56
E 44 50 0.026264 0.003404 386.69 45.22
E 44 51 0.033435 0.005573 477.74 0.67
E 44 52 0.032986 0.003392 547.05 1.90
E 44 53 0.032742 0.000000 743.59 11.06
E 44 54 0.029492 0.004015 432.21 5.77
E 44 57 0.026699 0.003870 423.00 2.85
E 44 58 0.028635 0.004894 429.46 2.74
E 44 59 0.029485 0.002318 516.50 1.10
E 44 60 0.028970 0.005088 441.82 2.46
E 44 61 0.032674 0.004003 475.51 1.72
E 44 63 0.034582 0.005576 474.07 0.37
E 44 64 0.026263 0.003496 410.63 0.46
E 44 65 0.027420 0.005371 426.22 108.72
E 44 68 0.032896 0.003850 453.52 3.10
E 44 69 0.026460 0.003967 403.03 75.43
E 44 70 0.027074 0.004049 410.60 0.65
E 44 77 0.036608 0.006062 482.25 0.96
E 44 79 0.029773 0.004224 448.15 0.16
E 46 51 0.031884 0.005127 459.51 1.86
E 46 52 0.003921 0.000000 432.00 4.33
E 46 53 0.026732 0.002948 379.88 0.55
E 46 54 0.028958 0.003364 426.88 0.90
E 46 56 0.025422 0.003106 389.82 0.33
E 46 59 0.031752 0.004788 456.02 0.06
E 46 66 0.032070 0.003881 470.55 3.41
E 46 67 0.031840 0.003789 459.23 21.52
E 46 74 0.031619 0.002613 470.24 3.27
E 46 75 0.023484 0.003057 386.06 1.08
E 46 77 0.035742 0.004236 460.18 6.04
E 46 79 0.032666 0.003769 520.66 2.63
E 47 52 0.033589 0.001357 439.94 40.56
E 47 55 0.018648 0.001866 301.09 0.10
E 47 66 0.034969 0.004603 495.84 4.49
E 47 67 0.034397 0.006784 426.27 7.36
E 47 68 0.033758 0.000949 454.11 1.73
E 47 71 0.031814 0.004564 460.12 0.49
E 47 72 0.023784 0.001187 404.13 0.38
E 47 73 0.018458 0.002509 293.89 2.42
E 47 74 0.034698 0.004410 509.98 2.09
E 47 77 0.039591 0.008311 535.26 2.25
E 48 50 0.019961 0.002806 315.51 0.15
E 48 52 0.003921 0.000000 432.00 1.06
E 48 57 0.022713 0.005352 395.24 0.67
E 48 58 0.020204 0.003324 331.31 2.34
E 48 60 0.020204 0.003324 308.32 6.40
E 48 62 0.019868 0.002979 317.53 0.24
E 48 63 0.037565 0.006030 559.67 0.53
E 48 64 0.024278 0.003228 370.09 0.33
E 48 65 0.027426 0.005358 409.45 0.66
E 48 69 0.022073 0.004862 311.90 0.07
E 48 70 0.026093 0.002985 407.69 0.14
E 48 71 0.031025 0.004603 459.35 0.07
E 48 76 0.019879 0.002942 320.24 15.95
E 48 80 0.019470 0.002890 304.53 3.78
E 49 51 0.031804 0.005178 454.05 1.82
E 49 52 0.041561 0.000000 645.25 4.33
E 49 53 0.026664 0.004141 400.91 0.55
E 49 54 0.029102 0.003387 415.42 0.89
E 49 56 0.025343 0.004356 380.88 0.33
E 49 59 0.031798 0.004905 464.26 0.06
E 49 66 0.032082 0.003816 455.77 3.41
E 49 67 0.032030 0.004053 453.13 22.14
E 49 74 0.031655 0.003319 454.84 3.25
E 49 75 0.024218 0.004222 355.55 1.07
E 49 77 0.035889 0.004449 481.27 6.02
E 49 79 0.033177 0.004749 383.71 2.63
E 50 52 0.003921 0.000000 432.00 2.84
E 50 54 0.037830 0.002374 544.67 3.17
E 50 57 0.024135 0.005828 382.68 1.30
E 50 58 0.019898 0.003140 347.99 0.97
E 50 60 0.019881 0.002250 310.67 1.90
E 50 62 0.019707 0.001362 325.29 0.01
E 50 63 0.037563 0.006106 501.72 5.17
E 50 64 0.024055 0.003155 384.32 1.40
E 50 65 0.026960 0.004711 431.82 0.17
E 50 68 0.004258 0.000448 416.00 0.24
E 50 69 0.026720 0.010430 448.92 0.15
E 50 70 0.026304 0.003131 407.32 0.06
E 50 76 0.019706 0.001362 302.52 108.71
E 51 52 0.031202 0.004432 445.67 0.56
E 51 53 0.032308 0.005071 462.48 1.00
E 51 54 0.032215 0.005099 467.66 1.55
E 51 56 0.031831 0.005292 452.74 1.52
E 51 57 0.030600 0.000942 452.75 3.15
E 51 59 0.032529 0.005505 487.33 1.29
E 51 61 0.032313 0.005731 446.96 1.41
E 51 63 0.034162 0.005566 466.74 0.84
E 51 64 0.031790 0.001018 480.26 0.49
E 51 65 0.030619 0.004494 435.04 2.08
E 51 66 0.032483 0.005859 457.49 1.51
E 51 67 0.032076 0.005933 458.91 3.84
E 51 68 0.032767 0.005383 468.17 1.10
E 51 69 0.031666 0.000961 443.69 2.00
E 51 70 0.031915 0.007462 527.37 1.16
E 51 74 0.032516 0.005704 486.48 1.10
E 51 75 0.032540 0.007151 466.88 0.07
E 51 77 0.036606 0.006062 526.94 1.49
E 51 79 0.032306 0.005342 454.82 0.39
E 52 53 0.035057 0.002204 532.61 4.37
E 52 54 0.033783 0.003448 485.00 2.62
E 52 55 0.028074 0.003378 400.83 20.64
E 52 56 0.043257 0.003561 584.84 10.66
E 52 57 0.035859 0.001967 439.19 1.32
E 52 58 0.031761 0.002224 461.61 19.17
E 52 59 0.031916 0.005217 451.81 4.22
E 52 60 0.030424 0.002148 457.89 31.06
E 52 61 0.029485 0.003666 463.12 4.24
E 52 63 0.034352 0.005530 469.92 0.47
E 52 64 0.035057 0.012696 473.73 1.12
E 52 65 0.033522 0.004965 480.64 7.16
E 52 66 0.031823 0.003801 462.64 3.34
E 52 67 0.030696 0.003743 436.63 6.49
E 52 68 0.033301 0.004035 479.78 30.99
E 52 69 0.037998 0.003560 403.90 2.54
E 52 70 0.033522 0.007632 448.65 3.16
E 52 71 0.031001 0.004736 457.47 2.63
E 52 72 0.027995 0.003296 426.29 6.07
E 52 73 0.027073 0.003658 375.53 2.99
E 52 74 0.031870 0.003801 435.24 1.53
E 52 77 0.037029 0.006060 506.26 2.66
E 52 79 0.034306 0.004452 485.72 2.84
E 53 54 0.029419 0.003504 446.99 0.14
E 53 56 0.026941 0.002719 406.49 0.15
E 53 59 0.031824 0.004848 463.96 0.69
E 53 61 0.029906 0.002369 439.89 0.49
E 53 63 0.033581 0.004697 475.92 22.63
E 53 66 0.032157 0.003946 462.75 4.21
E 53 67 0.031915 0.003763 463.47 1.74
E 53 68 0.032222 0.003143 491.80 0.54
E 53 74 0.031751 0.002755 424.48 0.35
E 53 75 0.026810 0.001696 408.77 0.07
E 53 77 0.036104 0.005022 483.70 0.28
E 53 79 0.029936 0.002890 434.77 0.41
E 54 55 0.036755 0.005371 513.21 0.42
E 54 56 0.029359 0.003648 415.76 0.47
E 54 57 0.033332 0.002996 395.70 5.60
E 54 59 0.031774 0.004897 459.86 0.74
E 54 61 0.029545 0.003623 439.24 0.79
E 54 63 0.034422 0.005568 456.85 7.75
E 54 64 0.036752 0.005370 492.74 2.98
E 54 65 0.032278 0.004551 495.84 0.04
E 54 66 0.032172 0.004024 479.83 3.28
E 54 67 0.031546 0.003969 456.73 1.46
E 54 68 0.032768 0.003967 498.27 1.04
E 54 69 0.033334 0.002996 500.33 1.48
E 54 70 0.032128 0.007191 483.05 5.40
E 54 71 0.036754 0.005371 440.03 2.19
E 54 72 0.039525 0.004579 468.54 4.32
E 54 74 0.031709 0.003387 469.06 101.48
E 54 77 0.036607 0.006062 506.85 566.48
E 54 79 0.030029 0.003397 453.72 0.05
E 55 62 0.014373 0.002048 1448.00 0.82
E 55 63 0.036811 0.004353 499.58 5.96
E 55 64 0.027993 0.000000 412.06 1.29
E 55 66 0.014307 0.001504 1556.00 4.25
E 55 67 0.038508 0.006784 719.54 6.15
E 55 68 0.038064 0.006377 448.49 2.19
E 55 70 0.002865 0.000000 300.00 8.84
E 55 71 0.031267 0.005314 451.18 0.27
E 55 72 0.023478 0.001764 360.96 0.65
E 55 73 0.018510 0.002433 295.96 1.50
E 55 74 0.035114 0.005476 482.49 0.98
E 55 76 0.025392 0.003618 404.28 2.50
E 55 77 0.037026 0.006068 479.43 3.91
E 55 78 0.005410 0.000960 560.00 19.73
E 56 59 0.031872 0.004854 442.65 0.07
E 56 61 0.029826 0.002535 432.34 0.22
E 56 66 0.032066 0.003800 454.28 3.08
E 56 67 0.032173 0.004410 460.61 33.52
E 56 74 0.031721 0.002724 457.63 0.17
E 56 75 0.025506 0.002338 392.76 0.27
E 56 79 0.030034 0.003096 418.97 0.07
E 57 58 0.025470 0.004894 386.32 1.87
E 57 60 0.027440 0.005088 397.39 0.53
E 57 63 0.038945 0.008412 499.78 0.15
E 57 64 0.031652 0.009498 430.45 0.28
E 57 65 0.027341 0.004732 395.13 6.93
E 57 68 0.015253 0.000736 1500.00 0.07
E 57 69 0.017506 0.000932 269.89 0.18
E 57 70 0.025949 0.002498 399.86 0.83
E 58 60 0.020106 0.003673 319.96 0.10
E 58 62 0.019941 0.003488 309.69 4.86
E 58 63 0.038311 0.007027 486.18 13.34
E 58 64 0.024429 0.003222 360.80 133.46
E 58 65 0.030138 0.005461 450.14 0.48
E 58 68 0.033250 0.004894 434.85 16.89
E 58 69 0.016822 0.003232 1696.00 6.96
E 58 70 0.030873 0.007259 446.65 2.00
E 58 71 0.031257 0.004571 437.75 2.69
E 58 76 0.019836 0.003445 306.20 6.62
E 58 78 0.019407 0.003502 319.59 4.86
E 58 80 0.019371 0.003500 293.94 0.97
E 59 61 0.032264 0.004989 473.17 0.06
E 59 63 0.033925 0.005104 475.25 2.22
E 59 66 0.032435 0.004810 456.42 3.38
E 59 67 0.032435 0.004810 474.70 25.62
E 59 68 0.032766 0.005035 484.92 4.39
E 59 71 0.032148 0.005862 491.01 0.78
E 59 72 0.032550 0.006010 518.36 2.29
E 59 74 0.032535 0.004996 497.83 13.00
E 59 75 0.029756 0.001492 378.77 3.51
E 59 77 0.036605 0.006062 491.40 23.78
E 59 79 0.031812 0.005116 461.96 2.40
E 60 62 0.018518 0.001906 303.50 4.18
E 60 63 0.038311 0.007027 473.24 3.87
E 60 64 0.024429 0.003173 366.81 9.70
E 60 65 0.030138 0.003995 471.86 0.41
E 60 68 0.020711 0.003840 2124.00 3.91
E 60 70 0.031170 0.006826 435.20 4.05
E 60 76 0.018464 0.001833 310.13 0.00
E 61 63 0.033940 0.004868 470.80 2.81
E 61 66 0.032021 0.003714 444.40 3.84
E 61 67 0.031724 0.003580 449.08 18.26
E 61 68 0.032767 0.003967 462.45 3.49
E 61 74 0.031612 0.002631 448.41 2.91
E 61 75 0.029694 0.001787 449.97 0.65
E 61 77 0.036606 0.006062 473.38 5.57
E 61 79 0.030107 0.003149 438.63 2.12
E 62 63 0.010866 0.002240 1184.00 2.13
E 62 64 0.023760 0.002249 361.95 0.75
E 62 65 0.012547 0.002688 1336.00 0.39
E 62 70 0.006850 0.001120 740.00 0.05
E 62 71 0.031222 0.004491 421.08 0.01
E 62 76 0.017723 0.001117 274.58 21.92
E 62 78 0.016758 0.001054 265.72 8.51
E 62 80 0.016760 0.000528 273.07 8.65
E 63 64 0.034210 0.005741 460.70 0.05
E 63 65 0.034648 0.005664 484.53 10.90
E 63 66 0.033680 0.004585 488.88 0.13
E 63 67 0.033645 0.004716 477.79 0.02
E 63 68 0.034478 0.005396 460.22 0.13
E 63 69 0.036879 0.004817 426.78 0.18
E 63 70 0.034648 0.005664 457.83 1.21
E 63 71 0.034263 0.005667 483.78 3.15
E 63 72 0.034104 0.005386 456.75 1.24
E 63 74 0.033928 0.004761 471.90 1.91
E 63 76 0.010866 0.002240 1184.00 1.96
E 63 77 0.036486 0.005915 499.63 2.29
E 63 79 0.034382 0.005197 468.40 3.55
E 64 65 0.026927 0.004646 392.55 23.63
E 64 68 0.039186 0.006106 559.86 0.17
E 64 69 0.036132 0.016112 537.74 0.15
E 64 70 0.026587 0.003682 377.32 1.70
E 64 71 0.031966 0.003392 430.27 1.31
E 64 76 0.023685 0.002173 362.68 0.59
E 64 77 0.038643 0.009633 532.30 0.99
E 64 79 0.032265 0.002917 604.56 0.65
E 65 68 0.032895 0.004507 460.18 1.39
E 65 69 0.027158 0.004505 383.07 0.79
E 65 70 0.028099 0.006154 398.75 1.70
E 65 71 0.031444 0.004893 474.22 0.20
E 65 76 0.031656 0.006309 444.07 0.06
E 65 77 0.036607 0.006062 473.35 0.01
E 65 79 0.029773 0.004328 435.26 0.01
E 66 67 0.031961 0.004023 478.84 0.04
E 66 68 0.032903 0.004263 465.83 0.08
E 66 71 0.031546 0.005044 473.52 0.78
E 66 72 0.031545 0.003247 490.09 0.54
E 66 74 0.031944 0.003832 448.15 0.30
E 66 75 0.016116 0.001600 1724.00 0.75
E 66 77 0.036820 0.006088 509.98 1.13
E 66 79 0.031822 0.003399 467.45 0.85
E 67 68 0.032903 0.004263 496.46 0.02
E 67 71 0.031352 0.005044 460.99 0.77
E 67 72 0.030630 0.003458 404.26 2.33
E 67 73 0.002737 0.000000 284.00 0.36
E 67 74 0.031711 0.003796 447.54 0.58
E 67 75 0.034818 0.005851 473.97 1.02
E 67 77 0.036636 0.005850 488.15 2.24
E 67 79 0.031559 0.004225 448.26 6.89
E 68 70 0.032895 0.003850 476.25 0.10
E 68 71 0.033630 0.004586 468.51 0.18
E 68 72 0.033485 0.004710 484.56 0.53
E 68 74 0.032978 0.004186 473.85 0.07
E 68 77 0.036837 0.006022 497.68 0.11
E 68 79 0.032782 0.003644 467.31 0.58
E 69 70 0.025950 0.002456 418.67 0.07
E 69 79 0.029858 0.002868 440.82 0.07
E 70 71 0.031444 0.004893 423.41 0.17
E 70 74 0.004081 0.000000 452.00 9.98
E 70 76 0.006850 0.001120 740.00 200.01
E 70 77 0.036607 0.006062 488.28 8.29
E 70 79 0.029773 0.002734 422.29 25.80
E 71 72 0.031341 0.005297 438.26 5.35
E 71 73 0.031017 0.004657 437.84 0.05
E 71 74 0.031384 0.004757 435.55 34.89
E 71 76 0.031222 0.004491 461.36 3.72
E 71 77 0.037051 0.005911 475.13 9.37
E 71 78 0.031258 0.004717 451.48 0.99
E 72 73 0.023435 0.002747 335.87 1.17
E 72 74 0.031314 0.002494 451.45 223.85
E 72 77 0.037126 0.005999 488.34 68.43
E 73 77 0.004562 0.000000 396.00 2.58
E 74 77 0.037331 0.006411 499.23 0.33
E 74 79 0.031792 0.003111 441.18 0.87
E 76 78 0.017743 0.001135 295.15 167.88
E 76 80 0.017723 0.001111 302.82 0.00
E 77 79 0.036606 0.006062 507.15 0.41
E 78 80 0.014625 0.000921 233.35 0.00
END

SECTION Terminals
Root 15
Terminals 39
T 65
T 53
T 60
T 63
T 22
T 16
T 50
T 10
T 43
T 5
T 79
T 1
T 19
T 40
T 61
T 39
T 24
T 14
T 71
T 36
T 51
T 13
T 11
T 57
T 54
T 20
T 49
T 25
T 68
T 62
T 74
T 58
T 4
T 3
T 6
T 41
T 72
T 7
T 33
END

EOF