SECTION Comment
CREATOR "Carlos Araujo"
REMARK "Instance for QoS Multicast Routing Problem"
QoS METRICS "delay, jitter, bandwidth and estimate of link duration"
END

SECTION Graph
Nodes 50
Edges 438

E 1 2 0.026871 0.005529 379.90 0.05
E 1 5 0.029873 0.005390 479.78 0.48
E 1 6 0.029299 0.006526 424.68 2.60
E 1 7 0.026047 0.005691 418.50 19.24
E 1 8 0.028991 0.006348 386.72 13.97
E 1 9 0.029883 0.005643 416.58 2.57
E 1 10 0.028507 0.006283 450.55 4.19
E 1 13 0.030523 0.005970 445.76 0.99
E 1 17 0.026149 0.006897 442.06 4.40
E 1 18 0.031006 0.006746 409.43 2.26
E 1 19 0.030153 0.005597 441.43 2.65
E 1 20 0.026747 0.005671 397.83 0.52
E 1 22 0.027106 0.006138 412.54 1.79
E 1 23 0.029736 0.005258 413.61 2.45
E 1 24 0.026428 0.005552 397.83 3.12
E 1 29 0.010386 0.001664 1124.00 0.30
E 1 30 0.026746 0.005671 384.27 2.52
E 1 33 0.036699 0.005879 596.43 3.96
E 1 34 0.025844 0.005156 421.60 217.13
E 1 36 0.027623 0.007823 435.81 0.31
E 1 37 0.026251 0.005409 418.22 1.90
E 1 39 0.026135 0.005559 379.50 1.43
E 1 41 0.026853 0.005695 383.71 0.77
E 1 44 0.027328 0.005736 430.92 1.25
E 1 45 0.031778 0.010006 502.18 0.70
E 1 47 0.024613 0.004198 364.81 88.46
E 1 48 0.027014 0.005609 405.63 4.51
E 1 50 0.026418 0.005345 402.59 11.94
E 2 5 0.027314 0.005427 519.33 0.98
E 2 6 0.022677 0.001986 377.49 2.05
E 2 7 0.024176 0.003151 406.46 3.74
E 2 18 0.026191 0.005189 392.77 1.98
E 2 19 0.022725 0.002076 382.64 1.38
E 2 20 0.022705 0.001904 349.46 0.85
E 2 22 0.025157 0.003060 378.90 2.23
E 2 23 0.022738 0.001962 351.50 1.82
E 2 24 0.022359 0.002216 393.93 0.22
E 2 30 0.022705 0.001904 357.35 2.06
E 2 35 0.032742 0.003392 635.53 3.07
E 2 39 0.022705 0.001904 371.45 2.31
E 2 41 0.024863 0.003590 357.51 5.22
E 2 42 0.022748 0.001993 350.84 36.80
E 2 46 0.022747 0.001993 365.35 0.85
E 2 48 0.023533 0.002617 367.27 0.67
E 3 4 0.016071 0.001640 285.77 2.64
E 3 5 0.016860 0.001187 277.38 0.97
E 3 11 0.017170 0.004132 270.72 0.52
E 3 13 0.019397 0.004989 292.19 0.04
E 3 15 0.024299 0.007354 377.10 1.81
E 3 16 0.020457 0.002275 302.61 1.11
E 3 25 0.022496 0.003053 317.96 4.99
E 3 26 0.021546 0.002991 345.94 0.39
E 3 28 0.021280 0.002762 325.47 1.66
E 3 31 0.018489 0.005292 277.74 0.07
E 4 11 0.018272 0.004519 291.76 13.14
E 4 15 0.024486 0.007834 404.09 105.53
E 4 16 0.020641 0.002552 296.33 28.54
E 4 25 0.022015 0.003000 305.36 0.39
E 4 26 0.020980 0.002940 341.26 1.57
E 4 28 0.021485 0.003292 345.85 9.26
E 4 29 0.020821 0.003489 313.41 0.76
E 4 31 0.019902 0.005777 326.89 0.74
E 4 33 0.020530 0.001696 461.43 553.94
E 4 49 0.017758 0.000339 291.07 2.64
E 5 6 0.023130 0.000791 659.72 0.00
E 5 8 0.020824 0.002629 336.73 5.61
E 5 9 0.027418 0.005745 363.41 16.27
E 5 10 0.021775 0.004943 343.25 0.02
E 5 13 0.021284 0.003566 361.09 0.43
E 5 15 0.023073 0.004342 423.69 0.65
E 5 16 0.007186 0.002560 724.00 112.97
E 5 17 0.025052 0.008616 443.89 0.09
E 5 18 0.022960 0.001527 371.75 0.03
E 5 19 0.023752 0.000170 275.96 0.00
E 5 20 0.024487 0.001244 401.44 9.79
E 5 22 0.026760 0.004000 456.86 0.14
E 5 23 0.004482 0.000032 444.00 0.88
E 5 26 0.013029 0.002592 1280.00 2.14
E 5 28 0.022880 0.003707 381.23 35.04
E 5 29 0.022650 0.000763 397.66 0.74
E 5 30 0.022904 0.000763 368.14 0.00
E 5 31 0.018733 0.002295 285.57 0.85
E 5 33 0.021917 0.001357 394.50 0.46
E 5 36 0.024466 0.006452 360.19 10.41
E 5 41 0.028436 0.004091 416.61 1.29
E 5 44 0.022960 0.004360 345.03 39.03
E 5 45 0.021535 0.004864 367.47 7.36
E 5 48 0.024562 0.001545 373.64 1.32
E 5 50 0.021379 0.003971 330.29 4.29
E 6 7 0.025017 0.003603 366.44 3.03
E 6 9 0.028483 0.005631 415.98 3.38
E 6 19 0.020356 0.000516 304.83 0.76
E 6 20 0.022070 0.001040 333.67 4.40
E 6 23 0.020321 0.000522 323.78 0.03
E 6 24 0.022267 0.002078 340.52 0.09
E 6 34 0.022734 0.003505 389.63 1.38
E 6 37 0.022972 0.001221 372.58 2.84
E 6 39 0.021408 0.000634 354.13 43.79
E 6 41 0.029329 0.004485 417.47 4.54
E 6 42 0.020223 0.000444 315.36 52.99
E 6 46 0.020222 0.001138 318.13 7.14
E 6 48 0.023536 0.002547 399.14 2.01
E 7 8 0.026584 0.004958 376.62 0.31
E 7 9 0.027975 0.005766 415.16 2.13
E 7 10 0.026365 0.006739 430.64 4.01
E 7 17 0.024829 0.007659 356.96 4.25
E 7 18 0.025108 0.003087 427.99 5.07
E 7 19 0.025205 0.003761 432.45 3.00
E 7 22 0.025002 0.003282 370.76 10.99
E 7 23 0.025295 0.003834 373.65 1.24
E 7 24 0.024543 0.003190 375.96 1.72
E 7 30 0.024171 0.003007 369.38 3.03
E 7 32 0.024177 0.004410 320.80 1.14
E 7 34 0.026188 0.006535 390.25 0.23
E 7 36 0.024006 0.006805 381.58 0.26
E 7 37 0.024445 0.004564 372.23 1.72
E 7 39 0.024341 0.003124 380.45 1.45
E 7 41 0.025975 0.004183 410.90 6.32
E 7 42 0.025330 0.003883 378.07 4.24
E 7 44 0.021887 0.004494 368.68 0.52
E 7 46 0.025088 0.003364 381.73 10.47
E 7 47 0.023854 0.005173 376.04 61.72
E 7 48 0.024127 0.003000 412.34 35.01
E 8 9 0.028042 0.005101 417.72 0.88
E 8 10 0.022584 0.004330 340.99 4.03
E 8 12 0.024317 0.003804 396.40 0.98
E 8 13 0.022676 0.003230 351.39 2.48
E 8 14 0.020928 0.004705 313.52 4.68
E 8 17 0.025784 0.006991 409.75 4.02
E 8 21 0.027766 0.005201 374.55 1.47
E 8 22 0.026762 0.004474 439.32 5.15
E 8 24 0.031113 0.007680 439.14 1.63
E 8 30 0.002705 0.000000 280.00 6.67
E 8 32 0.027765 0.006445 567.11 1.71
E 8 36 0.024072 0.006224 393.28 1.52
E 8 37 0.025278 0.004506 415.98 0.65
E 8 40 0.029519 0.006954 349.17 0.63
E 8 41 0.027220 0.004364 435.51 2.38
E 8 44 0.022862 0.004305 385.12 2.60
E 8 47 0.025278 0.004506 345.03 3.61
E 8 48 0.024346 0.003653 382.17 15.72
E 8 50 0.021706 0.004150 347.75 35.88
E 9 10 0.028219 0.006267 400.28 1.22
E 9 13 0.024888 0.004938 370.64 2.06
E 9 15 0.022478 0.004790 334.36 0.77
E 9 17 0.028649 0.005397 415.81 1.24
E 9 18 0.021377 0.004965 363.05 2.78
E 9 19 0.029209 0.004629 416.10 3.34
E 9 20 0.028120 0.005427 410.20 4.35
E 9 22 0.028226 0.005224 432.45 4.71
E 9 23 0.029959 0.005699 393.25 3.25
E 9 24 0.031916 0.008141 398.95 0.93
E 9 25 0.019594 0.003074 371.32 1.36
E 9 26 0.021907 0.004603 377.21 0.01
E 9 27 0.019596 0.003074 333.80 0.79
E 9 29 0.019596 0.003074 299.61 16.97
E 9 30 0.028120 0.005427 418.62 2.92
E 9 32 0.029262 0.006445 451.58 4.25
E 9 33 0.019592 0.003074 323.96 1.12
E 9 34 0.029881 0.006049 473.39 1.11
E 9 35 0.019595 0.003074 330.42 0.77
E 9 36 0.025761 0.007572 387.04 1.83
E 9 37 0.029127 0.004555 436.13 0.24
E 9 40 0.029801 0.004636 476.51 2.25
E 9 41 0.028390 0.004993 399.00 0.93
E 9 44 0.027096 0.005859 545.23 42.76
E 9 45 0.020588 0.004979 311.04 4.42
E 9 47 0.029129 0.004555 420.01 2.07
E 9 48 0.028120 0.005427 415.97 1.94
E 9 50 0.028268 0.007168 418.99 3.71
E 10 12 0.022565 0.004371 348.21 2.13
E 10 13 0.026209 0.006636 425.65 251.32
E 10 14 0.022662 0.006164 335.95 6.65
E 10 20 0.023922 0.003731 314.51 6.03
E 10 21 0.024808 0.004618 341.58 10.89
E 10 24 0.029480 0.006411 390.04 0.06
E 10 32 0.021110 0.003307 341.46 32.50
E 10 36 0.024332 0.006591 370.12 8.77
E 10 37 0.025854 0.006046 358.81 1.88
E 10 38 0.024939 0.004664 457.11 172.88
E 10 40 0.021107 0.004958 347.69 96.13
E 10 41 0.027838 0.005509 382.89 4.09
E 10 44 0.023273 0.005215 348.03 0.44
E 10 47 0.025212 0.005944 369.69 1.17
E 10 48 0.026006 0.006542 396.71 1.67
E 10 50 0.022749 0.004787 353.14 1.44
E 11 13 0.019231 0.005487 337.99 0.30
E 11 15 0.024274 0.007828 388.42 0.34
E 11 16 0.020254 0.006736 319.01 0.15
E 11 25 0.022496 0.003053 394.64 12.43
E 11 26 0.021586 0.005965 331.17 6.92
E 11 28 0.021574 0.003138 318.52 2.38
E 11 31 0.018566 0.005390 308.82 2.03
E 11 45 0.020869 0.004790 337.05 0.74
E 12 13 0.024853 0.005851 413.22 1.41
E 12 14 0.021373 0.005124 338.62 0.23
E 12 17 0.027070 0.005686 397.54 2.08
E 12 21 0.017164 0.002510 283.08 1.04
E 12 24 0.033274 0.007268 420.64 1.80
E 12 32 0.016821 0.002593 263.82 6.32
E 12 36 0.024148 0.003957 340.12 0.24
E 12 38 0.017166 0.004022 271.94 2.79
E 12 40 0.017401 0.005258 278.71 1.96
E 12 44 0.023540 0.003773 337.89 5.04
E 12 47 0.018610 0.006362 292.14 0.92
E 12 50 0.023512 0.005800 353.78 0.33
E 13 14 0.024853 0.005851 375.65 2.20
E 13 17 0.028162 0.004342 370.50 249.36
E 13 21 0.024854 0.005851 391.90 0.05
E 13 22 0.027222 0.004713 408.53 503.33
E 13 24 0.028895 0.006106 528.85 34.16
E 13 28 0.020439 0.003761 345.60 0.00
E 13 33 0.019173 0.004025 309.73 704.32
E 13 36 0.024539 0.006929 368.43 0.45
E 13 37 0.025786 0.005851 491.22 1.17
E 13 41 0.028773 0.005558 421.70 0.30
E 13 44 0.022706 0.003849 355.82 2.63
E 13 45 0.021293 0.004673 342.86 0.31
E 13 48 0.026296 0.003844 381.32 2.09
E 13 50 0.023853 0.006275 362.23 2.95
E 14 17 0.026788 0.006214 382.63 17.18
E 14 21 0.021377 0.005124 340.60 1.44
E 14 24 0.033274 0.007268 478.24 8.19
E 14 32 0.020918 0.005156 323.37 5.38
E 14 36 0.024148 0.003957 334.90 0.55
E 14 38 0.021354 0.005125 337.34 4.05
E 14 40 0.021017 0.005242 341.01 3.10
E 14 44 0.026125 0.003121 429.68 5.17
E 14 50 0.023331 0.005627 356.82 0.26
E 15 16 0.024146 0.006724 396.34 0.04
E 15 25 0.023209 0.006033 332.69 62.33
E 15 26 0.023447 0.006057 377.82 0.66
E 15 28 0.023314 0.005628 348.13 31.83
E 15 29 0.024047 0.006307 331.45 3.26
E 15 31 0.024298 0.007354 379.80 1.49
E 15 33 0.023521 0.005951 386.79 0.00
E 15 36 0.024648 0.007293 358.87 37.86
E 15 41 0.023508 0.004824 349.77 5.45
E 15 44 0.024632 0.006461 343.54 1.37
E 15 45 0.024097 0.006097 358.80 6.18
E 15 49 0.022735 0.003562 390.87 7.83
E 16 18 0.020327 0.002205 311.32 0.06
E 16 25 0.019754 0.002338 315.86 28.06
E 16 26 0.021903 0.003608 333.32 0.52
E 16 27 0.018197 0.001272 320.61 0.06
E 16 28 0.020807 0.002843 330.35 47.76
E 16 29 0.018120 0.001286 286.08 2.71
E 16 31 0.020629 0.006241 360.08 1.13
E 16 33 0.020090 0.001944 312.33 0.04
E 16 35 0.018626 0.000848 279.69 0.05
E 16 44 0.022678 0.002578 377.85 1.27
E 16 45 0.022547 0.006290 373.59 4.58
E 16 49 0.017173 0.000592 269.70 2.68
E 17 21 0.026881 0.004471 370.38 10.55
E 17 24 0.028607 0.005811 413.61 0.06
E 17 32 0.026456 0.005624 430.52 32.23
E 17 36 0.025292 0.007365 408.98 8.83
E 17 37 0.026742 0.006065 420.04 1.89
E 17 38 0.001297 0.000000 104.00 171.13
E 17 40 0.026457 0.005624 378.42 95.58
E 17 41 0.025832 0.007590 403.67 4.11
E 17 44 0.025157 0.007921 345.83 0.44
E 17 47 0.025443 0.006602 381.76 1.17
E 17 48 0.023489 0.006727 385.25 1.69
E 17 50 0.026018 0.007528 398.37 1.44
E 18 19 0.024476 0.002496 422.40 0.48
E 18 20 0.024476 0.002496 337.74 5.13
E 18 23 0.024047 0.002862 367.29 0.02
E 18 25 0.019091 0.002873 308.66 287.90
E 18 26 0.022350 0.004124 399.28 10.89
E 18 28 0.020189 0.002940 330.89 31.39
E 18 29 0.019073 0.002660 291.05 1.44
E 18 33 0.019322 0.002960 345.97 0.00
E 18 39 0.024477 0.002495 402.31 48.16
E 18 41 0.027483 0.002544 349.55 19.70
E 18 42 0.025233 0.002872 383.93 61.72
E 18 46 0.025232 0.003867 464.34 8.22
E 18 48 0.025064 0.003307 411.07 2.18
E 18 49 0.018881 0.002471 316.17 4.83
E 19 20 0.022080 0.001057 343.33 1.61
E 19 22 0.027803 0.004617 435.45 0.32
E 19 23 0.019495 0.000538 326.79 0.02
E 19 24 0.022169 0.001997 356.08 0.03
E 19 30 0.021533 0.000585 340.96 0.74
E 19 34 0.022766 0.003505 428.76 1.37
E 19 37 0.022565 0.000678 444.47 2.95
E 19 39 0.021409 0.000634 348.41 43.22
E 19 41 0.029602 0.003872 465.82 4.59
E 19 42 0.019315 0.000377 305.08 47.94
E 19 46 0.019315 0.000915 331.62 7.19
E 19 48 0.023524 0.002539 358.62 1.94
E 20 22 0.025161 0.003125 377.23 5.48
E 20 23 0.022080 0.001057 352.59 0.82
E 20 24 0.022410 0.002292 347.50 5.95
E 20 30 0.022124 0.001168 356.77 4.38
E 20 37 0.024487 0.001244 356.51 3.38
E 20 41 0.025765 0.003979 385.53 62.21
E 20 42 0.022063 0.001064 322.15 0.00
E 20 46 0.022062 0.001348 348.15 0.78
E 20 48 0.023554 0.002547 368.62 4.12
E 21 24 0.034832 0.005710 430.56 7.73
E 21 32 0.015484 0.003219 247.28 1.03
E 21 36 0.011139 0.001056 1044.00 1.26
E 21 38 0.014702 0.003658 246.20 0.26
E 21 40 0.017306 0.005248 269.55 0.29
E 21 44 0.024115 0.003925 368.09 8.39
E 21 47 0.021920 0.006072 309.62 0.02
E 21 50 0.024805 0.007306 402.50 3.06
E 22 23 0.026687 0.002714 423.02 0.02
E 22 24 0.023736 0.002097 345.62 0.07
E 22 29 0.022231 0.001536 2256.00 3.99
E 22 33 0.026183 0.001809 333.54 0.00
E 22 36 0.025225 0.006968 404.69 29.10
E 22 39 0.024920 0.003205 382.92 57.35
E 22 41 0.025280 0.003924 390.61 4.60
E 22 44 0.025195 0.004229 426.43 0.49
E 22 45 0.027778 0.006626 399.63 10.46
E 22 48 0.025160 0.003125 385.38 2.14
E 22 50 0.024890 0.003680 379.67 2.77
E 23 24 0.022190 0.001928 331.01 0.05
E 23 30 0.021524 0.000602 352.03 0.03
E 23 34 0.022378 0.005233 358.07 1.02
E 23 37 0.022090 0.000678 411.06 2.56
E 23 39 0.021410 0.000634 356.76 22.51
E 23 41 0.030119 0.004194 413.17 3.85
E 23 42 0.019277 0.000322 290.50 38.21
E 23 46 0.019277 0.000854 311.30 5.84
E 23 48 0.023474 0.002580 342.32 1.26
E 24 30 0.022410 0.002292 351.37 0.11
E 24 32 0.031193 0.005653 442.94 32.28
E 24 34 0.023150 0.005389 355.27 2.03
E 24 36 0.034831 0.005710 433.21 67.77
E 24 37 0.024293 0.004888 385.51 1.02
E 24 40 0.032982 0.004894 476.88 14.22
E 24 41 0.026078 0.004263 404.64 2.30
E 24 42 0.021340 0.001178 328.61 2.90
E 24 46 0.021334 0.001211 332.94 333.55
E 24 47 0.027772 0.007222 420.89 0.71
E 24 48 0.023131 0.002899 367.59 1.17
E 24 50 0.033884 0.008140 488.26 1.07
E 25 26 0.021565 0.003716 327.70 16.32
E 25 27 0.019381 0.002474 324.00 274.47
E 25 28 0.020717 0.002767 331.29 4.39
E 25 29 0.019681 0.002423 307.06 2.10
E 25 31 0.022496 0.004241 388.36 2.55
E 25 33 0.020037 0.002559 330.03 219.00
E 25 35 0.019551 0.002743 324.59 263.39
E 25 43 0.020091 0.005099 319.23 8.56
E 25 45 0.022529 0.007090 395.77 1.12
E 25 49 0.019523 0.002529 300.58 3.22
E 26 27 0.022208 0.004630 417.51 0.99
E 26 28 0.021832 0.003764 339.69 54.55
E 26 29 0.021770 0.003769 408.89 0.60
E 26 31 0.021237 0.005136 321.78 0.43
E 26 33 0.021629 0.003787 330.42 0.67
E 26 35 0.022208 0.004630 377.01 1.10
E 26 43 0.022478 0.004264 342.18 5.99
E 26 44 0.021446 0.001255 320.18 0.42
E 26 45 0.021520 0.005452 355.64 33.16
E 26 49 0.022026 0.003917 338.25 22.26
E 27 28 0.020251 0.002627 329.87 84.63
E 27 29 0.018153 0.001156 291.33 4.01
E 27 33 0.020170 0.002135 291.42 0.00
E 27 43 0.018895 0.003513 304.05 163.44
E 27 49 0.017279 0.000752 271.28 3.90
E 28 29 0.020807 0.002856 318.83 3.11
E 28 31 0.021370 0.004018 317.57 1.15
E 28 33 0.020716 0.002767 343.57 39.82
E 28 35 0.020349 0.002567 362.64 21.75
E 28 36 0.021839 0.002762 397.27 0.01
E 28 43 0.020386 0.006493 324.02 0.65
E 28 44 0.022122 0.001774 349.61 8.11
E 28 45 0.021820 0.006080 341.60 0.06
E 28 49 0.020517 0.002739 307.67 0.63
E 29 33 0.020169 0.002141 312.90 0.95
E 29 35 0.017952 0.001056 293.69 2.72
E 29 43 0.019246 0.004114 319.61 5.99
E 29 45 0.023976 0.008706 408.69 2.52
E 29 49 0.017805 0.000758 283.58 1.13
E 30 34 0.022903 0.003052 306.02 1.36
E 30 37 0.022972 0.001221 342.23 2.64
E 30 39 0.021432 0.000667 341.12 44.52
E 30 41 0.025890 0.003933 384.34 4.50
E 30 42 0.021411 0.000565 318.37 54.11
E 30 46 0.021410 0.001348 338.55 7.24
E 30 48 0.023524 0.002508 346.22 1.99
E 31 36 0.024777 0.007418 369.46 0.52
E 31 44 0.022914 0.004505 345.90 25.82
E 31 45 0.020984 0.004853 350.06 22.30
E 32 34 0.025550 0.007191 360.81 0.74
E 32 37 0.023988 0.005306 367.70 1.15
E 32 38 0.016416 0.003841 246.89 0.12
E 32 40 0.017297 0.005069 265.94 0.04
E 32 41 0.032255 0.008044 451.31 0.53
E 32 47 0.018607 0.005939 279.75 1.86
E 33 35 0.020135 0.002029 304.57 0.00
E 33 43 0.020042 0.004344 323.41 51.68
E 33 45 0.021638 0.005936 337.72 10.01
E 33 49 0.020035 0.001883 300.58 1.75
E 34 37 0.018371 0.006153 307.43 1.34
E 34 39 0.023130 0.006497 366.22 0.86
E 34 41 0.032255 0.008311 454.95 3.62
E 34 42 0.025193 0.008311 500.63 12.38
E 34 46 0.025193 0.008311 531.97 5.37
E 34 47 0.018584 0.005939 298.67 44.72
E 34 48 0.024530 0.003052 373.42 38.68
E 35 43 0.019086 0.003986 312.79 89.27
E 35 49 0.018088 0.001172 298.91 4.08
E 36 37 0.004865 0.000800 492.00 0.60
E 36 41 0.025502 0.006968 390.06 0.16
E 36 44 0.024466 0.006452 362.60 10.81
E 36 45 0.024249 0.006864 370.58 0.60
E 36 48 0.018566 0.001312 1856.00 0.64
E 36 50 0.024265 0.006377 359.23 0.95
E 37 40 0.026041 0.004579 423.23 0.45
E 37 41 0.031134 0.006198 464.89 0.19
E 37 47 0.018642 0.005760 310.64 0.29
E 37 48 0.024531 0.002657 348.29 0.88
E 37 50 0.028264 0.010922 508.17 1.80
E 38 40 0.017277 0.005107 278.77 0.04
E 38 47 0.004562 0.000672 396.00 1.17
E 39 41 0.024995 0.003514 372.32 6.26
E 39 42 0.021490 0.000978 330.18 0.91
E 39 46 0.021509 0.001128 331.95 0.13
E 39 48 0.023705 0.002617 362.83 1.50
E 40 41 0.032486 0.009498 392.62 0.16
E 40 47 0.018608 0.005939 305.40 0.38
E 41 44 0.024504 0.004228 375.71 13.01
E 41 47 0.032255 0.008044 510.26 0.16
E 41 48 0.025890 0.003933 389.56 0.19
E 41 50 0.025692 0.004559 367.85 0.49
E 42 46 0.018697 0.000924 286.20 0.72
E 42 48 0.023705 0.002612 352.94 1.22
E 43 49 0.019172 0.003910 301.63 0.12
E 44 45 0.022800 0.004410 355.28 1.66
E 44 50 0.022995 0.004922 346.61 0.24
E 45 50 0.020219 0.003650 350.20 0.08
E 46 48 0.023705 0.002612 361.49 0.04
END

SECTION Terminals
Root 27
Terminals 30
T 46
T 5
T 44
T 26
T 33
T 14
T 38
T 20
T 29
T 8
T 4
T 36
T 7
T 6
T 18
T 39
T 48
T 23
T 11
T 12
T 3
T 49
T 34
T 50
T 30
T 17
T 1
T 43
T 35
T 32
END

EOF