SECTION Comment
CREATOR "Carlos Araujo"
REMARK "Instance for QoS Multicast Routing Problem"
QoS METRICS "delay, jitter, bandwidth and estimate of link duration"
END

SECTION Graph
Nodes 60
Edges 628

E 1 2 0.026689 0.005372 371.53 0.02
E 1 5 0.029212 0.005678 476.12 3.98
E 1 6 0.028669 0.006120 453.36 0.02
E 1 7 0.026047 0.005691 419.70 0.01
E 1 8 0.028400 0.005964 360.62 0.28
E 1 9 0.029040 0.005943 454.21 0.01
E 1 10 0.028507 0.006283 405.54 0.53
E 1 13 0.029479 0.005521 407.39 56.93
E 1 17 0.026149 0.006897 420.06 0.36
E 1 18 0.029319 0.005879 420.14 0.02
E 1 19 0.029223 0.005231 431.21 0.02
E 1 20 0.026569 0.005500 382.63 595.48
E 1 22 0.027009 0.005875 444.14 0.04
E 1 23 0.028770 0.004908 449.57 0.02
E 1 24 0.026428 0.005552 406.95 0.01
E 1 29 0.030480 0.004579 407.86 0.01
E 1 30 0.026569 0.005500 406.00 0.02
E 1 33 0.030480 0.006241 489.10 0.01
E 1 34 0.025844 0.005156 367.83 0.00
E 1 36 0.027623 0.008084 410.54 16.65
E 1 37 0.026251 0.005409 356.18 0.01
E 1 39 0.026135 0.005559 374.72 12.39
E 1 41 0.026663 0.005518 416.19 0.47
E 1 42 0.024261 0.000339 279.24 13.66
E 1 44 0.026936 0.005314 394.79 0.02
E 1 45 0.029459 0.007361 423.54 64.73
E 1 46 0.024260 0.000622 386.04 5.79
E 1 48 0.026729 0.005265 406.21 3.85
E 1 50 0.026418 0.005345 378.05 3.24
E 1 51 0.028492 0.006279 431.95 68.16
E 1 52 0.027230 0.005561 405.92 13.01
E 1 54 0.027050 0.005985 381.22 11.25
E 1 57 0.027111 0.005798 419.56 3.80
E 1 59 0.026564 0.005832 401.84 1.33
E 1 60 0.026568 0.005500 391.76 3.10
E 2 5 0.025787 0.005088 388.53 5.99
E 2 6 0.022714 0.002031 373.35 3.43
E 2 7 0.024112 0.002994 359.51 0.59
E 2 9 0.026901 0.005984 404.91 0.70
E 2 18 0.025068 0.004132 364.56 4.61
E 2 19 0.022762 0.002119 359.96 3.44
E 2 20 0.022759 0.001981 401.12 0.85
E 2 22 0.025107 0.003033 393.18 2.63
E 2 23 0.022775 0.002010 362.38 3.42
E 2 24 0.022359 0.002216 351.60 0.10
E 2 30 0.022759 0.001981 370.31 3.36
E 2 35 0.027088 0.003604 662.55 1.60
E 2 39 0.022760 0.001981 357.69 11.78
E 2 41 0.024509 0.003342 391.71 1.33
E 2 42 0.022785 0.002040 354.31 18.66
E 2 45 0.010131 0.001696 976.00 65.47
E 2 46 0.022785 0.002040 382.18 5.50
E 2 48 0.023951 0.003099 353.89 4.00
E 2 51 0.026481 0.005865 362.25 98.91
E 2 52 0.025375 0.003639 374.04 18.90
E 2 54 0.023099 0.002586 337.51 8.56
E 2 57 0.023405 0.003961 369.68 1.34
E 2 59 0.026375 0.005560 415.59 0.70
E 2 60 0.024206 0.003378 391.52 0.99
E 3 4 0.016057 0.001592 246.00 30.37
E 3 5 0.016860 0.001187 256.89 3.91
E 3 11 0.016924 0.003703 262.80 2334.93
E 3 13 0.019397 0.004989 294.02 0.41
E 3 15 0.024237 0.007261 369.02 2899.35
E 3 16 0.019425 0.001649 310.81 2834.82
E 3 25 0.022975 0.004095 335.66 36.87
E 3 26 0.020961 0.002603 333.96 144.55
E 3 28 0.021254 0.002819 324.78 48.15
E 3 31 0.017928 0.004471 282.29 0.04
E 4 11 0.018128 0.004289 297.67 24.64
E 4 15 0.024738 0.007925 395.98 24.40
E 4 16 0.020232 0.002261 339.77 24.32
E 4 25 0.022523 0.003871 384.78 0.24
E 4 26 0.020426 0.002533 352.67 0.78
E 4 27 0.020246 0.000452 323.34 23.35
E 4 28 0.021829 0.003094 316.96 2.58
E 4 29 0.020383 0.001841 300.46 22.32
E 4 31 0.019539 0.005379 320.01 23.03
E 4 33 0.021659 0.004551 348.11 22.43
E 4 35 0.022000 0.003279 317.55 23.85
E 4 43 0.020529 0.002629 325.68 2.94
E 4 49 0.019024 0.001554 317.40 0.71
E 4 55 0.020916 0.001648 331.11 0.74
E 4 56 0.019572 0.000925 366.61 7.83
E 5 6 0.023130 0.000791 500.37 5.29
E 5 8 0.020824 0.002629 371.50 4.86
E 5 9 0.027266 0.006128 376.54 2.20
E 5 10 0.021775 0.004943 333.78 2.73
E 5 13 0.021284 0.003566 375.54 15.14
E 5 15 0.022721 0.004201 366.88 7.86
E 5 16 0.007186 0.002560 724.00 8.24
E 5 17 0.025052 0.008616 376.57 10.37
E 5 18 0.024401 0.004551 365.54 5.26
E 5 19 0.023752 0.000170 277.68 4.28
E 5 20 0.024487 0.001244 444.83 1.75
E 5 22 0.026302 0.003663 374.90 4.04
E 5 23 0.004482 0.000032 444.00 2.98
E 5 25 0.023243 0.001745 388.63 1.84
E 5 26 0.023139 0.003157 367.02 0.76
E 5 28 0.023001 0.003117 378.65 1.52
E 5 29 0.023025 0.001511 320.25 4.07
E 5 30 0.022904 0.000763 503.35 5.79
E 5 33 0.022432 0.004965 356.83 4.06
E 5 35 0.023581 0.004749 423.11 5.64
E 5 36 0.024403 0.006703 363.84 0.41
E 5 41 0.028088 0.004095 400.96 9.93
E 5 44 0.022999 0.004479 331.33 5.49
E 5 45 0.021800 0.004595 348.30 0.93
E 5 48 0.024562 0.001545 424.35 0.12
E 5 49 0.023413 0.001979 494.77 6.03
E 5 50 0.021492 0.004157 415.55 16.89
E 5 51 0.029686 0.006962 477.33 3.52
E 5 52 0.026040 0.003914 386.23 3.25
E 5 54 0.022606 0.001187 412.47 1.34
E 5 57 0.025362 0.005088 381.77 2.10
E 5 58 0.016994 0.000848 273.36 2.02
E 5 59 0.027522 0.005782 377.14 2.88
E 5 60 0.029235 0.007236 564.67 3.20
E 6 7 0.025166 0.003947 385.55 0.00
E 6 20 0.022166 0.001057 327.63 4.40
E 6 34 0.022923 0.005960 373.43 237.69
E 6 39 0.021316 0.000735 349.58 10.95
E 6 41 0.028783 0.004108 451.36 0.55
E 6 42 0.020511 0.000495 329.37 15.37
E 6 46 0.020511 0.001177 334.56 5.72
E 6 48 0.023942 0.003018 378.70 3.91
E 6 51 0.029043 0.007038 420.25 18.17
E 6 52 0.026295 0.003458 413.72 22.08
E 6 54 0.021997 0.000893 371.76 7.85
E 6 57 0.023146 0.003620 367.69 2.41
E 6 59 0.027233 0.004828 447.70 1.95
E 6 60 0.024610 0.003661 386.61 1.77
E 7 8 0.026057 0.004878 419.88 0.61
E 7 9 0.027579 0.005459 410.46 0.00
E 7 10 0.025788 0.005970 404.23 0.27
E 7 13 0.025618 0.002714 421.35 2.61
E 7 17 0.024829 0.007659 381.51 0.92
E 7 18 0.025108 0.003087 335.64 0.00
E 7 19 0.025332 0.004104 403.16 0.00
E 7 20 0.024432 0.003453 373.18 5.16
E 7 22 0.025002 0.003282 392.11 0.00
E 7 23 0.025411 0.004172 380.36 0.00
E 7 24 0.024808 0.004030 388.71 0.00
E 7 30 0.024416 0.003385 358.91 0.00
E 7 32 0.025561 0.004626 363.15 1.07
E 7 34 0.026003 0.006666 381.44 6.05
E 7 37 0.024797 0.004558 404.22 28.05
E 7 39 0.024584 0.003327 382.27 6.89
E 7 41 0.025866 0.003868 399.85 0.16
E 7 42 0.025427 0.004086 386.18 10.99
E 7 46 0.025229 0.003660 394.59 2.24
E 7 47 0.025330 0.003470 381.67 1.21
E 7 48 0.024373 0.003372 383.09 3.98
E 7 50 0.022016 0.002035 319.75 0.12
E 7 51 0.026748 0.006254 428.76 115.53
E 7 52 0.025349 0.004070 360.99 26.76
E 7 54 0.024208 0.003299 352.45 8.94
E 7 57 0.023888 0.003450 390.10 2.72
E 7 59 0.026299 0.005540 397.42 1.96
E 7 60 0.024741 0.003993 409.29 1.16
E 8 9 0.027670 0.005340 430.07 21.55
E 8 10 0.022692 0.004439 348.90 2.05
E 8 12 0.025292 0.004664 351.99 0.38
E 8 13 0.024198 0.003930 381.09 2.70
E 8 14 0.021919 0.006478 321.63 0.20
E 8 17 0.024994 0.006275 385.82 2.70
E 8 20 0.023583 0.003004 427.59 0.54
E 8 21 0.026567 0.005518 367.77 0.16
E 8 22 0.026762 0.004474 416.00 26.40
E 8 24 0.029598 0.007937 445.40 20.08
E 8 30 0.002705 0.000000 280.00 26.97
E 8 32 0.026174 0.006393 356.98 2.15
E 8 36 0.024294 0.005816 379.33 5.42
E 8 37 0.025869 0.004927 429.28 0.65
E 8 38 0.025834 0.006869 388.08 0.00
E 8 40 0.026293 0.005364 426.68 0.03
E 8 41 0.026982 0.003869 398.94 0.24
E 8 44 0.022862 0.004305 373.47 26.36
E 8 47 0.025649 0.004926 361.56 0.94
E 8 48 0.025999 0.004749 389.12 2.71
E 8 50 0.021723 0.004155 343.84 1.18
E 8 51 0.028167 0.007107 390.94 19.45
E 8 52 0.025744 0.002671 407.32 9.54
E 8 58 0.018831 0.002211 282.17 2.56
E 8 59 0.026787 0.004652 434.40 0.25
E 8 60 0.027339 0.004537 428.83 0.93
E 9 10 0.027813 0.005553 412.86 3.66
E 9 13 0.025073 0.005147 389.82 5.32
E 9 17 0.028042 0.004857 432.44 0.75
E 9 20 0.027677 0.005628 400.28 0.90
E 9 32 0.028035 0.006393 438.44 1.64
E 9 34 0.028257 0.005714 372.71 1120.35
E 9 36 0.025853 0.006966 389.40 0.08
E 9 38 0.026635 0.004876 479.65 0.00
E 9 39 0.027498 0.004934 423.92 29.75
E 9 40 0.027497 0.004996 431.27 0.22
E 9 41 0.028000 0.005252 435.05 0.21
E 9 45 0.020588 0.004979 362.90 0.84
E 9 46 0.026025 0.003663 528.07 9.13
E 9 47 0.028227 0.005088 434.30 1.96
E 9 48 0.027676 0.005628 379.97 3.83
E 9 50 0.028201 0.007493 415.76 3.59
E 9 51 0.030245 0.008298 480.09 24.10
E 9 52 0.025276 0.004695 434.48 8.26
E 9 54 0.026489 0.006057 436.35 3.58
E 9 57 0.025337 0.005248 380.50 1.18
E 9 59 0.027917 0.005591 439.26 0.60
E 9 60 0.027676 0.005628 444.73 1.14
E 10 12 0.022565 0.004299 365.85 0.02
E 10 13 0.025151 0.005659 408.88 3.60
E 10 14 0.022689 0.007334 349.43 0.78
E 10 17 0.024927 0.006057 375.45 1.97
E 10 20 0.023922 0.003731 449.48 12.94
E 10 21 0.024185 0.004353 399.08 0.16
E 10 22 0.027132 0.007003 418.55 5.19
E 10 24 0.028691 0.006901 392.85 3.19
E 10 30 0.022905 0.002487 329.46 5.33
E 10 32 0.021327 0.003731 328.40 1.47
E 10 36 0.024523 0.006189 407.29 33.83
E 10 37 0.024936 0.005265 393.67 3.40
E 10 38 0.024025 0.004918 463.04 0.00
E 10 40 0.021330 0.004308 330.57 0.08
E 10 41 0.027533 0.005132 435.53 0.21
E 10 44 0.023273 0.005215 370.87 0.88
E 10 47 0.024573 0.005302 367.86 3.56
E 10 48 0.026437 0.006425 382.40 3.06
E 10 50 0.022801 0.004855 347.77 1.59
E 10 51 0.027874 0.006751 443.30 78.86
E 10 52 0.026537 0.003604 388.52 28.98
E 10 58 0.020678 0.003848 346.69 1.98
E 10 59 0.026994 0.005679 403.57 1.00
E 10 60 0.027340 0.005196 490.77 0.53
E 11 13 0.019231 0.005487 332.46 0.49
E 11 25 0.022976 0.004095 376.95 35.23
E 11 26 0.021112 0.005688 349.46 147.77
E 11 28 0.021434 0.003138 332.09 50.89
E 11 31 0.017984 0.004540 277.54 0.04
E 12 13 0.023539 0.003210 367.22 12.03
E 12 14 0.021746 0.005828 332.05 0.23
E 12 17 0.025956 0.005282 371.85 0.05
E 12 21 0.017843 0.002661 307.44 0.17
E 12 24 0.030564 0.008508 437.23 0.17
E 12 32 0.016821 0.002593 264.99 56.74
E 12 36 0.025105 0.004608 372.78 213.04
E 12 38 0.017287 0.004140 299.72 4.11
E 12 40 0.017401 0.005258 266.38 20.55
E 12 44 0.023859 0.005180 373.82 0.16
E 12 47 0.018130 0.005911 284.05 173.93
E 12 50 0.023383 0.005646 337.79 2.50
E 12 51 0.031214 0.008039 444.86 132.10
E 12 53 0.017520 0.002479 275.09 15.91
E 12 58 0.020565 0.004344 345.32 0.92
E 13 14 0.024507 0.009189 377.99 3.07
E 13 15 0.022510 0.003528 322.89 2.61
E 13 17 0.023717 0.004207 407.44 4.07
E 13 20 0.002865 0.000000 300.00 5.66
E 13 21 0.023539 0.003392 369.07 0.56
E 13 22 0.027053 0.004491 411.54 2.60
E 13 24 0.027007 0.007726 427.44 2.72
E 13 28 0.020439 0.003761 320.39 0.07
E 13 31 0.019565 0.004410 293.90 1.36
E 13 32 0.023101 0.005343 386.97 10.73
E 13 33 0.019173 0.004025 311.20 2.61
E 13 36 0.024677 0.006791 397.46 4.30
E 13 37 0.028836 0.003815 394.98 2.66
E 13 38 0.023656 0.004410 339.64 5.54
E 13 40 0.023099 0.003053 356.35 1.22
E 13 41 0.028183 0.005234 401.55 2.62
E 13 44 0.022821 0.004142 341.58 2.60
E 13 47 0.023101 0.001809 396.67 13.57
E 13 48 0.026973 0.004070 395.69 5.44
E 13 50 0.023693 0.006080 352.73 8.03
E 13 51 0.030953 0.007801 463.22 2.52
E 13 52 0.025793 0.002714 368.16 7.06
E 13 58 0.022671 0.003392 338.92 3.31
E 13 59 0.027311 0.004620 412.20 7.37
E 13 60 0.029009 0.006671 470.87 4.25
E 14 17 0.025780 0.006527 417.07 0.06
E 14 21 0.021748 0.005828 349.23 0.17
E 14 24 0.030564 0.008508 440.82 0.12
E 14 32 0.020918 0.005156 322.79 10.57
E 14 36 0.025105 0.007984 379.84 11.68
E 14 38 0.021718 0.005289 332.48 1.64
E 14 40 0.021017 0.005242 309.58 0.57
E 14 44 0.025918 0.010251 374.41 0.11
E 14 47 0.020951 0.005879 358.07 16.93
E 14 50 0.023221 0.006881 387.17 1.60
E 14 51 0.031214 0.010251 440.14 24.19
E 14 53 0.020749 0.005040 308.73 126.19
E 14 58 0.021844 0.006863 324.22 2.69
E 15 25 0.023228 0.006038 389.60 62.33
E 15 26 0.023518 0.006166 344.66 40.56
E 15 28 0.023319 0.005884 406.97 2.02
E 15 31 0.024237 0.007261 361.40 0.04
E 15 36 0.024648 0.007293 395.78 17.64
E 15 41 0.023508 0.004824 346.87 0.21
E 15 45 0.023919 0.005948 348.64 4.37
E 15 49 0.022735 0.003562 330.83 15.91
E 15 51 0.023508 0.004824 409.77 98.71
E 15 52 0.025041 0.004188 383.90 6.29
E 16 25 0.019882 0.002286 305.89 62.62
E 16 26 0.021364 0.003182 334.23 40.48
E 16 28 0.020887 0.002815 317.04 2.02
E 16 31 0.019403 0.004698 321.29 0.04
E 16 45 0.021997 0.005628 388.52 3.20
E 16 49 0.017173 0.000592 274.96 15.92
E 16 55 0.016290 0.000531 272.90 0.67
E 16 56 0.016646 0.000458 271.80 1.87
E 17 21 0.025221 0.004315 388.49 0.17
E 17 22 0.025157 0.007979 405.71 2.62
E 17 24 0.028081 0.006375 461.66 1.98
E 17 32 0.025264 0.005038 407.77 1.09
E 17 36 0.024622 0.006760 374.87 1.21
E 17 37 0.025546 0.005338 394.07 0.49
E 17 38 0.022478 0.004918 420.25 0.00
E 17 40 0.024973 0.004749 370.59 3.80
E 17 41 0.025628 0.006801 382.33 0.11
E 17 44 0.025157 0.007921 350.13 2.61
E 17 47 0.024952 0.006119 359.53 1.77
E 17 48 0.023470 0.006049 380.30 3.56
E 17 50 0.025391 0.007052 394.13 1.86
E 17 51 0.027727 0.007284 396.55 17.62
E 17 58 0.024552 0.007656 418.96 3.72
E 17 59 0.026064 0.007284 385.40 1.72
E 17 60 0.024949 0.007670 384.24 1.15
E 18 20 0.024535 0.003654 352.02 5.13
E 18 25 0.019091 0.002873 293.13 287.90
E 18 28 0.020224 0.002940 337.26 3.82
E 18 39 0.024537 0.003654 384.16 12.12
E 18 41 0.027483 0.002544 463.21 4.66
E 18 42 0.025027 0.003849 367.84 19.25
E 18 43 0.018945 0.004730 322.64 156.67
E 18 45 0.023496 0.006445 304.27 63.94
E 18 46 0.025026 0.003849 366.72 5.54
E 18 48 0.026276 0.004874 369.68 4.16
E 18 49 0.018881 0.002471 341.53 107.18
E 18 51 0.029971 0.006671 385.42 98.63
E 18 52 0.026293 0.003840 375.10 18.83
E 18 54 0.023639 0.003402 386.74 8.81
E 18 55 0.019069 0.002549 309.68 9.78
E 18 56 0.018880 0.002471 286.50 0.00
E 18 57 0.024288 0.004468 383.96 2.36
E 18 59 0.027334 0.005190 441.22 2.05
E 18 60 0.026833 0.003654 402.55 1.99
E 19 20 0.022176 0.001072 329.81 4.45
E 19 34 0.022733 0.005960 410.40 237.04
E 19 39 0.021317 0.000735 332.62 10.83
E 19 41 0.029094 0.003901 439.76 0.59
E 19 42 0.019644 0.000356 310.10 15.21
E 19 46 0.019684 0.000961 303.99 5.72
E 19 48 0.023949 0.003032 371.78 3.92
E 19 51 0.029595 0.007617 373.17 17.90
E 19 52 0.026413 0.003480 390.75 22.16
E 19 54 0.021995 0.000869 323.59 7.89
E 19 57 0.023408 0.004033 345.23 2.41
E 19 59 0.027974 0.005363 374.11 1.97
E 19 60 0.024744 0.003554 390.89 1.79
E 20 22 0.025172 0.003094 384.59 5.48
E 20 23 0.022176 0.001072 363.35 4.49
E 20 24 0.022410 0.002292 347.41 5.95
E 20 30 0.022444 0.001487 353.05 4.38
E 20 34 0.023637 0.005960 390.73 5.34
E 20 37 0.026560 0.003392 409.72 5.69
E 20 39 0.022098 0.001058 340.97 0.03
E 20 41 0.025525 0.003640 396.44 1.56
E 20 42 0.022138 0.001108 347.86 0.01
E 20 48 0.023959 0.003018 377.32 0.15
E 20 54 0.022150 0.001122 343.51 0.49
E 20 57 0.023079 0.003645 352.80 6.50
E 20 59 0.026375 0.005560 403.65 30.21
E 20 60 0.024492 0.003528 384.40 0.33
E 21 24 0.031168 0.007771 415.98 0.32
E 21 32 0.015484 0.003219 244.65 4.72
E 21 36 0.025424 0.004296 337.97 5.96
E 21 38 0.014702 0.003720 243.58 19.44
E 21 40 0.017306 0.005248 270.23 5.83
E 21 44 0.024294 0.005427 475.60 0.26
E 21 47 0.020153 0.004711 326.33 1.20
E 21 50 0.024121 0.006399 470.66 0.35
E 21 51 0.031383 0.007802 514.57 3.10
E 21 53 0.014758 0.001667 219.99 3.45
E 21 58 0.020331 0.004804 351.57 0.43
E 22 36 0.025225 0.007123 366.77 16.19
E 22 39 0.024920 0.003205 378.45 13.98
E 22 41 0.025107 0.003660 381.87 0.68
E 22 42 0.023583 0.000000 662.92 21.51
E 22 45 0.026718 0.005945 395.49 56.11
E 22 46 0.025447 0.001866 366.62 6.18
E 22 48 0.025172 0.003168 380.43 3.82
E 22 50 0.024890 0.003856 379.50 7.56
E 22 51 0.028259 0.005411 413.59 74.92
E 22 52 0.025411 0.003719 361.77 13.07
E 22 54 0.025305 0.003226 404.09 9.37
E 22 57 0.025235 0.003219 377.05 2.60
E 22 59 0.026188 0.005278 396.56 1.84
E 22 60 0.025248 0.003580 386.46 1.93
E 23 34 0.023213 0.006603 352.71 237.08
E 23 39 0.021317 0.000765 334.08 10.72
E 23 41 0.029564 0.004224 497.43 0.63
E 23 42 0.019445 0.000448 313.39 15.10
E 23 46 0.019445 0.000901 323.38 5.72
E 23 48 0.023908 0.003079 360.32 3.94
E 23 51 0.029397 0.005815 350.60 17.87
E 23 52 0.025795 0.003446 382.94 22.27
E 23 54 0.022162 0.000935 351.48 7.94
E 23 57 0.023368 0.003873 367.62 2.41
E 23 59 0.027552 0.004370 449.24 1.98
E 23 60 0.024745 0.003554 343.66 1.81
E 24 32 0.029613 0.007293 501.81 1.66
E 24 34 0.023447 0.004940 367.56 1191.78
E 24 36 0.031167 0.007771 500.56 0.80
E 24 38 0.026768 0.007462 410.90 0.00
E 24 40 0.030392 0.007123 452.79 0.18
E 24 41 0.025962 0.003938 385.89 0.23
E 24 42 0.021340 0.001178 360.05 8.64
E 24 46 0.021334 0.001211 318.08 9.48
E 24 47 0.027620 0.006095 399.94 1.99
E 24 48 0.023653 0.003865 373.12 3.89
E 24 50 0.031149 0.008950 432.60 1.92
E 24 51 0.027774 0.006367 408.71 25.53
E 24 54 0.021586 0.002742 409.33 4.00
E 24 59 0.026169 0.005457 394.58 0.56
E 24 60 0.024818 0.004096 375.56 1.06
E 25 26 0.021046 0.003249 329.41 0.16
E 25 27 0.019218 0.002148 292.62 274.47
E 25 28 0.020796 0.002743 329.62 5.18
E 25 29 0.019804 0.002370 325.61 218.21
E 25 31 0.022975 0.004095 370.56 954.53
E 25 33 0.020298 0.002541 343.02 217.30
E 25 35 0.019388 0.002477 328.16 263.39
E 25 43 0.019913 0.005263 314.45 1.40
E 25 45 0.022606 0.005279 372.26 0.56
E 25 49 0.019660 0.002453 316.40 11.60
E 25 55 0.019183 0.002075 296.86 1.77
E 25 56 0.019403 0.002279 308.42 19.70
E 26 27 0.022208 0.004630 316.12 135.91
E 26 28 0.021250 0.003270 332.04 22.70
E 26 29 0.021344 0.003405 333.26 68.31
E 26 31 0.020504 0.004250 313.60 132.04
E 26 33 0.021203 0.003406 352.37 69.69
E 26 35 0.021793 0.004317 344.16 42.96
E 26 43 0.022478 0.004264 377.17 0.56
E 26 45 0.021114 0.005066 321.18 0.29
E 26 49 0.021408 0.003429 317.66 8.27
E 26 55 0.021582 0.003426 314.52 0.62
E 26 56 0.021773 0.003819 343.66 6.54
E 27 28 0.020729 0.002737 332.61 32.53
E 27 43 0.018639 0.003371 300.49 105.43
E 27 49 0.017268 0.000763 285.21 91.73
E 27 55 0.017041 0.000626 281.83 7.27
E 27 56 0.017038 0.000633 272.82 0.60
E 28 29 0.020918 0.002806 319.54 10.12
E 28 31 0.021254 0.004018 330.77 24.92
E 28 33 0.020829 0.002724 320.29 10.61
E 28 35 0.020516 0.002529 333.81 9.41
E 28 43 0.020839 0.005552 341.37 29.13
E 28 45 0.021682 0.005820 323.76 1.50
E 28 49 0.020817 0.002776 334.96 2.03
E 28 52 0.024736 0.003477 399.27 3.92
E 28 55 0.023525 0.002770 368.29 7.93
E 28 56 0.022563 0.002417 468.92 113.47
E 29 43 0.019003 0.004131 320.03 8.98
E 29 45 0.022241 0.006249 362.55 10.92
E 29 49 0.018016 0.000702 306.28 30.25
E 29 52 0.025053 0.002120 341.99 9.69
E 29 55 0.017939 0.001024 267.14 3.19
E 29 56 0.018161 0.000827 298.43 0.85
E 30 34 0.023026 0.005585 302.31 242.86
E 30 39 0.021560 0.000770 345.49 11.11
E 30 41 0.025656 0.003602 391.90 0.49
E 30 42 0.021545 0.000678 347.77 15.61
E 30 46 0.021590 0.001341 341.19 5.69
E 30 48 0.023924 0.002974 383.45 3.88
E 30 51 0.026932 0.005828 386.80 18.83
E 30 52 0.025387 0.003798 394.65 22.15
E 30 54 0.021985 0.000889 339.95 7.89
E 30 57 0.023079 0.003645 359.75 2.42
E 30 59 0.026474 0.005644 392.42 1.93
E 30 60 0.024492 0.003528 369.30 1.74
E 31 36 0.024777 0.007418 350.57 36.70
E 31 44 0.022914 0.004505 364.35 0.05
E 32 34 0.022070 0.005767 389.01 1.01
E 32 37 0.025248 0.005481 409.45 1.63
E 32 38 0.016681 0.003784 265.33 46.82
E 32 40 0.017419 0.004839 288.53 1.16
E 32 41 0.030395 0.006938 398.06 0.48
E 32 47 0.018090 0.005156 294.15 0.10
E 32 53 0.015480 0.003277 255.13 0.15
E 33 43 0.020374 0.004366 357.42 9.03
E 33 45 0.021357 0.005473 330.77 11.01
E 33 49 0.020331 0.002422 310.50 29.78
E 33 52 0.025678 0.005578 430.85 9.60
E 33 55 0.019887 0.001667 343.37 3.21
E 33 56 0.020328 0.002421 320.05 1.60
E 34 37 0.019383 0.006264 316.33 81.15
E 34 39 0.022169 0.006629 338.02 6.76
E 34 41 0.030396 0.006476 505.56 0.09
E 34 42 0.024316 0.007971 359.71 10.13
E 34 46 0.024315 0.007971 373.10 1.87
E 34 47 0.018196 0.005420 299.74 1.16
E 34 48 0.026425 0.004566 400.20 4.43
E 34 54 0.024656 0.005823 338.36 9.12
E 34 59 0.028143 0.006219 458.26 1.91
E 34 60 0.027312 0.005960 372.89 1.10
E 35 43 0.018954 0.004044 322.73 125.30
E 35 45 0.028331 0.001696 329.21 67.53
E 35 49 0.018485 0.001696 281.08 91.14
E 35 52 0.028331 0.000339 430.62 26.03
E 35 54 0.022190 0.001727 342.74 10.61
E 35 55 0.018538 0.001600 301.19 8.19
E 35 56 0.018563 0.001637 291.59 0.42
E 35 57 0.023886 0.003910 388.28 2.86
E 36 37 0.025786 0.004240 535.12 0.01
E 36 41 0.025228 0.006477 380.63 13.11
E 36 44 0.024528 0.006791 373.24 12.32
E 36 45 0.024249 0.006864 375.30 7.61
E 36 48 0.025788 0.003788 406.38 0.44
E 36 50 0.024413 0.005895 367.41 1.34
E 36 51 0.027787 0.007123 371.96 3.15
E 36 52 0.025157 0.007068 405.21 5.30
E 36 58 0.024645 0.006385 380.74 2.10
E 36 59 0.026515 0.006602 386.74 110.65
E 36 60 0.030536 0.005936 437.23 2.87
E 37 38 0.027905 0.003925 398.25 0.00
E 37 40 0.027282 0.004523 388.01 0.23
E 37 41 0.029974 0.005476 404.26 0.22
E 37 42 0.001937 0.000000 184.00 8.15
E 37 46 0.031045 0.003222 444.46 9.22
E 37 47 0.019921 0.005031 314.64 1.91
E 37 48 0.026572 0.003828 388.42 3.90
E 37 50 0.028264 0.010922 515.79 11.48
E 37 51 0.030559 0.007777 426.77 20.60
E 37 54 0.029689 0.002714 512.75 3.60
E 37 59 0.027312 0.003940 461.55 0.57
E 37 60 0.028059 0.004613 404.37 1.12
E 38 40 0.017397 0.004880 264.19 2.00
E 38 41 0.025276 0.004410 541.18 342.32
E 38 47 0.019246 0.003091 302.33 180.03
E 38 53 0.014620 0.003384 228.09 0.00
E 38 58 0.020385 0.003004 324.35 483.20
E 39 41 0.024649 0.003262 355.11 3.92
E 39 42 0.021381 0.001054 337.75 22.38
E 39 46 0.021418 0.001131 324.64 2.56
E 39 48 0.023705 0.002617 347.81 1.67
E 39 51 0.025943 0.005616 373.69 2.80
E 39 52 0.025462 0.004177 416.14 0.20
E 39 54 0.021977 0.000903 334.00 0.71
E 39 57 0.023147 0.003712 367.18 0.57
E 39 59 0.025909 0.005675 433.55 1.41
E 39 60 0.024234 0.003466 380.42 2.09
E 40 41 0.030309 0.006615 452.31 12.81
E 40 47 0.018119 0.005191 289.28 1.91
E 40 48 0.002417 0.000000 244.00 0.23
E 40 53 0.017283 0.004858 255.60 4.56
E 40 59 0.005089 0.000064 520.00 70.76
E 41 42 0.002385 0.000000 240.00 5.03
E 41 44 0.024079 0.004228 356.82 1.75
E 41 46 0.025278 0.000622 507.30 2.04
E 41 47 0.030395 0.005951 425.48 1.13
E 41 48 0.025765 0.003692 377.61 0.79
E 41 50 0.025419 0.004735 394.32 5.69
E 41 51 0.027691 0.006548 440.52 4.59
E 41 52 0.025239 0.003924 408.82 3.88
E 41 54 0.024292 0.003307 386.55 7.71
E 41 57 0.024578 0.003530 375.90 2.45
E 41 59 0.026490 0.005779 394.33 0.24
E 41 60 0.025655 0.003602 397.25 1.96
E 42 46 0.018863 0.000927 308.63 5.59
E 42 48 0.024135 0.003117 368.53 2.23
E 42 52 0.025209 0.002238 415.44 16.44
E 42 54 0.022104 0.001035 334.13 3.53
E 42 57 0.023369 0.003873 356.66 23.02
E 42 59 0.028128 0.003324 442.04 103.43
E 42 60 0.024746 0.003554 398.13 0.00
E 43 49 0.018951 0.003688 290.96 0.57
E 43 55 0.018782 0.003772 311.03 41.64
E 43 56 0.018949 0.003747 320.64 52.38
E 44 45 0.022851 0.004262 356.86 10.57
E 44 48 0.006994 0.001280 700.00 4.02
E 44 50 0.023093 0.004929 356.22 1.84
E 44 51 0.028379 0.006365 451.36 67.04
E 44 52 0.025060 0.004417 374.44 8.83
E 44 58 0.023054 0.004442 349.62 2.86
E 44 59 0.026387 0.006436 383.39 0.44
E 45 48 0.007459 0.000768 700.00 0.40
E 45 49 0.009236 0.000800 864.00 5.25
E 45 50 0.020235 0.003650 316.65 236.66
E 45 51 0.034193 0.006784 485.01 0.83
E 45 52 0.025156 0.005355 384.71 0.36
E 45 57 0.021886 0.003901 441.05 1.24
E 45 59 0.027879 0.004523 376.79 121.58
E 45 60 0.025279 0.000000 670.20 1.24
E 46 48 0.024135 0.003117 362.24 0.23
E 46 52 0.026004 0.004167 390.47 0.22
E 46 54 0.022101 0.001439 352.46 0.65
E 46 57 0.023129 0.003428 369.57 2.23
E 46 59 0.027022 0.003198 440.79 1.61
E 46 60 0.024746 0.003554 348.19 11.05
E 48 51 0.028097 0.007313 409.41 0.24
E 48 52 0.025435 0.003867 376.83 0.31
E 48 54 0.023978 0.003119 393.93 0.25
E 48 57 0.023979 0.003782 382.61 0.81
E 48 59 0.026473 0.005644 364.81 0.95
E 48 60 0.024487 0.003929 381.02 0.88
E 49 55 0.017283 0.000602 288.63 0.17
E 49 56 0.017310 0.000619 268.89 49.25
E 50 51 0.028140 0.006313 400.69 0.50
E 50 52 0.025036 0.003707 398.52 0.32
E 50 58 0.021767 0.004205 347.02 0.12
E 50 59 0.026260 0.006366 391.88 0.48
E 51 52 0.028064 0.005993 426.43 0.04
E 51 54 0.027006 0.005332 456.46 0.42
E 51 57 0.026809 0.005449 396.00 1.18
E 51 58 0.030899 0.008674 413.45 0.65
E 51 59 0.028091 0.007191 422.81 3.52
E 51 60 0.028181 0.006662 421.94 0.98
E 52 54 0.025408 0.003638 389.55 0.08
E 52 57 0.025408 0.004343 384.60 0.18
E 52 59 0.026577 0.005916 391.90 2.38
E 52 60 0.025355 0.003717 366.14 0.30
E 53 58 0.003202 0.000032 284.00 0.19
E 54 57 0.023250 0.003601 365.12 0.10
E 54 59 0.026376 0.005560 386.64 1.43
E 54 60 0.024626 0.003271 367.89 0.05
E 55 56 0.016096 0.000336 268.43 0.95
E 57 59 0.026453 0.005683 389.15 3.41
E 57 60 0.024312 0.003842 370.03 6.48
E 59 60 0.026473 0.005644 409.15 1.85
END

SECTION Terminals
Root 13
Terminals 25
T 59
T 40
T 48
T 54
T 31
T 32
T 2
T 47
T 51
T 15
T 39
T 41
T 60
T 14
T 44
T 29
T 42
T 55
T 30
T 17
T 5
T 36
T 22
T 10
T 16
END

EOF