SECTION Comment
CREATOR "Carlos Araujo"
REMARK "Instance for QoS Multicast Routing Problem"
QoS METRICS "delay, jitter, bandwidth and estimate of link duration"
END

SECTION Graph
Nodes 70
Edges 1258

E 1 5 0.033172 0.004194 454.14 47.85
E 1 8 0.034073 0.003970 469.75 1.49
E 1 11 0.028239 0.003168 412.29 174.44
E 1 13 0.029899 0.002076 417.55 7.79
E 1 16 0.032375 0.004410 437.73 0.27
E 1 23 0.032846 0.002661 483.84 2.78
E 1 26 0.033813 0.002186 483.46 0.07
E 1 30 0.033417 0.003867 470.65 0.44
E 1 31 0.032910 0.001841 543.06 0.71
E 1 36 0.027325 0.002123 413.31 2.65
E 1 38 0.032231 0.000509 546.84 7.64
E 1 40 0.033965 0.003245 492.22 7.02
E 1 41 0.031036 0.002020 448.01 47.19
E 1 46 0.027229 0.002448 392.65 0.07
E 1 47 0.024443 0.002400 354.57 4.47
E 1 49 0.027228 0.003767 428.86 2.02
E 1 51 0.033009 0.006275 476.34 16.55
E 1 52 0.027442 0.003719 421.64 60.69
E 1 53 0.031872 0.001602 454.77 0.75
E 1 54 0.031861 0.006038 434.36 265.88
E 1 55 0.025401 0.002548 356.24 3.56
E 1 56 0.031955 0.003877 453.77 0.04
E 1 59 0.032288 0.005164 460.07 17.58
E 1 61 0.030120 0.002192 484.89 63.08
E 1 63 0.035065 0.005088 493.80 1.30
E 1 66 0.032292 0.003939 460.08 1.28
E 1 67 0.031073 0.003284 450.84 1.84
E 1 68 0.032739 0.004004 444.37 1.38
E 2 5 0.025777 0.003228 399.05 1.37
E 2 6 0.034356 0.006041 452.56 825.21
E 2 8 0.025625 0.003053 369.12 1.38
E 2 10 0.027080 0.003740 415.15 639.43
E 2 11 0.030076 0.002084 432.88 2.12
E 2 12 0.028550 0.003084 430.01 569.78
E 2 13 0.035324 0.006131 518.46 0.97
E 2 14 0.023663 0.002861 384.84 575.29
E 2 15 0.023679 0.003697 428.67 9.23
E 2 16 0.021454 0.001650 334.32 1707.51
E 2 17 0.027636 0.003097 387.62 1523.66
E 2 23 0.032699 0.005104 482.64 3.21
E 2 27 0.023800 0.002633 361.37 0.02
E 2 29 0.032521 0.003507 454.81 711.29
E 2 30 0.023300 0.003392 420.14 455.17
E 2 31 0.023187 0.003022 411.08 5.21
E 2 32 0.027447 0.004559 387.16 1128.59
E 2 37 0.030753 0.006112 428.04 471.86
E 2 40 0.032070 0.003493 471.27 0.38
E 2 41 0.036694 0.005682 558.21 16.24
E 2 44 0.026226 0.003685 395.35 1370.49
E 2 48 0.023542 0.002708 383.03 0.26
E 2 50 0.023691 0.002759 382.15 643.41
E 2 52 0.027585 0.000678 418.45 4.34
E 2 57 0.024458 0.003887 391.86 0.29
E 2 58 0.023722 0.003781 358.51 0.05
E 2 60 0.023722 0.002798 378.83 0.22
E 2 62 0.023476 0.002972 375.81 503.21
E 2 63 0.030754 0.003010 419.71 1.64
E 2 64 0.023804 0.002835 389.25 2.29
E 2 65 0.026717 0.005013 414.55 423.23
E 2 68 0.030516 0.002808 406.32 0.00
E 3 4 0.030162 0.002806 476.96 80.48
E 3 5 0.033171 0.004194 480.82 39.52
E 3 6 0.031688 0.002951 428.05 0.00
E 3 8 0.034073 0.003970 444.65 1.61
E 3 11 0.026450 0.002530 376.06 150.34
E 3 13 0.038847 0.004070 630.57 7.22
E 3 16 0.030627 0.004410 522.28 1.87
E 3 17 0.033284 0.002703 463.36 0.03
E 3 18 0.030124 0.001339 443.47 855.93
E 3 19 0.025321 0.002996 401.45 36.34
E 3 24 0.030162 0.005107 448.83 74.05
E 3 26 0.033813 0.002186 477.72 0.43
E 3 30 0.033417 0.003867 484.28 0.44
E 3 31 0.030582 0.001841 451.52 0.33
E 3 33 0.034460 0.007511 461.07 44.48
E 3 35 0.030162 0.002313 462.75 27.99
E 3 36 0.028301 0.003206 393.06 1.41
E 3 38 0.030988 0.000283 469.66 3.76
E 3 40 0.039330 0.006784 534.05 6.69
E 3 41 0.035790 0.003513 527.81 8.09
E 3 46 0.028183 0.002265 415.17 0.08
E 3 47 0.017354 0.003131 265.51 4.40
E 3 49 0.027345 0.003222 437.17 0.69
E 3 51 0.033495 0.005479 466.34 16.77
E 3 52 0.029186 0.004320 415.74 71.08
E 3 53 0.030175 0.000860 424.51 0.79
E 3 54 0.030771 0.006038 463.96 219.69
E 3 55 0.020606 0.001239 345.89 3.79
E 3 56 0.030161 0.003876 447.61 0.29
E 3 59 0.032861 0.003696 473.70 14.73
E 3 61 0.031362 0.002285 451.41 46.13
E 3 63 0.041286 0.013297 555.63 1.23
E 3 66 0.035058 0.004902 450.70 1.21
E 3 67 0.033258 0.002344 491.09 1.75
E 3 68 0.037092 0.006784 521.87 1.81
E 4 5 0.029975 0.003434 449.58 50.83
E 4 6 0.033601 0.004475 479.07 898.72
E 4 8 0.031452 0.004100 472.89 2.02
E 4 10 0.027904 0.001456 430.73 0.00
E 4 11 0.028010 0.002242 487.38 208.63
E 4 12 0.034381 0.003759 480.87 102.27
E 4 13 0.029961 0.002272 450.05 8.14
E 4 17 0.031415 0.002714 427.43 1221.33
E 4 18 0.028019 0.001551 430.20 0.00
E 4 22 0.027974 0.002046 430.48 104.00
E 4 23 0.031932 0.003754 444.39 95.91
E 4 24 0.027813 0.002500 419.42 672.48
E 4 26 0.029913 0.002014 452.17 0.82
E 4 29 0.031870 0.003053 468.97 0.41
E 4 30 0.027928 0.002194 442.58 0.41
E 4 31 0.031045 0.001131 505.22 0.96
E 4 33 0.029102 0.003726 439.50 0.00
E 4 35 0.027824 0.001892 391.90 0.00
E 4 36 0.028021 0.002150 421.29 2.68
E 4 38 0.027976 0.003687 399.79 4.15
E 4 40 0.030805 0.001501 462.46 8.28
E 4 41 0.029976 0.001407 430.26 7.77
E 4 42 0.028010 0.001736 438.50 77.06
E 4 43 0.029277 0.004129 414.11 1949.94
E 4 46 0.027869 0.002809 411.91 0.05
E 4 49 0.027893 0.004832 400.83 1.04
E 4 51 0.032302 0.005810 457.51 65.02
E 4 52 0.027507 0.005342 473.32 207.95
E 4 53 0.027966 0.001717 400.67 0.73
E 4 54 0.028753 0.003348 441.00 266.64
E 4 56 0.027878 0.002369 422.42 0.17
E 4 59 0.032010 0.004661 471.18 5.43
E 4 61 0.029277 0.001564 416.29 49.72
E 4 63 0.032438 0.003546 488.70 3.06
E 4 66 0.032097 0.003673 458.31 1.66
E 4 67 0.031740 0.003753 437.72 2.48
E 4 68 0.031540 0.003356 422.80 1.92
E 5 6 0.033480 0.004609 463.57 33.09
E 5 7 0.034944 0.008174 569.98 48.31
E 5 8 0.029321 0.003526 458.97 1.48
E 5 9 0.031419 0.004221 461.35 49.38
E 5 10 0.028101 0.002945 427.15 20.67
E 5 11 0.007218 0.000032 728.00 0.20
E 5 12 0.030419 0.003576 487.56 27.43
E 5 13 0.034519 0.004797 505.84 0.62
E 5 14 0.027782 0.002949 410.68 18.51
E 5 15 0.032968 0.006219 375.36 0.39
E 5 16 0.030367 0.000000 557.51 16.69
E 5 17 0.031313 0.002808 452.46 35.98
E 5 18 0.030234 0.003940 452.99 55.14
E 5 19 0.006962 0.000288 696.00 18.58
E 5 20 0.004514 0.000064 448.00 16.97
E 5 21 0.006866 0.000000 684.00 16.84
E 5 22 0.030234 0.003940 428.65 48.83
E 5 23 0.032078 0.003565 434.09 10.43
E 5 24 0.032770 0.006897 458.68 60.73
E 5 25 0.011860 0.000320 1192.00 17.57
E 5 26 0.031688 0.003166 472.69 32.41
E 5 27 0.032943 0.002883 493.80 0.20
E 5 29 0.033231 0.003431 451.06 12.82
E 5 30 0.027900 0.003170 426.28 3.65
E 5 31 0.027679 0.003117 379.90 10.92
E 5 32 0.027690 0.003906 440.30 11.15
E 5 33 0.030944 0.004865 441.27 50.79
E 5 34 0.002257 0.000000 224.00 16.30
E 5 35 0.033231 0.003204 481.55 57.93
E 5 36 0.033230 0.003204 503.46 4.84
E 5 37 0.030613 0.006614 447.83 21.18
E 5 38 0.005778 0.000032 548.00 8.27
E 5 39 0.003970 0.000032 380.00 59.36
E 5 40 0.032634 0.003006 444.60 0.38
E 5 41 0.033687 0.002281 503.66 6.30
E 5 42 0.006674 0.000000 660.00 48.57
E 5 43 0.029761 0.003490 445.57 42.29
E 5 44 0.027541 0.003745 424.75 20.97
E 5 46 0.034268 0.001866 568.25 25.10
E 5 49 0.031045 0.001074 499.92 10.48
E 5 50 0.023662 0.001601 380.78 10.04
E 5 51 0.033724 0.006551 475.73 95.98
E 5 52 0.033854 0.002083 475.66 5.99
E 5 53 0.030284 0.003562 421.39 2.84
E 5 54 0.030211 0.004311 469.49 0.28
E 5 56 0.030726 0.003890 452.13 37.48
E 5 57 0.027657 0.002930 392.78 0.05
E 5 59 0.032467 0.004193 493.38 0.10
E 5 61 0.030637 0.002552 441.14 0.18
E 5 63 0.033924 0.005346 489.83 0.09
E 5 64 0.025913 0.002671 397.36 0.07
E 5 65 0.027676 0.004257 417.36 1.24
E 5 66 0.034407 0.003689 476.62 0.08
E 5 67 0.032761 0.003498 434.77 0.11
E 5 68 0.032896 0.003679 452.12 0.39
E 5 69 0.027657 0.002930 398.05 3.40
E 5 70 0.027676 0.002957 428.15 2.98
E 6 8 0.033602 0.004410 490.62 1.87
E 6 10 0.033346 0.004185 456.26 1157.64
E 6 11 0.035061 0.006723 491.38 24.29
E 6 12 0.034002 0.005675 475.26 0.00
E 6 13 0.033513 0.004357 463.60 7.33
E 6 14 0.032154 0.002889 464.87 0.00
E 6 15 0.031079 0.006207 436.67 4.60
E 6 18 0.032524 0.004054 481.38 27.38
E 6 22 0.032524 0.004054 437.96 0.00
E 6 23 0.033664 0.004493 471.06 22.33
E 6 25 0.035062 0.006206 470.83 0.02
E 6 26 0.033646 0.004482 485.75 0.47
E 6 27 0.031345 0.002600 405.91 119.27
E 6 29 0.034022 0.004936 474.58 5.30
E 6 30 0.031559 0.002847 458.65 0.27
E 6 31 0.032646 0.004511 496.97 0.28
E 6 33 0.032864 0.004476 486.55 323.49
E 6 36 0.033032 0.005040 432.90 2.42
E 6 37 0.033528 0.006357 468.99 0.00
E 6 40 0.033556 0.004391 459.52 6.16
E 6 41 0.033456 0.004616 455.14 166.99
E 6 42 0.035062 0.006206 484.07 0.02
E 6 43 0.033224 0.004150 451.87 0.00
E 6 46 0.032763 0.005215 430.08 0.07
E 6 49 0.034268 0.006407 485.23 3.66
E 6 51 0.033546 0.006150 489.12 46.94
E 6 52 0.034443 0.006023 489.71 206.48
E 6 53 0.032665 0.003971 486.48 0.71
E 6 54 0.034130 0.005532 468.47 204.45
E 6 55 0.034356 0.006041 488.29 12.11
E 6 56 0.032454 0.003692 480.29 0.28
E 6 57 0.030787 0.001669 490.68 36.74
E 6 59 0.033844 0.005185 469.89 25.09
E 6 61 0.033743 0.004697 458.82 10.34
E 6 63 0.034140 0.005302 484.38 2.31
E 6 64 0.032715 0.003783 430.89 2.26
E 6 65 0.033380 0.004391 451.98 0.56
E 6 66 0.033844 0.004871 459.42 1.47
E 6 67 0.033844 0.004871 482.01 1.03
E 6 68 0.033492 0.004735 474.89 0.84
E 6 69 0.030748 0.001597 483.70 2.37
E 6 70 0.033380 0.004391 465.21 1.53
E 7 8 0.035449 0.006063 528.17 1.50
E 7 11 0.028240 0.004996 413.33 172.77
E 7 13 0.031739 0.003659 452.66 7.80
E 7 16 0.035793 0.005955 454.68 0.28
E 7 26 0.034003 0.007709 451.87 0.07
E 7 30 0.034944 0.008174 457.17 0.44
E 7 31 0.035551 0.008431 462.93 0.74
E 7 36 0.028358 0.004730 410.14 2.66
E 7 38 0.038303 0.010719 473.11 7.95
E 7 40 0.038380 0.008141 548.20 7.05
E 7 41 0.032841 0.003539 466.04 49.84
E 7 46 0.028358 0.004730 411.46 0.07
E 7 47 0.025458 0.008068 437.85 4.49
E 7 49 0.027955 0.004627 403.56 2.11
E 7 51 0.033180 0.005495 434.55 16.20
E 7 52 0.027442 0.005400 418.10 59.88
E 7 53 0.034407 0.007632 454.65 0.76
E 7 54 0.034003 0.007709 484.67 268.29
E 7 55 0.024960 0.005435 358.55 3.48
E 7 56 0.034407 0.007632 487.73 0.04
E 7 59 0.033258 0.004931 483.48 17.72
E 7 61 0.030960 0.004749 461.97 63.62
E 7 63 0.041248 0.011787 544.24 1.30
E 7 66 0.034184 0.004294 437.04 1.26
E 7 67 0.033338 0.004294 479.94 1.83
E 7 68 0.034944 0.004681 456.18 1.38
E 8 9 0.033505 0.003828 424.47 1.67
E 8 10 0.028258 0.003209 418.09 3.17
E 8 11 0.035176 0.004286 542.99 7.60
E 8 12 0.029646 0.003620 437.69 1.37
E 8 13 0.035371 0.005104 479.70 7.46
E 8 14 0.028982 0.003168 413.55 4.31
E 8 16 0.036359 0.004664 551.59 2.72
E 8 17 0.031370 0.003207 463.06 1.41
E 8 18 0.032628 0.004914 431.31 1.64
E 8 19 0.036359 0.003995 502.59 2.68
E 8 20 0.036359 0.003995 488.25 2.88
E 8 21 0.036359 0.003995 450.88 2.95
E 8 22 0.032628 0.004914 462.10 1.16
E 8 23 0.031993 0.003575 451.61 0.17
E 8 24 0.033179 0.006236 466.98 1.51
E 8 25 0.036359 0.003995 500.15 2.03
E 8 26 0.030177 0.003650 447.74 0.46
E 8 27 0.036359 0.003995 528.05 1.05
E 8 29 0.033231 0.003431 449.52 11.23
E 8 30 0.029346 0.003763 412.03 2.24
E 8 31 0.028994 0.003470 436.47 1.29
E 8 32 0.027691 0.003906 434.83 1.59
E 8 33 0.030976 0.004240 444.45 1.68
E 8 34 0.036359 0.003995 464.86 3.07
E 8 35 0.036224 0.004841 569.21 1.50
E 8 36 0.036222 0.004841 486.09 0.45
E 8 37 0.030661 0.006590 439.63 2.99
E 8 38 0.037715 0.006784 586.07 0.99
E 8 39 0.036132 0.006815 476.09 2.18
E 8 40 0.032633 0.003046 458.05 1.20
E 8 41 0.032824 0.003953 468.78 1.49
E 8 42 0.036357 0.003995 433.81 2.10
E 8 43 0.029769 0.003917 465.16 1.83
E 8 44 0.028139 0.003068 410.51 4.31
E 8 46 0.036224 0.004841 482.04 0.85
E 8 47 0.050717 0.000339 476.58 15.52
E 8 49 0.036224 0.004841 462.87 0.26
E 8 51 0.033543 0.006561 491.87 3.78
E 8 52 0.036096 0.005201 524.00 2.51
E 8 53 0.032606 0.005050 477.70 0.66
E 8 54 0.029163 0.003491 435.65 0.53
E 8 55 0.004785 0.000000 540.00 0.34
E 8 56 0.032554 0.004902 473.30 0.64
E 8 57 0.027229 0.002854 390.99 1.33
E 8 59 0.033514 0.004913 473.87 9.77
E 8 61 0.031262 0.003915 441.34 11.64
E 8 63 0.034233 0.005155 489.71 10.37
E 8 64 0.027213 0.003252 392.30 39.08
E 8 65 0.028107 0.004431 419.61 1.37
E 8 66 0.033733 0.004163 462.13 13.69
E 8 67 0.032416 0.004163 476.78 9.57
E 8 68 0.032887 0.003679 454.66 5.50
E 8 69 0.027229 0.002854 408.97 8.21
E 8 70 0.028365 0.002835 447.63 0.00
E 9 11 0.028978 0.002945 472.29 214.29
E 9 13 0.030061 0.002384 460.95 7.87
E 9 23 0.030491 0.003915 475.56 4.35
E 9 26 0.030092 0.002173 441.54 0.33
E 9 30 0.031789 0.003828 446.88 0.40
E 9 31 0.029717 0.004961 391.13 0.51
E 9 36 0.028387 0.002855 391.32 2.06
E 9 38 0.028689 0.003915 453.47 5.03
E 9 40 0.031413 0.002765 430.27 7.11
E 9 41 0.030537 0.002134 423.40 76.45
E 9 46 0.028210 0.002565 420.35 0.03
E 9 49 0.028203 0.004059 419.94 1.34
E 9 51 0.032077 0.005647 451.73 60.04
E 9 52 0.028205 0.002753 422.99 159.98
E 9 53 0.028436 0.002943 421.99 0.41
E 9 54 0.028753 0.003464 450.78 258.93
E 9 56 0.028182 0.002832 394.14 0.16
E 9 59 0.032201 0.005308 446.40 8.54
E 9 61 0.029353 0.002342 426.77 26.79
E 9 63 0.034032 0.006647 468.16 3.00
E 9 66 0.032220 0.003549 454.48 1.61
E 9 67 0.031498 0.003764 454.71 1.52
E 9 68 0.032321 0.004217 457.46 1.57
E 10 11 0.028599 0.002660 447.49 21.81
E 10 12 0.029672 0.002733 424.93 229.73
E 10 13 0.032611 0.003547 483.36 6.70
E 10 14 0.027860 0.001811 430.88 269.41
E 10 15 0.027916 0.005879 429.69 4.32
E 10 17 0.030327 0.002481 435.01 823.98
E 10 18 0.027983 0.001534 413.00 0.00
E 10 22 0.027982 0.001472 406.01 339.38
E 10 23 0.032173 0.003904 447.53 10.03
E 10 26 0.030160 0.002261 428.37 0.90
E 10 27 0.027058 0.001740 398.54 93.44
E 10 29 0.033297 0.003510 475.65 0.00
E 10 30 0.028069 0.001746 400.99 0.27
E 10 31 0.028000 0.002914 412.95 0.51
E 10 33 0.028069 0.002760 413.52 0.00
E 10 37 0.031272 0.007059 448.20 269.78
E 10 40 0.032787 0.003398 484.30 4.47
E 10 41 0.031536 0.001825 459.24 46.96
E 10 43 0.029147 0.004170 424.06 465.67
E 10 48 0.026633 0.005665 478.48 7.96
E 10 50 0.027227 0.001967 380.40 67.82
E 10 51 0.031654 0.005609 443.41 59.59
E 10 52 0.030593 0.003538 481.11 126.09
E 10 53 0.027982 0.002090 430.49 0.94
E 10 54 0.028510 0.003241 431.72 106.89
E 10 56 0.027891 0.001395 390.12 0.46
E 10 57 0.027823 0.001603 405.98 29.05
E 10 58 0.040882 0.003538 627.36 111.26
E 10 59 0.031990 0.006066 438.09 20.15
E 10 60 0.025956 0.001018 532.57 21.97
E 10 61 0.028683 0.001546 422.63 88.07
E 10 63 0.034081 0.005348 468.20 2.75
E 10 64 0.028461 0.004429 414.98 2.44
E 10 65 0.027864 0.004880 438.63 0.49
E 10 66 0.031511 0.003520 468.71 2.06
E 10 67 0.030104 0.003901 438.68 1.72
E 10 68 0.032867 0.003832 461.22 1.51
E 10 69 0.027905 0.001640 396.18 4.76
E 10 70 0.027828 0.002725 396.81 3.95
E 11 12 0.028375 0.003392 442.82 27.69
E 11 13 0.030095 0.003307 443.43 0.54
E 11 16 0.028060 0.004731 424.15 96.37
E 11 17 0.031003 0.003168 438.27 137.52
E 11 19 0.027987 0.003084 431.43 93.59
E 11 20 0.028159 0.003632 420.53 110.96
E 11 21 0.028158 0.003241 429.79 110.46
E 11 23 0.033614 0.005124 467.91 6.84
E 11 25 0.028072 0.003144 401.70 112.46
E 11 26 0.030848 0.002781 434.37 43.93
E 11 27 0.028865 0.000921 408.99 1.19
E 11 29 0.032483 0.003399 455.22 70.08
E 11 30 0.034159 0.003947 456.12 2.44
E 11 32 0.028873 0.004167 393.92 17.64
E 11 34 0.028142 0.003144 391.78 108.57
E 11 37 0.030152 0.005891 435.72 37.26
E 11 40 0.032026 0.003168 445.80 1.07
E 11 41 0.030855 0.003338 432.91 15.80
E 11 42 0.028006 0.002953 420.20 139.00
E 11 47 0.025554 0.000771 362.98 32.07
E 11 51 0.031244 0.006047 449.30 14.58
E 11 52 0.028181 0.003359 423.31 1.48
E 11 55 0.028285 0.003397 391.25 0.33
E 11 59 0.032381 0.005960 481.98 0.25
E 11 61 0.028599 0.003155 434.03 0.31
E 11 63 0.033787 0.005404 442.18 0.08
E 11 65 0.028599 0.002996 416.64 1.63
E 11 66 0.032069 0.003554 428.87 0.17
E 11 67 0.030166 0.003168 434.59 0.16
E 11 68 0.032699 0.003473 470.69 0.35
E 11 70 0.028599 0.002660 405.30 0.63
E 12 13 0.035282 0.004549 461.27 6.79
E 12 15 0.029902 0.004136 433.55 5.48
E 12 16 0.029463 0.001809 512.91 2.08
E 12 17 0.031311 0.002858 465.28 0.00
E 12 18 0.034031 0.002947 503.81 1236.80
E 12 19 0.033589 0.001357 426.58 45.56
E 12 23 0.031994 0.003456 455.04 8.09
E 12 26 0.033913 0.002981 445.78 0.39
E 12 27 0.029902 0.003600 446.68 97.55
E 12 29 0.033342 0.003578 479.45 3404.49
E 12 30 0.034475 0.004350 487.69 0.34
E 12 31 0.030455 0.003671 435.86 0.35
E 12 33 0.034973 0.008859 538.77 51.71
E 12 36 0.032433 0.002646 466.45 1.49
E 12 40 0.032756 0.003229 455.87 5.50
E 12 41 0.035734 0.003222 493.02 115.62
E 12 43 0.034031 0.002947 529.56 0.06
E 12 48 0.028083 0.002814 446.87 4.54
E 12 50 0.028627 0.003230 421.08 21.46
E 12 51 0.034394 0.006225 486.16 57.25
E 12 52 0.029398 0.003691 449.80 120.72
E 12 53 0.034120 0.003319 447.83 0.90
E 12 54 0.033753 0.005914 469.39 134.49
E 12 56 0.034539 0.005597 503.32 0.40
E 12 57 0.029457 0.002721 445.97 31.83
E 12 58 0.027837 0.002840 420.77 114.41
E 12 59 0.034147 0.003575 425.00 16.40
E 12 60 0.027837 0.002840 432.26 22.93
E 12 61 0.034031 0.002947 507.24 63.16
E 12 62 0.029297 0.002975 391.15 0.82
E 12 63 0.034252 0.005128 476.27 2.61
E 12 64 0.029653 0.003342 417.34 2.63
E 12 65 0.029852 0.004573 449.52 0.97
E 12 66 0.036105 0.004879 503.76 1.86
E 12 67 0.034379 0.003759 482.76 1.32
E 12 68 0.032927 0.003948 471.31 1.39
E 12 69 0.029349 0.002684 453.63 5.18
E 12 70 0.029852 0.003314 424.33 4.77
E 13 14 0.035788 0.005623 464.69 6.37
E 13 15 0.035393 0.005879 475.65 1.43
E 13 16 0.035116 0.007000 474.88 7.51
E 13 17 0.030725 0.002750 465.36 7.97
E 13 18 0.030484 0.002634 452.75 8.00
E 13 19 0.035077 0.004127 451.00 7.67
E 13 20 0.029597 0.004653 405.68 7.61
E 13 21 0.029083 0.001834 454.21 7.60
E 13 22 0.030484 0.002634 432.63 7.88
E 13 23 0.032809 0.004767 484.17 0.94
E 13 25 0.030097 0.001915 437.89 7.18
E 13 26 0.031824 0.003458 473.84 6.95
E 13 27 0.036221 0.006608 509.79 0.96
E 13 29 0.032587 0.003413 480.42 6.88
E 13 30 0.035388 0.004765 529.64 5.53
E 13 31 0.036080 0.004800 485.56 3.14
E 13 32 0.035110 0.005406 500.65 6.70
E 13 33 0.030354 0.002675 446.19 7.90
E 13 34 0.030096 0.001916 432.43 7.63
E 13 36 0.028830 0.001998 426.04 4.54
E 13 37 0.035402 0.007089 463.13 6.49
E 13 39 0.012451 0.002336 1324.00 8.45
E 13 40 0.033248 0.004903 449.71 1.04
E 13 41 0.032156 0.004532 452.23 2.89
E 13 42 0.029515 0.001407 420.60 7.36
E 13 43 0.030484 0.004138 426.34 7.33
E 13 44 0.035286 0.004708 473.08 6.89
E 13 46 0.028830 0.002783 488.36 6.03
E 13 48 0.035751 0.006666 495.84 4.88
E 13 49 0.028340 0.003134 398.91 1.03
E 13 50 0.035324 0.006131 503.43 6.76
E 13 51 0.031839 0.006116 457.67 12.92
E 13 52 0.030274 0.003863 459.85 9.62
E 13 53 0.030354 0.002467 435.16 4.71
E 13 54 0.030103 0.002601 488.80 6.70
E 13 56 0.029963 0.002237 416.39 6.36
E 13 57 0.031752 0.005027 453.05 16.36
E 13 58 0.034467 0.007215 464.06 0.48
E 13 59 0.031718 0.005371 429.96 0.51
E 13 60 0.034467 0.006574 460.26 1.12
E 13 61 0.030469 0.002656 451.79 0.99
E 13 62 0.033713 0.006535 499.42 6.77
E 13 63 0.034203 0.005272 485.21 0.60
E 13 64 0.035252 0.005682 498.99 0.80
E 13 65 0.035827 0.005446 496.25 2.36
E 13 66 0.031410 0.003329 453.49 0.89
E 13 67 0.030544 0.003227 444.03 1.38
E 13 68 0.032875 0.004235 472.72 6.00
E 13 69 0.029519 0.001950 391.57 61.08
E 14 15 0.028529 0.005314 456.14 1.76
E 14 16 0.029858 0.004890 429.51 2.11
E 14 17 0.029804 0.002956 451.86 0.00
E 14 23 0.034727 0.005603 473.53 1.31
E 14 26 0.033399 0.003455 460.29 0.44
E 14 27 0.029386 0.003491 390.84 104.96
E 14 30 0.023399 0.001461 354.31 0.44
E 14 31 0.022174 0.003823 333.61 0.32
E 14 40 0.035451 0.004785 550.62 4.18
E 14 41 0.036269 0.003703 459.68 4.97
E 14 48 0.030386 0.004134 400.14 9.12
E 14 50 0.027071 0.002910 401.84 21.04
E 14 51 0.030535 0.001781 476.00 18.73
E 14 52 0.030704 0.004749 461.26 153.47
E 14 54 0.029983 0.003180 390.44 103.04
E 14 55 0.008242 0.000416 856.00 3.94
E 14 57 0.020960 0.001392 314.92 29.04
E 14 58 0.031101 0.004791 482.93 87.15
E 14 60 0.031101 0.003703 436.87 18.45
E 14 62 0.030537 0.001781 405.64 0.63
E 14 63 0.037577 0.008073 525.53 1.40
E 14 64 0.025861 0.003163 407.22 2.10
E 14 65 0.027162 0.005044 412.04 0.65
E 14 68 0.037007 0.006699 546.45 1.42
E 14 69 0.020960 0.001392 320.13 5.30
E 14 70 0.026642 0.003184 390.41 3.77
E 15 16 0.020726 0.004079 301.38 4.77
E 15 23 0.036003 0.006994 507.75 5.85
E 15 26 0.034709 0.006190 487.80 5.55
E 15 27 0.022472 0.004551 341.43 1.91
E 15 29 0.033662 0.004985 481.53 4.93
E 15 30 0.034160 0.003986 530.27 2.64
E 15 31 0.026347 0.005584 401.23 2.31
E 15 32 0.027510 0.004844 403.29 3.91
E 15 37 0.031187 0.006916 450.06 4.03
E 15 40 0.037749 0.006836 492.15 0.97
E 15 41 0.036097 0.005520 486.36 9.48
E 15 44 0.027732 0.005545 453.16 4.58
E 15 48 0.022353 0.004361 344.28 7.77
E 15 50 0.022416 0.004047 327.67 3.99
E 15 52 0.027597 0.004342 392.77 48.50
E 15 54 0.002257 0.000000 224.00 1.60
E 15 57 0.027735 0.005894 414.72 0.66
E 15 58 0.022500 0.004814 368.01 0.78
E 15 60 0.022501 0.004814 334.29 0.50
E 15 62 0.022334 0.004629 363.27 3.35
E 15 63 0.039631 0.010897 476.95 0.33
E 15 64 0.023439 0.004189 388.06 0.24
E 15 65 0.028007 0.005592 413.38 1.74
E 15 68 0.035738 0.005276 500.02 1.30
E 15 70 0.028476 0.004749 416.31 2.58
E 16 17 0.033040 0.004410 452.11 0.49
E 16 19 0.024517 0.003832 416.15 8.67
E 16 20 0.028060 0.004731 435.14 1.29
E 16 21 0.028060 0.004731 443.38 1.29
E 16 23 0.038313 0.007886 591.33 1.21
E 16 25 0.025214 0.003914 385.35 0.65
E 16 26 0.035567 0.004410 452.92 0.12
E 16 27 0.019726 0.001683 302.58 144.19
E 16 29 0.032920 0.004945 442.74 1.64
E 16 30 0.034159 0.004410 561.00 0.19
E 16 32 0.028670 0.004372 399.11 1.75
E 16 34 0.028060 0.004731 441.49 1.30
E 16 37 0.031927 0.004907 520.48 0.28
E 16 40 0.040330 0.005936 572.93 4.30
E 16 41 0.040338 0.005993 566.67 7.39
E 16 42 0.032467 0.003732 425.21 0.40
E 16 47 0.029432 0.003308 403.02 4.39
E 16 50 0.020949 0.001452 342.57 13.00
E 16 52 0.029637 0.004748 421.03 58.26
E 16 55 0.025819 0.004308 362.64 3.01
E 16 58 0.019455 0.003136 319.40 26.38
E 16 59 0.034234 0.006275 539.62 2.84
E 16 60 0.019455 0.001817 312.38 10.75
E 16 62 0.019424 0.001734 313.56 0.08
E 16 63 0.040105 0.012260 520.14 1.25
E 16 64 0.026295 0.003651 381.05 2.70
E 16 65 0.030621 0.010303 457.03 0.74
E 16 66 0.035018 0.004409 530.13 0.98
E 16 67 0.032062 0.004410 605.93 1.12
E 16 68 0.036740 0.005654 467.68 0.73
E 16 70 0.031271 0.005088 390.15 5.97
E 17 18 0.031405 0.002753 455.99 6.58
E 17 19 0.033458 0.002714 468.76 304.79
E 17 22 0.031405 0.002753 447.59 0.00
E 17 23 0.031888 0.003473 470.58 1.21
E 17 24 0.033259 0.003631 461.11 0.00
E 17 25 0.033735 0.002921 469.53 0.06
E 17 26 0.031420 0.002753 461.55 0.53
E 17 29 0.032020 0.002921 432.28 0.71
E 17 30 0.031345 0.002851 444.08 0.28
E 17 31 0.029882 0.002171 456.07 0.26
E 17 33 0.031405 0.003253 459.61 417.04
E 17 35 0.033266 0.002433 502.89 195.25
E 17 36 0.033284 0.002640 463.65 2.44
E 17 37 0.029761 0.005523 419.34 0.00
E 17 38 0.032005 0.001809 443.57 3.97
E 17 40 0.031902 0.002662 492.45 7.12
E 17 41 0.031574 0.002953 457.89 7.37
E 17 42 0.033261 0.002496 443.56 0.09
E 17 46 0.033379 0.002808 477.13 0.06
E 17 47 0.032400 0.002103 474.33 4.31
E 17 49 0.033379 0.003473 468.14 0.71
E 17 51 0.032205 0.006054 449.34 17.39
E 17 52 0.032969 0.004507 466.07 88.17
E 17 53 0.031405 0.002753 444.71 0.72
E 17 54 0.031420 0.003657 444.48 295.64
E 17 55 0.012323 0.000992 1308.00 3.42
E 17 56 0.031505 0.002714 463.72 0.26
E 17 57 0.027734 0.000868 410.40 48.71
E 17 59 0.032456 0.005272 451.24 5.69
E 17 61 0.031609 0.002933 491.88 9.95
E 17 63 0.033643 0.004716 486.35 1.20
E 17 65 0.029761 0.004150 425.97 0.70
E 17 66 0.032175 0.003947 436.24 1.18
E 17 67 0.031638 0.003829 447.79 1.56
E 17 68 0.032907 0.003841 487.81 1.12
E 17 69 0.027734 0.000868 437.22 5.15
E 17 70 0.029761 0.002874 429.92 16.05
E 18 22 0.027382 0.002069 434.55 1686.02
E 18 23 0.031965 0.003775 449.48 1.23
E 18 24 0.027050 0.002113 387.11 0.00
E 18 26 0.029934 0.002004 460.64 0.16
E 18 30 0.027086 0.002215 405.45 0.28
E 18 31 0.029717 0.002467 467.37 0.38
E 18 33 0.028938 0.003497 457.17 9.56
E 18 35 0.027047 0.001447 422.93 275.52
E 18 36 0.027088 0.001911 416.62 2.30
E 18 38 0.026689 0.003319 407.98 5.09
E 18 40 0.031622 0.002351 439.73 7.19
E 18 41 0.030670 0.001645 466.67 7.51
E 18 43 0.029743 0.004846 418.95 0.87
E 18 46 0.027089 0.002611 379.25 0.06
E 18 49 0.027092 0.004240 407.32 1.34
E 18 51 0.032044 0.005320 466.91 55.40
E 18 52 0.031044 0.000203 797.75 209.18
E 18 53 0.027164 0.001630 397.17 0.64
E 18 54 0.028750 0.003268 431.93 324.97
E 18 56 0.027062 0.002113 393.44 0.21
E 18 59 0.031840 0.004896 440.37 5.08
E 18 61 0.029372 0.001586 416.90 8.41
E 18 63 0.033890 0.005327 478.07 2.70
E 18 66 0.032352 0.003744 477.27 1.41
E 18 67 0.031626 0.003681 460.99 1.31
E 18 68 0.032691 0.003881 419.15 1.16
E 19 23 0.036734 0.006520 483.38 1.22
E 19 25 0.023210 0.003444 357.20 12.27
E 19 26 0.035568 0.002431 523.47 0.11
E 19 27 0.028865 0.000921 366.76 145.38
E 19 29 0.033744 0.003053 464.43 56.32
E 19 30 0.034607 0.004206 516.15 0.28
E 19 40 0.037800 0.005710 444.94 7.56
E 19 41 0.034669 0.003230 426.44 7.54
E 19 42 0.025559 0.003302 395.55 7.90
E 19 47 0.020740 0.003355 303.73 8.34
E 19 52 0.027628 0.003510 392.75 61.27
E 19 55 0.022179 0.003287 351.54 3.09
E 19 59 0.033216 0.003765 455.46 25.73
E 19 63 0.040324 0.011097 546.25 1.24
E 19 66 0.035730 0.004579 436.08 0.95
E 19 67 0.033080 0.002714 487.16 1.07
E 19 68 0.033266 0.004365 465.90 0.54
E 20 23 0.038095 0.007694 511.79 2.82
E 20 26 0.036574 0.002103 506.17 0.05
E 20 30 0.034607 0.004206 457.61 0.65
E 20 40 0.039695 0.008141 505.31 7.56
E 20 41 0.030786 0.004268 445.45 7.55
E 20 47 0.022038 0.003046 345.05 8.23
E 20 52 0.027662 0.003564 392.19 44.66
E 20 55 0.023203 0.003482 350.47 3.07
E 20 59 0.033759 0.006377 542.57 20.80
E 20 63 0.041837 0.012859 556.78 1.31
E 20 66 0.031830 0.004410 437.75 1.02
E 20 67 0.029931 0.004979 413.36 1.19
E 20 68 0.033162 0.004520 459.25 0.71
E 21 23 0.033268 0.005451 434.95 2.77
E 21 26 0.036574 0.002103 488.85 0.05
E 21 30 0.034607 0.004206 480.95 0.65
E 21 40 0.031856 0.002765 485.62 7.56
E 21 41 0.030837 0.002052 457.99 7.55
E 21 47 0.022596 0.001071 341.83 8.39
E 21 52 0.027661 0.003456 408.84 44.43
E 21 54 0.006866 0.000000 684.00 57.74
E 21 55 0.022280 0.001155 348.09 3.06
E 21 59 0.032157 0.006268 461.90 20.84
E 21 63 0.033340 0.005471 473.85 1.31
E 21 66 0.031228 0.003181 451.54 1.03
E 21 67 0.030165 0.003032 428.52 1.18
E 21 68 0.033085 0.004321 488.97 0.71
E 22 23 0.031965 0.003775 487.46 1.22
E 22 24 0.027209 0.002113 424.30 9.11
E 22 26 0.029934 0.002004 422.31 0.45
E 22 29 0.031406 0.003030 481.01 2450.69
E 22 30 0.026825 0.002215 401.77 0.29
E 22 31 0.030619 0.003180 399.14 0.52
E 22 33 0.029016 0.003557 452.59 50.99
E 22 35 0.027182 0.001538 400.83 33.99
E 22 36 0.027246 0.001944 384.74 2.50
E 22 38 0.026410 0.003319 409.53 5.06
E 22 40 0.031622 0.002351 477.90 6.80
E 22 41 0.030670 0.001618 457.39 7.59
E 22 43 0.029743 0.004846 421.63 0.00
E 22 46 0.027252 0.002611 408.06 0.06
E 22 49 0.027253 0.004240 425.71 1.02
E 22 51 0.032044 0.005320 452.32 49.94
E 22 52 0.031044 0.001187 780.07 175.93
E 22 53 0.027385 0.001877 418.44 0.57
E 22 54 0.028750 0.003268 401.39 252.96
E 22 56 0.027357 0.002113 400.54 0.26
E 22 59 0.031840 0.004896 447.31 17.12
E 22 61 0.029372 0.001900 428.26 9.51
E 22 63 0.033890 0.005327 498.40 3.24
E 22 66 0.032313 0.003672 478.90 1.61
E 22 67 0.031624 0.003761 471.30 1.50
E 22 68 0.032769 0.003967 479.75 1.56
E 23 25 0.033558 0.004985 462.13 2.10
E 23 26 0.032535 0.004593 465.03 2.79
E 23 27 0.036516 0.008118 485.26 2.95
E 23 29 0.033438 0.004844 462.15 1.84
E 23 30 0.035436 0.005981 476.39 13.69
E 23 31 0.033730 0.005122 505.99 16.89
E 23 32 0.032793 0.005044 459.25 5.42
E 23 33 0.031965 0.003775 455.91 10.13
E 23 34 0.033614 0.005124 467.95 2.85
E 23 37 0.032791 0.006264 479.95 3.45
E 23 40 0.033134 0.004836 478.93 2.39
E 23 41 0.032924 0.004922 471.43 5.71
E 23 42 0.031781 0.003864 463.35 12.35
E 23 43 0.031952 0.004138 470.49 6.75
E 23 44 0.032206 0.004006 437.96 6.50
E 23 48 0.038168 0.009326 568.56 4.54
E 23 50 0.036013 0.007083 494.37 5.55
E 23 52 0.033125 0.005221 484.70 4.85
E 23 53 0.031965 0.003775 474.33 6.11
E 23 54 0.031964 0.003775 460.29 1.43
E 23 55 0.038470 0.008684 485.68 0.25
E 23 56 0.031315 0.003618 443.92 2.27
E 23 58 0.039813 0.010225 512.32 2.83
E 23 59 0.031964 0.005682 465.10 7.10
E 23 60 0.039813 0.010225 578.29 1.67
E 23 61 0.031964 0.003775 480.42 6.70
E 23 62 0.039813 0.010225 437.10 1.77
E 23 63 0.033271 0.004934 492.03 3.97
E 23 64 0.032897 0.005055 468.94 8.67
E 23 65 0.032713 0.004684 458.53 1.79
E 23 66 0.031964 0.003775 462.27 37.30
E 23 67 0.031964 0.003901 457.05 39.57
E 23 68 0.033098 0.004661 469.73 4.76
E 23 70 0.032713 0.004683 479.28 5.78
E 24 26 0.028670 0.002102 412.02 0.83
E 24 30 0.028219 0.000904 422.66 0.50
E 24 31 0.033250 0.002205 487.79 1.30
E 24 33 0.029205 0.003839 416.62 2192.82
E 24 35 0.020745 0.001894 328.52 490.08
E 24 36 0.023311 0.002462 352.34 1.35
E 24 38 0.020497 0.003048 339.43 4.07
E 24 41 0.033055 0.001430 489.82 7.74
E 24 43 0.028800 0.003885 468.60 0.00
E 24 46 0.023355 0.002976 361.55 0.05
E 24 49 0.024068 0.004392 396.09 0.75
E 24 51 0.032040 0.006041 432.05 66.25
E 24 53 0.026773 0.002387 404.47 0.83
E 24 54 0.028758 0.003420 443.00 276.61
E 24 56 0.025252 0.002338 381.12 0.38
E 24 59 0.031957 0.004729 437.23 17.85
E 24 61 0.029395 0.002290 432.02 81.06
E 24 66 0.035012 0.004579 497.53 1.77
E 24 67 0.031937 0.004218 467.25 2.64
E 25 26 0.035567 0.002431 492.20 0.93
E 25 27 0.028865 0.002502 508.10 116.41
E 25 29 0.032525 0.003359 438.97 981.20
E 25 30 0.034607 0.004206 451.85 0.58
E 25 40 0.032195 0.002685 446.97 6.91
E 25 41 0.030856 0.001869 413.92 7.52
E 25 47 0.025809 0.001938 354.06 8.27
E 25 52 0.027627 0.003416 409.90 36.71
E 25 54 0.004802 0.000096 484.00 50.18
E 25 55 0.023090 0.001460 335.47 2.97
E 25 59 0.034126 0.004494 496.91 20.55
E 25 63 0.033869 0.005530 480.43 1.29
E 25 66 0.032063 0.003542 469.77 1.06
E 25 67 0.032778 0.002830 465.05 1.19
E 25 68 0.033029 0.003965 478.46 0.73
E 26 27 0.034706 0.002216 579.29 104.52
E 26 29 0.032423 0.003444 458.09 0.73
E 26 30 0.030533 0.002531 438.19 0.17
E 26 31 0.033932 0.003943 477.67 0.39
E 26 32 0.035568 0.006173 486.40 0.36
E 26 33 0.029912 0.002957 466.32 0.75
E 26 34 0.036574 0.002103 484.64 0.36
E 26 35 0.028670 0.002102 468.15 0.86
E 26 36 0.030189 0.002324 448.35 0.74
E 26 37 0.033755 0.007923 474.80 0.91
E 26 38 0.028421 0.002253 469.04 14.66
E 26 39 0.028401 0.002027 409.86 0.37
E 26 40 0.032066 0.002571 466.39 5.46
E 26 41 0.031029 0.002249 458.19 7.49
E 26 42 0.030676 0.002754 431.50 0.47
E 26 43 0.029912 0.003793 425.03 0.55
E 26 44 0.030202 0.004336 419.94 0.31
E 26 46 0.028491 0.002232 451.15 0.04
E 26 49 0.029034 0.003983 411.71 2.16
E 26 51 0.032285 0.005614 449.60 61.88
E 26 52 0.035564 0.004647 497.67 102.83
E 26 53 0.029886 0.002004 451.49 0.61
E 26 54 0.029985 0.003227 419.44 126.06
E 26 55 0.021380 0.000896 2324.00 3.37
E 26 56 0.029942 0.002319 424.63 0.13
E 26 57 0.034707 0.002216 470.02 35.25
E 26 59 0.031764 0.004879 452.18 16.97
E 26 61 0.030022 0.002046 454.51 71.06
E 26 63 0.034310 0.004989 458.49 2.58
E 26 64 0.035567 0.002431 513.10 2.61
E 26 65 0.033349 0.003075 442.50 0.40
E 26 66 0.032065 0.003602 468.48 1.82
E 26 67 0.031171 0.003600 428.96 1.43
E 26 68 0.033183 0.003400 509.76 1.27
E 26 69 0.030977 0.000882 580.94 5.58
E 26 70 0.033349 0.003853 470.12 4.81
E 27 29 0.033890 0.003610 469.22 148.11
E 27 30 0.033536 0.003771 450.57 37.19
E 27 31 0.028409 0.003711 446.87 2.35
E 27 32 0.027578 0.004931 411.39 64.05
E 27 37 0.030918 0.006536 416.41 73.46
E 27 40 0.038051 0.007915 514.84 0.07
E 27 41 0.036497 0.002405 537.50 22.91
E 27 44 0.029906 0.005575 443.57 105.06
E 27 48 0.020473 0.003041 323.41 0.66
E 27 50 0.020498 0.001628 312.99 56.68
E 27 51 0.029575 0.000920 398.97 59.14
E 27 52 0.030105 0.003940 410.31 3.80
E 27 54 0.029134 0.001441 455.20 0.34
E 27 55 0.008338 0.000320 868.00 0.47
E 27 57 0.029373 0.001748 459.78 0.59
E 27 58 0.019829 0.002589 317.93 0.04
E 27 60 0.019696 0.001599 314.56 0.27
E 27 62 0.019740 0.001618 300.56 88.38
E 27 63 0.042164 0.012381 549.19 1.33
E 27 64 0.023399 0.002396 366.67 2.52
E 27 65 0.029882 0.006141 424.56 143.49
E 27 68 0.035555 0.005868 484.32 0.00
E 29 30 0.037377 0.004296 514.48 0.47
E 29 31 0.037353 0.004715 471.23 0.34
E 29 33 0.031871 0.003053 409.33 68.22
E 29 37 0.032614 0.005499 473.33 345.20
E 29 40 0.032621 0.003253 471.15 4.01
E 29 41 0.032185 0.003125 463.58 4.79
E 29 48 0.034071 0.003248 461.30 8.77
E 29 50 0.032506 0.003460 479.02 3369.73
E 29 51 0.031983 0.006316 459.83 8.97
E 29 52 0.032464 0.003650 437.15 41.39
E 29 53 0.031871 0.003053 454.93 0.98
E 29 54 0.031984 0.002830 430.69 50.59
E 29 55 0.030386 0.003467 453.24 3.52
E 29 58 0.033186 0.004579 445.42 35.87
E 29 59 0.031990 0.006035 488.92 19.86
E 29 60 0.032934 0.003301 434.78 10.70
E 29 61 0.031983 0.002830 436.09 69.15
E 29 62 0.032900 0.003304 503.57 0.15
E 29 63 0.033337 0.004813 477.76 1.26
E 29 64 0.032625 0.003398 440.37 2.57
E 29 65 0.032583 0.004776 449.03 0.79
E 29 66 0.031983 0.002976 449.92 1.88
E 29 67 0.031984 0.002830 473.53 2.16
E 29 68 0.033137 0.003477 486.25 0.65
E 29 70 0.032583 0.003196 484.99 5.69
E 30 31 0.024038 0.003888 373.62 0.08
E 30 32 0.034607 0.007802 484.43 0.68
E 30 33 0.028805 0.003398 443.46 0.27
E 30 34 0.035582 0.004876 573.10 0.70
E 30 35 0.002129 0.000000 208.00 0.29
E 30 36 0.034176 0.004888 450.64 1.23
E 30 37 0.032838 0.007762 467.91 0.54
E 30 39 0.003938 0.000064 376.00 0.87
E 30 40 0.038207 0.006572 500.19 9.31
E 30 41 0.036045 0.003215 467.48 30.89
E 30 42 0.035582 0.004876 449.12 0.62
E 30 43 0.029031 0.003976 428.73 0.43
E 30 44 0.026186 0.004070 400.05 0.38
E 30 46 0.033420 0.003867 438.11 0.69
E 30 49 0.034607 0.004206 489.61 4.93
E 30 51 0.033699 0.005276 455.42 5.25
E 30 52 0.033416 0.003867 427.81 5.03
E 30 53 0.026621 0.001769 408.21 0.30
E 30 54 0.028650 0.003247 428.97 2.98
E 30 55 0.020805 0.003264 2252.00 8.10
E 30 56 0.030098 0.003438 450.05 0.27
E 30 57 0.023385 0.001306 366.38 5.44
E 30 59 0.032030 0.003879 471.85 1.53
E 30 61 0.031558 0.003758 466.17 1.99
E 30 63 0.039537 0.009756 529.39 1.20
E 30 64 0.033710 0.003658 468.57 0.90
E 30 65 0.030755 0.003699 448.96 0.32
E 30 66 0.036272 0.004353 500.30 0.67
E 30 67 0.033611 0.003356 493.64 0.60
E 30 68 0.036922 0.004116 491.57 1.76
E 30 69 0.022295 0.001321 337.18 5.50
E 30 70 0.030841 0.004206 439.62 4.80
E 31 32 0.028330 0.004429 424.59 1.84
E 31 33 0.034773 0.007080 467.74 0.37
E 31 35 0.008274 0.000064 860.00 1.30
E 31 36 0.030703 0.001938 468.91 2.17
E 31 37 0.030764 0.006658 437.32 0.53
E 31 38 0.029237 0.000226 457.01 12.59
E 31 40 0.038116 0.007826 477.14 2.97
E 31 41 0.037409 0.003314 519.77 33.76
E 31 43 0.029871 0.002498 479.84 0.45
E 31 44 0.026064 0.003713 401.14 0.48
E 31 46 0.031045 0.001131 514.71 0.57
E 31 49 0.031045 0.001131 398.03 1.01
E 31 50 0.025154 0.004749 403.59 1.20
E 31 51 0.033076 0.004466 445.67 3.78
E 31 52 0.031043 0.002205 404.84 4.89
E 31 53 0.029823 0.002035 525.88 0.69
E 31 54 0.030968 0.005088 525.97 3.63
E 31 56 0.031384 0.006445 446.48 0.93
E 31 57 0.021676 0.003290 357.76 8.92
E 31 59 0.031937 0.003269 520.83 2.72
E 31 61 0.031435 0.002467 455.47 2.00
E 31 63 0.041239 0.011236 527.44 2.16
E 31 64 0.026125 0.004410 418.18 1.63
E 31 65 0.026646 0.004224 392.31 0.29
E 31 66 0.035017 0.002568 514.36 1.02
E 31 67 0.031553 0.001841 466.07 0.66
E 31 68 0.037440 0.006687 542.71 0.47
E 31 69 0.021552 0.003337 338.58 0.44
E 31 70 0.025694 0.002772 404.70 4.95
E 32 40 0.032413 0.005301 450.27 4.25
E 32 41 0.036433 0.005547 481.34 10.43
E 32 48 0.027533 0.005205 436.19 7.07
E 32 52 0.027158 0.004014 415.86 180.46
E 32 57 0.027350 0.006143 415.98 17.88
E 32 58 0.027199 0.004895 390.74 91.28
E 32 60 0.027136 0.004844 451.35 18.40
E 32 62 0.027248 0.004936 409.79 0.11
E 32 63 0.033691 0.005173 453.33 1.31
E 32 64 0.027447 0.004559 413.07 1.86
E 32 65 0.027610 0.005013 404.19 0.66
E 32 68 0.031782 0.004337 463.17 1.66
E 32 70 0.027610 0.004711 423.13 2.39
E 33 35 0.029054 0.003519 425.87 0.00
E 33 36 0.029058 0.003488 404.56 2.50
E 33 38 0.027572 0.003319 379.68 5.12
E 33 40 0.031722 0.002883 444.17 7.03
E 33 41 0.030670 0.002656 440.35 7.61
E 33 43 0.029615 0.004749 434.43 493.40
E 33 46 0.029031 0.003545 437.43 0.06
E 33 49 0.029070 0.004410 417.35 1.02
E 33 51 0.032102 0.005421 445.67 54.35
E 33 52 0.034209 0.003957 453.34 163.63
E 33 53 0.029016 0.003557 436.04 0.62
E 33 54 0.028799 0.003303 412.15 272.91
E 33 56 0.029036 0.003580 421.78 0.18
E 33 59 0.031840 0.004896 450.51 16.72
E 33 61 0.029372 0.003239 431.13 8.04
E 33 63 0.033890 0.005327 508.87 1.84
E 33 66 0.032264 0.003922 465.49 0.95
E 33 67 0.031624 0.003761 480.73 0.79
E 33 68 0.032769 0.003967 461.75 0.77
E 34 40 0.031723 0.002631 453.64 7.62
E 34 41 0.030856 0.001869 454.67 7.55
E 34 47 0.024214 0.000927 353.00 8.26
E 34 52 0.027627 0.003416 420.98 42.30
E 34 55 0.024031 0.001937 367.20 3.08
E 34 59 0.032463 0.005828 428.01 20.93
E 34 63 0.033728 0.005374 462.10 1.32
E 34 66 0.031715 0.003487 480.39 1.03
E 34 67 0.030167 0.002873 432.01 1.17
E 34 68 0.033085 0.004321 472.27 0.69
E 35 36 0.023293 0.002076 368.45 2.63
E 35 38 0.019095 0.003070 304.14 4.09
E 35 43 0.028887 0.004070 442.80 238.95
E 35 46 0.023354 0.002976 348.57 0.05
E 35 49 0.024223 0.004573 367.25 0.74
E 35 51 0.031958 0.006172 446.41 60.42
E 35 53 0.026773 0.001766 405.75 0.67
E 35 54 0.028641 0.003421 423.39 304.86
E 35 56 0.024999 0.001832 372.85 0.16
E 35 59 0.031762 0.004534 475.19 18.14
E 35 61 0.029343 0.001669 417.11 51.64
E 35 66 0.036064 0.004998 499.80 1.77
E 35 67 0.031942 0.003905 447.19 2.64
E 36 38 0.023330 0.002846 372.62 0.81
E 36 39 0.023310 0.002668 357.22 2.18
E 36 40 0.039185 0.004494 648.12 2.53
E 36 42 0.025591 0.001840 366.64 4.13
E 36 43 0.029686 0.004935 414.13 1.30
E 36 46 0.022982 0.002311 371.37 0.78
E 36 49 0.024173 0.004366 364.36 1.49
E 36 51 0.031775 0.005323 437.23 4.65
E 36 52 0.031044 0.000678 539.32 0.89
E 36 53 0.026614 0.001884 418.58 0.44
E 36 54 0.028484 0.003208 443.63 4.40
E 36 56 0.025120 0.001963 376.95 0.53
E 36 59 0.031873 0.004794 459.32 3.48
E 36 61 0.029431 0.001985 423.00 7.32
E 36 63 0.041695 0.013907 596.48 3.54
E 36 66 0.032165 0.003587 427.30 3.46
E 36 67 0.031546 0.003764 493.93 2.04
E 36 68 0.039525 0.006445 477.98 1.15
E 37 40 0.032510 0.006777 479.95 4.42
E 37 41 0.036269 0.006339 486.23 7.47
E 37 48 0.030690 0.005872 461.62 9.13
E 37 50 0.030755 0.006112 440.89 21.03
E 37 51 0.031611 0.002827 491.78 20.70
E 37 52 0.030176 0.005891 422.78 116.41
E 37 54 0.034290 0.007269 497.04 94.57
E 37 57 0.031143 0.007025 439.69 31.54
E 37 58 0.030345 0.005550 450.75 96.08
E 37 60 0.030345 0.005550 465.22 19.87
E 37 62 0.034098 0.003053 515.05 0.48
E 37 63 0.034046 0.006357 457.47 1.49
E 37 64 0.031343 0.007123 452.42 2.29
E 37 65 0.031359 0.006995 465.30 0.52
E 37 68 0.032894 0.005501 455.29 1.41
E 37 69 0.030984 0.006920 444.12 5.31
E 37 70 0.031407 0.007111 464.97 3.78
E 38 39 0.021798 0.004364 353.67 4.15
E 38 43 0.028600 0.004492 388.54 5.28
E 38 46 0.023356 0.002976 357.66 4.49
E 38 49 0.024129 0.004592 379.92 0.52
E 38 51 0.031117 0.005472 451.06 8.31
E 38 53 0.026535 0.003273 435.20 3.03
E 38 54 0.027508 0.001972 416.70 8.24
E 38 56 0.025000 0.003295 384.95 3.45
E 38 59 0.030025 0.001611 405.22 2.15
E 38 61 0.029045 0.001880 428.93 3.71
E 38 66 0.036539 0.003256 548.53 3.32
E 38 67 0.034549 0.002600 484.68 4.61
E 39 41 0.030116 0.002401 445.08 66.59
E 39 46 0.023354 0.002976 349.62 0.04
E 39 49 0.024223 0.004573 382.15 1.03
E 39 51 0.032031 0.006294 452.86 67.76
E 39 53 0.026773 0.002618 417.21 0.34
E 39 54 0.028641 0.003421 413.00 316.76
E 39 56 0.025011 0.002764 353.95 0.15
E 39 59 0.031769 0.004622 469.18 6.61
E 39 61 0.029337 0.002831 430.03 18.48
E 39 66 0.032228 0.003842 418.03 1.78
E 39 67 0.031941 0.003905 431.48 2.64
E 40 41 0.032139 0.003038 463.94 5.96
E 40 42 0.030705 0.001558 468.10 6.56
E 40 43 0.031721 0.003742 443.36 6.78
E 40 44 0.032787 0.004155 484.51 4.66
E 40 48 0.038464 0.006784 486.40 5.76
E 40 50 0.038537 0.007894 506.38 4.35
E 40 51 0.032210 0.006192 467.09 1.55
E 40 52 0.032052 0.003718 446.87 1.67
E 40 53 0.031217 0.001838 446.87 121.02
E 40 54 0.032131 0.003241 458.20 0.60
E 40 55 0.014787 0.001696 1616.00 0.95
E 40 56 0.030154 0.001357 496.21 5.88
E 40 57 0.039127 0.004975 494.42 17.99
E 40 58 0.039412 0.007236 559.18 0.75
E 40 59 0.032002 0.005153 459.00 0.84
E 40 60 0.039412 0.007236 466.44 2.36
E 40 61 0.031968 0.002381 462.69 3.53
E 40 63 0.033698 0.004463 468.36 1.76
E 40 64 0.032431 0.003158 477.38 5.09
E 40 65 0.032511 0.004564 466.63 3.98
E 40 66 0.032076 0.003605 439.05 8.38
E 40 67 0.031714 0.003944 499.46 5.33
E 40 68 0.032938 0.003269 464.66 147.99
E 41 42 0.030571 0.001800 452.73 42.80
E 41 44 0.036243 0.005859 478.94 7.49
E 41 46 0.030123 0.002805 437.70 3.33
E 41 48 0.036435 0.003604 496.10 4.98
E 41 49 0.030286 0.003099 433.51 3.30
E 41 50 0.036695 0.002865 442.26 11.79
E 41 51 0.032694 0.007148 498.35 9.76
E 41 52 0.031251 0.003863 442.49 38.25
E 41 53 0.030232 0.001540 440.13 6.98
E 41 54 0.030881 0.003065 448.98 6.10
E 41 57 0.036283 0.002262 513.02 8.12
E 41 58 0.036299 0.006105 651.28 17.42
E 41 59 0.032562 0.005254 478.69 8.34
E 41 60 0.034546 0.001809 445.79 8.18
E 41 61 0.030823 0.001871 428.58 5.58
E 41 63 0.034245 0.005132 498.07 5.73
E 41 64 0.036433 0.004297 517.72 4.14
E 41 65 0.036320 0.005688 496.03 7.73
E 41 67 0.031194 0.003419 462.37 13.09
E 41 68 0.032894 0.004018 456.46 2.41
E 41 69 0.003345 0.000000 360.00 4.41
E 41 70 0.036320 0.003627 507.83 18.54
E 42 46 0.025624 0.002187 377.78 0.10
E 42 47 0.024550 0.000882 371.48 5.05
E 42 49 0.025545 0.003792 381.15 0.67
E 42 51 0.032486 0.006678 479.90 12.05
E 42 52 0.027485 0.003679 409.46 42.03
E 42 55 0.025478 0.001991 401.82 3.71
E 42 59 0.031956 0.005217 452.13 17.21
E 42 61 0.028942 0.001519 422.06 57.74
E 42 63 0.033811 0.005284 438.81 1.42
E 42 66 0.032426 0.003856 462.81 1.01
E 42 67 0.030978 0.003335 434.13 1.45
E 42 68 0.032756 0.004079 462.77 0.63
E 43 46 0.029100 0.004052 445.78 0.07
E 43 49 0.028511 0.004410 412.80 1.44
E 43 51 0.032135 0.005525 446.68 58.73
E 43 52 0.031044 0.000000 645.24 176.52
E 43 53 0.029729 0.004666 418.37 0.70
E 43 54 0.029241 0.004063 410.29 217.97
E 43 56 0.029228 0.004244 399.19 0.24
E 43 59 0.031668 0.004666 444.16 13.75
E 43 61 0.029372 0.004258 432.46 42.93
E 43 63 0.033889 0.005327 462.19 2.78
E 43 66 0.032283 0.004005 485.11 1.55
E 43 67 0.031305 0.003814 458.27 1.39
E 43 68 0.032769 0.003967 472.21 1.97
E 44 48 0.031193 0.004975 469.71 8.48
E 44 51 0.034577 0.006699 503.38 59.66
E 44 52 0.030593 0.004206 460.56 151.08
E 44 53 0.032742 0.000000 534.55 0.32
E 44 54 0.028542 0.004007 424.58 121.53
E 44 57 0.026293 0.003832 391.32 29.82
E 44 58 0.010691 0.001312 1104.00 121.79
E 44 59 0.029915 0.003731 455.19 5.08
E 44 60 0.029235 0.002600 310.55 22.65
E 44 61 0.032674 0.004003 480.91 10.73
E 44 63 0.034200 0.005304 487.16 2.65
E 44 64 0.026227 0.003685 380.69 2.36
E 44 65 0.027040 0.005294 407.62 0.28
E 44 68 0.032896 0.003850 486.35 1.50
E 44 69 0.026172 0.003904 393.17 4.76
E 44 70 0.026874 0.003965 395.81 3.97
E 46 49 0.024286 0.004426 396.05 0.66
E 46 51 0.031893 0.005536 443.67 15.64
E 46 53 0.026472 0.002863 420.46 0.26
E 46 54 0.028281 0.003119 407.45 19.00
E 46 56 0.024936 0.003020 386.58 0.07
E 46 59 0.031826 0.004862 439.87 4.66
E 46 61 0.029361 0.002572 423.77 8.24
E 46 66 0.032157 0.003855 479.65 1.38
E 46 67 0.031374 0.003272 442.83 1.70
E 47 52 0.031044 0.000622 343.24 15.13
E 47 55 0.017716 0.001735 285.98 7.22
E 47 66 0.037913 0.003985 490.14 3.18
E 47 67 0.031046 0.000593 480.42 2.61
E 47 68 0.033758 0.000678 481.44 0.99
E 48 50 0.019891 0.002500 341.22 7.19
E 48 57 0.025412 0.004681 528.50 2.31
E 48 58 0.020154 0.003194 336.73 1.09
E 48 60 0.020154 0.003068 317.36 3.12
E 48 62 0.019851 0.002894 342.22 17.74
E 48 63 0.036133 0.002035 562.32 2.73
E 48 64 0.023447 0.002934 366.40 1.93
E 48 65 0.026960 0.005156 402.24 6.43
E 48 69 0.026690 0.011702 402.65 1.05
E 48 70 0.025617 0.002593 412.06 0.32
E 49 51 0.031806 0.005620 466.56 9.18
E 49 53 0.026386 0.004410 398.18 0.34
E 49 54 0.028282 0.003150 412.73 2.79
E 49 56 0.024824 0.004506 395.87 0.88
E 49 59 0.031873 0.004982 456.64 8.46
E 49 61 0.029405 0.004832 439.92 4.92
E 49 66 0.032168 0.003786 468.95 4.22
E 49 67 0.031428 0.003698 475.62 3.34
E 50 57 0.001905 0.000000 180.00 16.96
E 50 58 0.019001 0.002956 296.71 89.64
E 50 60 0.018965 0.001736 309.25 18.45
E 50 62 0.018966 0.000578 306.75 0.09
E 50 63 0.010226 0.000480 1104.00 0.91
E 50 64 0.023367 0.002383 381.00 1.09
E 50 65 0.026507 0.004570 400.26 0.52
E 50 70 0.026311 0.003345 425.47 0.50
E 51 52 0.030843 0.005125 427.78 0.14
E 51 53 0.032115 0.005408 454.81 1.07
E 51 54 0.032190 0.005620 452.58 1.34
E 51 56 0.031835 0.005692 471.57 86.75
E 51 57 0.016740 0.000480 1744.00 142.70
E 51 59 0.032369 0.005907 473.76 18.37
E 51 61 0.032141 0.006123 450.07 20.97
E 51 63 0.033916 0.006192 451.01 716.24
E 51 64 0.002705 0.000000 280.00 241.50
E 51 65 0.029575 0.001103 416.60 11.58
E 51 66 0.032295 0.006373 451.00 0.00
E 51 67 0.032174 0.006348 474.43 0.00
E 51 68 0.032767 0.005882 490.22 0.00
E 51 69 0.006627 0.000032 596.00 0.00
E 51 70 0.032061 0.003504 605.50 0.00
E 52 53 0.031045 0.000678 608.58 1.56
E 52 54 0.030592 0.002204 445.35 0.18
E 52 55 0.027700 0.003507 396.88 1.02
E 52 58 0.030423 0.002148 509.77 7.43
E 52 59 0.032070 0.005393 430.36 3.29
E 52 60 0.030424 0.002148 495.73 7.94
E 52 61 0.029234 0.003764 419.13 21.64
E 52 63 0.033851 0.005189 466.26 3.22
E 52 64 0.031045 0.006106 389.95 7.69
E 52 65 0.032062 0.003350 520.22 8.12
E 52 66 0.032069 0.003910 430.26 22.93
E 52 67 0.030166 0.003910 450.48 5.12
E 52 68 0.033324 0.003953 476.56 10.01
E 52 70 0.032062 0.005224 572.59 4.70
E 53 54 0.028750 0.003268 441.04 3.52
E 53 56 0.026749 0.002195 389.41 1.08
E 53 59 0.031895 0.004918 483.54 5.72
E 53 61 0.029372 0.001912 462.87 1.02
E 53 63 0.033540 0.004837 476.61 1.89
E 53 66 0.032264 0.003922 450.45 0.69
E 53 67 0.031741 0.003753 439.49 0.44
E 53 68 0.032222 0.003143 470.90 0.00
E 54 56 0.028720 0.003348 411.79 139.48
E 54 57 0.029279 0.000339 402.83 0.27
E 54 59 0.031844 0.004925 471.17 0.31
E 54 61 0.029304 0.003371 457.35 1.02
E 54 63 0.033978 0.005264 441.12 0.44
E 54 64 0.005121 0.000288 524.00 0.59
E 54 65 0.030451 0.002883 427.22 8.16
E 54 66 0.032419 0.003922 450.26 1.08
E 54 67 0.031207 0.003684 490.08 1.65
E 54 68 0.032768 0.003967 419.11 4.43
E 54 69 0.029281 0.000475 361.81 17.11
E 54 70 0.030308 0.005032 459.38 0.00
E 55 63 0.003441 0.000000 372.00 0.87
E 55 66 0.014307 0.001504 1556.00 2.32
E 55 68 0.037107 0.005201 553.07 3.72
E 56 59 0.031940 0.004921 453.84 11.63
E 56 61 0.029283 0.001932 439.52 44.18
E 56 63 0.033080 0.004548 460.39 3.51
E 56 66 0.032162 0.003765 452.78 1.89
E 56 67 0.031741 0.003973 454.90 3.61
E 57 60 0.003906 0.000160 372.00 1.11
E 57 63 0.015075 0.003296 1652.00 0.24
E 57 64 0.028951 0.004749 467.40 0.21
E 57 65 0.026912 0.004588 397.76 3.46
E 57 69 0.017110 0.000944 279.65 9.14
E 58 60 0.019432 0.003482 297.67 0.07
E 58 62 0.019285 0.003454 308.77 15.75
E 58 63 0.003633 0.000000 396.00 0.37
E 58 64 0.023547 0.002973 407.52 0.56
E 58 65 0.034775 0.006105 594.85 77.17
E 58 68 0.006274 0.000032 668.00 0.00
E 59 61 0.032331 0.005019 460.71 0.09
E 59 63 0.033900 0.005153 459.84 0.09
E 59 66 0.032503 0.004831 461.55 0.08
E 59 67 0.032502 0.004831 469.18 0.08
E 59 68 0.032766 0.005191 501.51 0.34
E 60 62 0.017751 0.001469 274.26 5.37
E 60 63 0.038507 0.000848 617.22 0.18
E 60 64 0.023547 0.002171 350.44 0.28
E 60 65 0.027653 0.001103 468.76 2.69
E 60 68 0.003906 0.000160 372.00 3.52
E 61 63 0.033916 0.005002 506.87 0.07
E 61 66 0.032229 0.003608 453.42 0.11
E 61 67 0.031530 0.003544 429.34 0.06
E 61 68 0.032767 0.003967 496.16 0.20
E 62 64 0.023499 0.002238 340.86 0.38
E 63 64 0.033702 0.005434 499.92 244.94
E 63 65 0.034267 0.005397 478.47 0.14
E 63 66 0.033645 0.004716 460.91 0.28
E 63 67 0.033645 0.004716 476.39 11.70
E 63 68 0.034098 0.005150 468.76 2.29
E 63 70 0.034267 0.005397 468.97 772.09
E 64 65 0.026479 0.004503 392.31 0.14
E 64 68 0.039186 0.006106 483.49 10.10
E 64 69 0.028671 0.000000 380.64 3.78
E 64 70 0.026608 0.003921 417.79 0.57
E 65 68 0.032895 0.004206 440.51 54.67
E 65 69 0.026699 0.004250 388.55 1.82
E 65 70 0.027824 0.006143 421.67 2.19
E 66 67 0.032092 0.003594 455.38 0.56
E 66 68 0.032903 0.004263 457.40 10.06
E 67 68 0.032903 0.004263 456.84 2.45
E 68 70 0.032895 0.003850 449.17 161.33
E 69 70 0.025481 0.001818 401.10 2.30
END

SECTION Terminals
Root 26
Terminals 37
T 35
T 9
T 62
T 19
T 29
T 47
T 24
T 36
T 30
T 17
T 46
T 54
T 38
T 64
T 27
T 7
T 2
T 59
T 32
T 5
T 43
T 69
T 58
T 33
T 52
T 42
T 31
T 63
T 3
T 66
T 40
T 12
T 49
T 55
T 68
T 37
T 13
END

EOF