SECTION Comment
CREATOR "Carlos Araujo"
REMARK "Instance for QoS Multicast Routing Problem"
QoS METRICS "delay, jitter, bandwidth and estimate of link duration"
END

SECTION Graph
Nodes 20
Edges 92

E 1 6 0.035179 0.006445 525.34 0.00
E 1 7 0.024792 0.005848 377.91 2.28
E 1 9 0.028397 0.002726 391.95 95.30
E 1 11 0.029708 0.003335 450.25 157.24
E 1 13 0.028353 0.002726 433.62 42.28
E 1 17 0.033533 0.003675 473.44 13.14
E 1 19 0.024598 0.003480 337.70 3.90
E 1 20 0.025056 0.003097 405.74 9.08
E 2 5 0.025708 0.003148 365.33 2.05
E 2 6 0.034356 0.006041 479.78 6.76
E 2 8 0.025549 0.002965 389.68 2.78
E 2 10 0.026958 0.003097 417.48 1548.57
E 2 11 0.030076 0.002084 523.06 2.12
E 2 12 0.027478 0.002632 429.78 1.58
E 2 14 0.023866 0.002703 361.20 0.09
E 2 15 0.025940 0.003910 426.71 0.13
E 2 16 0.021716 0.002544 683.13 0.26
E 2 17 0.027636 0.002996 409.93 2.51
E 3 7 0.002193 0.000000 216.00 37.34
E 3 19 0.001809 0.000000 168.00 226.59
E 3 20 0.022395 0.002883 360.09 291.74
E 4 5 0.028383 0.001718 435.04 1.55
E 4 6 0.035408 0.006275 473.79 0.07
E 4 8 0.028499 0.001781 425.76 1.70
E 4 9 0.028537 0.001270 461.79 343.32
E 4 11 0.028010 0.002242 456.31 211.05
E 4 13 0.028874 0.002205 420.94 144.69
E 4 17 0.029854 0.002773 450.21 11.14
E 4 18 0.028287 0.001041 406.71 11.16
E 5 6 0.035465 0.006467 507.13 1.27
E 5 8 0.026842 0.001999 419.05 2.59
E 5 10 0.027649 0.001912 441.72 1.33
E 5 12 0.027349 0.002414 386.46 14.72
E 5 13 0.032207 0.004167 530.21 3.13
E 5 14 0.024844 0.001871 383.49 2.80
E 5 17 0.029777 0.002756 471.16 16.88
E 5 18 0.028461 0.001826 386.78 17.72
E 6 7 0.037490 0.006081 475.25 5.26
E 6 8 0.035606 0.006259 451.19 4.99
E 6 9 0.034435 0.006007 547.69 13.27
E 6 10 0.035605 0.006259 498.55 0.04
E 6 11 0.035059 0.006206 489.24 12.81
E 6 12 0.035464 0.006467 454.55 29.37
E 6 13 0.035405 0.006275 529.95 635.50
E 6 14 0.045799 0.010007 596.84 120.12
E 6 17 0.035406 0.006275 522.68 21.67
E 6 18 0.033949 0.005427 473.47 105.24
E 6 19 0.034251 0.005797 516.34 30.46
E 6 20 0.034265 0.005545 483.44 5.84
E 7 9 0.029071 0.004268 489.97 1.31
E 7 11 0.029710 0.006160 426.11 2.67
E 7 13 0.029661 0.004909 417.70 1.35
E 7 17 0.033533 0.005970 455.03 1.16
E 7 19 0.023328 0.006631 349.43 30.01
E 7 20 0.023313 0.006057 355.14 12.79
E 8 10 0.027656 0.002429 406.65 1.30
E 8 11 0.032289 0.003505 390.55 1.38
E 8 12 0.027349 0.002414 440.69 10.75
E 8 13 0.032207 0.004167 477.35 1.56
E 8 14 0.026786 0.002429 441.04 1.47
E 8 17 0.029805 0.002625 430.21 1.20
E 8 18 0.031331 0.003809 449.24 24.28
E 9 10 0.028367 0.000930 414.19 422.14
E 9 11 0.028994 0.002817 426.93 0.14
E 9 13 0.028875 0.001977 421.04 0.25
E 9 17 0.028855 0.001521 415.94 6.05
E 9 18 0.028404 0.001121 409.44 6.39
E 10 11 0.028599 0.002660 464.74 202.63
E 10 12 0.027632 0.002487 404.43 51.00
E 10 13 0.028832 0.002157 407.13 128.70
E 10 14 0.027624 0.000952 403.69 49.70
E 10 17 0.029710 0.002411 417.88 7.56
E 10 18 0.027641 0.001018 438.93 7.20
E 11 12 0.028978 0.002945 440.86 1.17
E 11 13 0.029265 0.002912 447.79 0.16
E 11 17 0.029389 0.003243 424.68 0.27
E 11 19 0.029603 0.003135 436.67 0.16
E 11 20 0.029601 0.003135 429.32 0.34
E 12 13 0.010819 0.000512 1120.00 1.87
E 12 14 0.027375 0.002487 397.13 0.85
E 12 15 0.027510 0.004506 393.70 0.42
E 12 17 0.029761 0.002874 446.34 0.59
E 13 17 0.029837 0.002740 414.33 0.11
E 13 18 0.028831 0.002157 406.42 1.15
E 13 19 0.001809 0.000000 168.00 0.42
E 13 20 0.028303 0.003053 449.53 3.46
E 14 15 0.005186 0.001312 532.00 0.01
E 14 17 0.029804 0.002956 455.14 0.09
E 15 16 0.019781 0.005077 341.71 0.05
E 16 19 0.019286 0.000533 348.59 0.09
E 17 18 0.029855 0.002773 427.15 0.17
E 19 20 0.021089 0.003198 312.45 0.08
END

SECTION Terminals
Root 2
Terminals 11
T 16
T 4
T 20
T 18
T 12
T 14
T 15
T 11
T 3
T 5
T 7
END

EOF