SECTION Comment
CREATOR "Carlos Araujo"
REMARK "Instance for QoS Multicast Routing Problem"
QoS METRICS "delay, jitter, bandwidth and estimate of link duration"
END

SECTION Graph
Nodes 90
Edges 1517

E 1 2 0.026854 0.005297 400.07 0.44
E 1 5 0.028178 0.004930 427.33 7.26
E 1 6 0.028093 0.005690 408.20 11.66
E 1 7 0.026047 0.005691 409.43 0.00
E 1 8 0.028400 0.005964 388.54 155.37
E 1 9 0.028695 0.006424 465.74 0.51
E 1 10 0.027761 0.005684 433.26 3.64
E 1 13 0.029009 0.005604 408.14 103.37
E 1 17 0.026149 0.006644 411.52 0.12
E 1 18 0.028118 0.005427 433.38 85.43
E 1 19 0.028311 0.005146 416.55 11.72
E 1 20 0.026697 0.005295 404.84 0.00
E 1 22 0.027029 0.005375 414.67 4.39
E 1 23 0.028022 0.004975 405.42 11.80
E 1 24 0.026428 0.005552 401.90 0.41
E 1 26 0.027251 0.003392 415.92 13.32
E 1 29 0.027903 0.004498 424.43 1.28
E 1 30 0.026697 0.005295 380.54 1.12
E 1 33 0.028077 0.004777 399.36 0.00
E 1 34 0.025844 0.005156 357.07 0.12
E 1 35 0.031529 0.007317 499.22 132.26
E 1 36 0.027623 0.008084 406.64 0.77
E 1 37 0.026516 0.005169 383.23 0.15
E 1 39 0.026471 0.005382 397.07 12.04
E 1 41 0.026582 0.005519 405.81 1.80
E 1 42 0.026760 0.004303 411.89 11.96
E 1 44 0.026830 0.004817 396.17 8.88
E 1 45 0.027747 0.005352 415.90 1.49
E 1 46 0.026759 0.004303 389.19 11.90
E 1 47 0.024613 0.004198 380.70 0.00
E 1 48 0.026851 0.005192 400.63 17.93
E 1 49 0.028727 0.004636 406.39 0.82
E 1 50 0.026418 0.005345 371.11 122.60
E 1 51 0.027440 0.005671 411.96 1.53
E 1 52 0.027163 0.005322 394.67 2.13
E 1 54 0.027037 0.005561 432.07 3.32
E 1 57 0.027077 0.005448 399.76 0.77
E 1 58 0.026998 0.004700 408.19 4.81
E 1 59 0.026432 0.005270 434.62 1.47
E 1 60 0.026695 0.005295 448.95 1.56
E 1 61 0.026826 0.005450 408.75 4.88
E 1 64 0.026097 0.004627 392.30 0.59
E 1 65 0.027110 0.006194 403.07 3.58
E 1 66 0.027012 0.005416 418.37 7.82
E 1 67 0.026567 0.002883 402.18 5.44
E 1 68 0.026934 0.005342 406.83 12.01
E 1 71 0.026568 0.002883 382.44 12.96
E 1 73 0.028092 0.006146 444.72 6.73
E 1 74 0.027906 0.006728 413.07 0.28
E 1 75 0.027001 0.005326 389.00 10.49
E 1 76 0.026497 0.004848 401.42 6.25
E 1 77 0.026835 0.005283 398.33 11.77
E 1 80 0.026794 0.006904 409.81 3.66
E 1 82 0.028060 0.003460 462.65 59.82
E 1 88 0.025843 0.004523 472.03 0.00
E 2 6 0.023407 0.002416 364.41 12.48
E 2 7 0.024176 0.002692 378.63 24.63
E 2 9 0.026901 0.005984 368.94 7.47
E 2 10 0.035964 0.003053 592.57 4.98
E 2 18 0.025371 0.004656 403.42 1.70
E 2 19 0.023455 0.002476 352.00 12.57
E 2 20 0.023453 0.002357 356.23 0.00
E 2 22 0.025384 0.003535 406.12 85.12
E 2 23 0.023475 0.002387 370.30 12.67
E 2 24 0.022429 0.002374 352.37 41.60
E 2 30 0.023433 0.002538 356.12 0.03
E 2 34 0.029729 0.004749 435.78 1.07
E 2 35 0.026127 0.005570 375.25 42.30
E 2 37 0.035792 0.005766 520.80 4.06
E 2 39 0.023407 0.002300 374.74 12.83
E 2 41 0.024509 0.003342 376.89 6.66
E 2 42 0.023492 0.002418 373.53 12.74
E 2 45 0.026263 0.004317 464.29 0.26
E 2 46 0.023492 0.002418 366.15 12.67
E 2 47 0.033420 0.000000 585.26 4.78
E 2 48 0.024744 0.003144 379.42 13.08
E 2 51 0.026116 0.005577 404.36 20.72
E 2 52 0.025325 0.003835 401.66 679.91
E 2 54 0.023818 0.002911 377.74 0.51
E 2 57 0.023863 0.004424 394.73 0.03
E 2 59 0.026154 0.005132 390.79 0.35
E 2 60 0.025285 0.004178 381.71 0.15
E 2 61 0.025030 0.004198 392.48 0.09
E 2 65 0.026468 0.006814 400.40 5.27
E 2 66 0.027069 0.005647 419.39 4.67
E 2 68 0.023482 0.002379 388.22 12.74
E 2 73 0.027919 0.006190 424.34 14.62
E 2 74 0.004930 0.000800 500.00 1.54
E 2 75 0.033420 0.001018 492.96 20.78
E 2 77 0.023433 0.002599 364.87 12.57
E 2 80 0.025253 0.005427 368.47 518.95
E 2 82 0.023435 0.002346 343.97 118.82
E 2 90 0.023511 0.002456 347.00 0.00
E 3 4 0.016057 0.001592 252.57 4.11
E 3 5 0.016686 0.001187 229.27 2.83
E 3 11 0.016716 0.003491 283.59 2.68
E 3 13 0.019524 0.004970 324.18 34.09
E 3 15 0.022857 0.006179 368.45 0.41
E 3 16 0.019165 0.001842 317.82 0.68
E 3 25 0.021461 0.004212 360.54 2.73
E 3 26 0.020989 0.002670 353.33 23.02
E 3 28 0.021254 0.002819 337.26 57.34
E 3 31 0.016998 0.003878 248.56 0.04
E 3 43 0.004674 0.001248 468.00 0.80
E 3 45 0.021170 0.004992 350.00 0.28
E 3 49 0.009059 0.001344 900.00 328.96
E 3 62 0.015843 0.001617 262.24 524.92
E 3 67 0.002033 0.000000 196.00 0.03
E 3 71 0.018940 0.003308 289.55 9.43
E 3 78 0.019851 0.001866 308.70 12.46
E 3 83 0.019779 0.003300 310.65 0.00
E 3 87 0.021435 0.004191 337.29 227.25
E 3 89 0.015172 0.002686 240.06 0.00
E 4 5 0.024681 0.005130 378.03 0.01
E 4 11 0.018335 0.004530 308.80 0.00
E 4 15 0.024077 0.007279 397.69 28.44
E 4 16 0.019896 0.002329 308.88 0.60
E 4 22 0.027198 0.010290 485.26 4.15
E 4 25 0.021380 0.004105 336.47 0.00
E 4 26 0.021169 0.002940 316.76 0.12
E 4 27 0.021827 0.002183 310.99 14.35
E 4 28 0.020810 0.002761 327.90 0.08
E 4 29 0.021337 0.002861 356.20 0.29
E 4 31 0.019044 0.004441 330.08 90.00
E 4 33 0.022865 0.005621 377.58 0.07
E 4 35 0.021947 0.005551 355.16 1.41
E 4 43 0.021621 0.002450 352.31 0.96
E 4 49 0.020940 0.002426 349.23 0.18
E 4 51 0.008707 0.000864 856.00 25.84
E 4 55 0.021955 0.002488 413.51 4.96
E 4 56 0.021182 0.002035 354.11 8.92
E 4 62 0.015481 0.001514 262.58 0.20
E 4 63 0.021688 0.005993 371.48 37.44
E 4 67 0.023119 0.004388 360.29 0.78
E 4 71 0.020832 0.004598 342.76 10.48
E 4 72 0.024891 0.004070 393.23 1.60
E 4 74 0.024558 0.006706 361.08 17.52
E 4 78 0.021040 0.005037 331.13 9.65
E 4 79 0.021510 0.002362 381.21 9.60
E 4 81 0.021279 0.002108 340.19 26.66
E 4 83 0.020736 0.004178 318.33 12.24
E 4 87 0.021207 0.004079 315.77 11.09
E 5 11 0.027653 0.000000 279.94 0.00
E 5 15 0.022694 0.005831 363.11 5.47
E 5 16 0.007186 0.002560 724.00 1.70
E 5 18 0.024170 0.005177 347.73 0.00
E 5 22 0.026000 0.003804 389.48 5.65
E 5 25 0.021874 0.003971 351.26 0.00
E 5 26 0.022148 0.003759 365.21 0.07
E 5 27 0.002225 0.000000 220.00 13.06
E 5 28 0.022431 0.002653 348.99 0.18
E 5 29 0.022052 0.003262 370.11 0.31
E 5 30 0.022904 0.000763 396.19 0.36
E 5 31 0.018878 0.002601 317.56 1.80
E 5 33 0.022873 0.006403 390.74 0.07
E 5 35 0.021812 0.004600 363.17 0.57
E 5 36 0.024466 0.006550 389.69 0.52
E 5 43 0.024597 0.006783 439.24 0.36
E 5 44 0.023515 0.004918 366.00 25.79
E 5 45 0.022135 0.004333 355.78 0.43
E 5 48 0.025515 0.002374 437.17 0.01
E 5 49 0.022044 0.003425 454.31 0.19
E 5 50 0.021416 0.003924 337.00 0.02
E 5 51 0.027321 0.005611 416.46 5.75
E 5 52 0.025727 0.003871 416.56 26.52
E 5 54 0.022606 0.001187 414.65 28.49
E 5 55 0.020869 0.001074 361.50 6.38
E 5 56 0.020866 0.001074 320.90 4.11
E 5 57 0.026367 0.006954 360.47 1.23
E 5 61 0.004482 0.000032 444.00 822.10
E 5 62 0.020865 0.001074 304.96 0.18
E 5 63 0.002225 0.000000 220.00 31.23
E 5 65 0.025243 0.005733 416.57 3.19
E 5 66 0.017062 0.000896 1668.00 0.26
E 5 67 0.022026 0.003436 355.90 0.72
E 5 69 0.020967 0.003040 329.40 1.28
E 5 71 0.021675 0.003953 358.49 5.31
E 5 72 0.002225 0.000000 220.00 0.88
E 5 74 0.024268 0.005936 373.40 21.81
E 5 78 0.002225 0.000000 220.00 4.86
E 5 79 0.020868 0.001074 430.49 4.06
E 5 81 0.020868 0.001074 456.43 24.53
E 5 83 0.020989 0.004532 334.97 105.44
E 5 87 0.021847 0.005297 348.11 0.46
E 6 7 0.025533 0.004107 376.76 22.52
E 6 9 0.028340 0.006463 440.96 14.68
E 6 10 0.028468 0.004952 424.66 0.15
E 6 18 0.024230 0.004831 365.75 15.56
E 6 20 0.023120 0.002078 343.09 2.14
E 6 22 0.026745 0.004147 427.25 13.77
E 6 24 0.022326 0.002216 373.41 37.31
E 6 30 0.022243 0.001024 366.98 9.69
E 6 34 0.023732 0.004936 332.30 5.28
E 6 35 0.023922 0.000169 529.11 12.82
E 6 37 0.027437 0.004780 404.14 24.06
E 6 41 0.029592 0.005156 444.18 34.65
E 6 45 0.026126 0.003816 391.80 32.30
E 6 47 0.022905 0.000170 341.07 22.50
E 6 48 0.024738 0.003029 384.27 57.95
E 6 51 0.028454 0.007046 441.74 5.76
E 6 52 0.025873 0.003967 388.56 28.47
E 6 54 0.022268 0.001111 353.35 0.66
E 6 57 0.023631 0.004122 367.49 43.16
E 6 59 0.027530 0.004030 395.32 2.73
E 6 60 0.025729 0.004484 393.33 52.39
E 6 61 0.025240 0.004262 379.87 21.41
E 6 65 0.026591 0.007013 393.71 0.09
E 6 66 0.027295 0.006236 422.85 1.13
E 6 80 0.024413 0.004198 385.21 4.83
E 6 82 0.021297 0.000599 323.30 2.33
E 6 90 0.021073 0.002026 323.88 5.69
E 7 8 0.026622 0.004735 391.08 20.51
E 7 9 0.027767 0.005463 399.34 0.05
E 7 10 0.025637 0.004831 420.05 15.04
E 7 13 0.027381 0.005291 417.98 20.54
E 7 17 0.025315 0.007243 396.36 15.04
E 7 18 0.023921 0.003256 370.80 0.35
E 7 19 0.025686 0.004240 412.16 22.69
E 7 20 0.024810 0.003748 390.31 0.00
E 7 22 0.025083 0.003366 404.37 0.30
E 7 23 0.025725 0.004214 409.82 22.84
E 7 24 0.025808 0.004922 397.70 10.54
E 7 30 0.024875 0.003627 367.21 2.38
E 7 32 0.026246 0.003780 397.80 0.36
E 7 34 0.026195 0.005312 385.33 3.03
E 7 36 0.024006 0.006805 380.05 0.59
E 7 37 0.024978 0.004773 411.91 15.28
E 7 38 0.027587 0.004770 416.61 0.33
E 7 39 0.024945 0.003562 374.53 22.73
E 7 40 0.028632 0.006030 415.44 12.69
E 7 41 0.027400 0.005094 416.06 0.27
E 7 42 0.025711 0.004142 376.13 22.56
E 7 44 0.021887 0.004494 370.13 8.65
E 7 45 0.028104 0.003279 431.22 3.69
E 7 46 0.025566 0.003811 394.21 22.40
E 7 47 0.026260 0.003991 378.29 0.04
E 7 48 0.024834 0.003285 384.32 0.24
E 7 50 0.022016 0.002035 344.45 0.14
E 7 51 0.026796 0.005821 422.86 1.58
E 7 52 0.025131 0.004166 387.84 0.33
E 7 54 0.024811 0.003612 395.76 2.51
E 7 57 0.024960 0.004077 397.75 41.05
E 7 58 0.027087 0.004183 361.49 0.11
E 7 59 0.026692 0.004705 410.44 0.63
E 7 60 0.025977 0.004601 389.72 26.09
E 7 61 0.025153 0.004133 393.70 2.62
E 7 64 0.022564 0.001866 389.07 8.19
E 7 65 0.026148 0.005790 404.27 3.50
E 7 66 0.027648 0.006803 401.54 1.46
E 7 68 0.024987 0.003877 363.93 22.04
E 7 73 0.027783 0.005894 415.90 20.64
E 7 75 0.023327 0.004028 380.75 0.24
E 7 76 0.023102 0.003486 373.77 22.72
E 7 77 0.025043 0.003957 381.39 22.53
E 7 80 0.025125 0.004070 407.09 0.66
E 7 82 0.024942 0.003640 392.55 1.41
E 7 85 0.025505 0.000452 354.21 14.53
E 7 90 0.025594 0.004104 371.07 0.00
E 8 9 0.028203 0.006136 408.90 123.94
E 8 10 0.023487 0.004261 375.28 0.08
E 8 12 0.026112 0.004391 365.87 0.02
E 8 14 0.022164 0.005359 367.70 0.02
E 8 17 0.025201 0.005897 381.44 25.62
E 8 20 0.023979 0.003279 340.26 6.03
E 8 21 0.026857 0.004644 413.69 0.03
E 8 22 0.026762 0.004474 391.75 1.46
E 8 24 0.029227 0.007818 430.70 25.42
E 8 32 0.026623 0.004497 397.07 6.68
E 8 36 0.023510 0.005252 372.96 56.55
E 8 37 0.026383 0.005167 425.90 12.95
E 8 38 0.026844 0.004737 392.95 4.62
E 8 41 0.028885 0.006092 409.42 21.54
E 8 44 0.022862 0.004305 370.33 0.08
E 8 45 0.028415 0.004919 428.15 141.40
E 8 47 0.026255 0.004439 386.24 18.29
E 8 48 0.026615 0.004371 412.68 20.55
E 8 50 0.022183 0.003537 353.88 195.55
E 8 51 0.027997 0.006784 427.62 4.58
E 8 52 0.025206 0.002255 372.65 13.27
E 8 53 0.027901 0.005898 472.81 12.88
E 8 57 0.028195 0.004546 532.05 19.56
E 8 58 0.021176 0.002791 330.29 8.03
E 8 59 0.027137 0.003849 421.49 14.88
E 8 60 0.029184 0.005373 426.12 22.32
E 8 61 0.028331 0.005584 426.27 20.95
E 8 64 0.022786 0.003382 356.94 6.95
E 8 66 0.029178 0.005306 460.05 1.10
E 8 69 0.021040 0.002527 313.61 2.16
E 8 70 0.018050 0.001994 320.90 22.34
E 8 75 0.024870 0.005433 399.61 3.32
E 8 84 0.021698 0.002803 348.02 3.18
E 8 88 0.026623 0.005967 416.76 5.73
E 9 10 0.027908 0.005407 405.36 20.76
E 9 12 0.025166 0.004070 346.89 157.41
E 9 13 0.026505 0.005904 390.85 124.93
E 9 14 0.029688 0.007937 393.07 145.84
E 9 17 0.027916 0.004944 399.72 5.06
E 9 18 0.021377 0.004965 330.64 1.15
E 9 19 0.028605 0.005569 405.97 165.88
E 9 20 0.028052 0.006184 436.35 0.00
E 9 21 0.025166 0.000565 389.86 31.04
E 9 23 0.028983 0.005726 406.64 166.77
E 9 24 0.029156 0.008141 433.90 0.57
E 9 25 0.019594 0.003074 272.04 2.45
E 9 26 0.020496 0.004132 343.93 0.44
E 9 27 0.019596 0.003074 354.99 127.31
E 9 29 0.019596 0.003074 324.22 388.02
E 9 32 0.027829 0.005088 373.67 1.37
E 9 34 0.028126 0.005427 451.38 1.26
E 9 35 0.019595 0.003074 307.48 0.08
E 9 36 0.025574 0.006801 385.14 0.03
E 9 37 0.027821 0.005320 436.25 0.69
E 9 38 0.027826 0.005482 394.38 0.05
E 9 39 0.028127 0.004839 442.70 166.70
E 9 40 0.028720 0.006051 420.89 120.32
E 9 41 0.029714 0.006437 461.96 0.21
E 9 42 0.029801 0.006106 418.77 165.72
E 9 43 0.019411 0.004376 294.47 229.13
E 9 44 0.026837 0.006072 373.19 49.67
E 9 45 0.022049 0.004944 371.11 36.86
E 9 46 0.028651 0.006285 459.74 164.82
E 9 47 0.028506 0.006360 422.87 0.19
E 9 48 0.027800 0.005743 444.14 0.03
E 9 50 0.027539 0.006757 436.71 0.16
E 9 51 0.030233 0.008337 442.65 6.75
E 9 52 0.025069 0.004769 411.16 0.04
E 9 53 0.026973 0.005003 417.08 0.27
E 9 57 0.026985 0.005548 422.95 1.76
E 9 58 0.027988 0.004342 404.88 0.22
E 9 59 0.028358 0.006304 442.89 1.49
E 9 60 0.028668 0.005567 424.34 5.45
E 9 61 0.028046 0.005418 403.58 19.76
E 9 64 0.028263 0.005648 413.80 3.98
E 9 65 0.028254 0.007833 419.95 8.26
E 9 66 0.029658 0.006765 443.12 4.05
E 9 68 0.028157 0.006166 418.91 163.19
E 9 71 0.020378 0.004221 336.78 15.74
E 9 73 0.030238 0.007123 446.48 144.07
E 9 75 0.024973 0.005323 395.36 0.05
E 9 76 0.027975 0.005867 441.34 144.19
E 9 77 0.028143 0.006329 395.00 165.20
E 9 78 0.019557 0.005385 329.40 0.33
E 9 80 0.028049 0.005278 449.29 0.28
E 9 81 0.019537 0.003440 290.37 129.94
E 9 83 0.019596 0.003074 298.48 0.01
E 9 84 0.001777 0.000000 164.00 1.87
E 9 85 0.028458 0.005815 420.00 31.03
E 9 88 0.028521 0.006019 458.97 0.00
E 10 12 0.023755 0.004237 366.13 0.03
E 10 13 0.025723 0.004813 383.38 0.07
E 10 14 0.023787 0.006045 378.92 0.04
E 10 17 0.025211 0.005834 391.61 16.35
E 10 18 0.002417 0.000000 244.00 5.32
E 10 20 0.025957 0.005375 448.20 5.77
E 10 21 0.025697 0.004210 358.47 0.10
E 10 22 0.027150 0.005766 372.71 3.81
E 10 24 0.028615 0.007413 412.64 11.36
E 10 30 0.024262 0.002756 380.09 5.35
E 10 32 0.022302 0.003115 352.46 17.17
E 10 36 0.024024 0.005727 370.71 7.58
E 10 37 0.025578 0.005134 375.62 7.88
E 10 38 0.024717 0.006003 435.14 0.99
E 10 40 0.022965 0.003343 341.35 0.08
E 10 41 0.028935 0.006051 472.13 29.38
E 10 44 0.023941 0.005335 368.86 0.07
E 10 45 0.027763 0.005427 498.29 12.85
E 10 47 0.025014 0.005218 382.56 9.43
E 10 48 0.027224 0.005088 420.13 18.59
E 10 50 0.023891 0.004804 374.81 8.26
E 10 51 0.026912 0.005918 424.72 2.55
E 10 52 0.025565 0.004853 350.86 6.36
E 10 54 0.028468 0.004952 469.75 0.32
E 10 57 0.028466 0.004952 438.42 5.65
E 10 58 0.023181 0.003933 355.05 4.20
E 10 59 0.027318 0.005150 399.22 15.84
E 10 60 0.029255 0.005166 413.16 7.25
E 10 61 0.026432 0.004230 459.46 5.31
E 10 64 0.023730 0.004288 386.31 6.57
E 10 65 0.029731 0.009116 463.61 0.18
E 10 66 0.028782 0.005653 444.36 1.03
E 10 68 0.028468 0.007575 389.91 0.15
E 10 69 0.023212 0.004611 355.06 59.94
E 10 70 0.021252 0.004187 320.45 6.88
E 10 73 0.029917 0.006734 483.48 0.07
E 10 75 0.024852 0.005482 405.15 40.78
E 10 76 0.024297 0.004911 367.59 0.07
E 10 80 0.025618 0.000000 471.86 3.68
E 10 84 0.023719 0.004781 339.95 1.39
E 10 85 0.024868 0.004375 361.34 0.15
E 10 88 0.025012 0.007373 379.86 6.87
E 11 13 0.019405 0.005491 292.66 71.76
E 11 15 0.022797 0.006100 382.00 0.08
E 11 16 0.019120 0.004523 306.29 43.75
E 11 25 0.021461 0.004212 331.81 0.22
E 11 26 0.020750 0.005807 354.88 27.15
E 11 28 0.021434 0.003138 321.75 68.54
E 11 31 0.017026 0.003918 269.65 19.99
E 11 33 0.005970 0.001856 572.00 179.69
E 11 43 0.024769 0.006614 320.76 9.25
E 11 45 0.020954 0.004808 318.80 33.51
E 11 49 0.023921 0.003731 418.69 0.98
E 11 56 0.019766 0.004918 443.71 0.96
E 11 62 0.016783 0.003369 265.46 18.87
E 11 67 0.021378 0.006558 458.93 4.07
E 11 71 0.018963 0.005088 315.81 8.69
E 11 78 0.019172 0.004647 310.49 0.85
E 11 83 0.019779 0.004918 317.55 0.40
E 11 87 0.021435 0.005005 356.33 3.60
E 11 89 0.016850 0.003554 277.71 6.69
E 12 13 0.024570 0.003518 363.29 0.13
E 12 14 0.021933 0.005450 344.24 0.17
E 12 17 0.025819 0.005518 381.11 65.89
E 12 21 0.018342 0.002587 294.57 0.11
E 12 24 0.029457 0.008262 435.27 30.62
E 12 36 0.022395 0.004605 349.75 12.00
E 12 40 0.018818 0.004924 311.09 0.13
E 12 41 0.005666 0.001664 592.00 23.67
E 12 44 0.024472 0.005417 396.83 0.12
E 12 47 0.018066 0.005615 288.05 23.75
E 12 50 0.021787 0.004166 357.40 107.83
E 12 53 0.018294 0.002613 280.36 14.85
E 12 58 0.020262 0.004357 329.36 14.14
E 12 60 0.028105 0.005003 379.98 14.86
E 12 64 0.024605 0.004718 411.50 1.92
E 12 69 0.020546 0.003489 330.65 0.15
E 12 70 0.020571 0.003470 309.19 35.26
E 12 75 0.026567 0.006055 375.31 3.51
E 12 76 0.026164 0.004377 418.47 0.12
E 12 84 0.020504 0.003565 329.29 0.89
E 12 85 0.017523 0.003100 266.50 0.14
E 12 86 0.017473 0.002778 279.00 1.22
E 12 88 0.016695 0.004158 270.87 0.42
E 13 14 0.024440 0.005608 374.08 0.02
E 13 17 0.024844 0.005280 387.99 25.71
E 13 20 0.002865 0.000000 300.00 6.01
E 13 21 0.024570 0.003518 398.07 0.03
E 13 24 0.028314 0.007711 424.59 25.45
E 13 26 0.020734 0.007530 375.43 5.17
E 13 31 0.019672 0.004375 333.66 16.95
E 13 32 0.024578 0.003186 354.35 6.73
E 13 36 0.023895 0.005956 390.43 51.43
E 13 37 0.027648 0.005520 424.77 13.11
E 13 38 0.024892 0.003460 384.41 4.64
E 13 41 0.030588 0.008062 450.95 21.77
E 13 44 0.022821 0.004142 342.03 0.08
E 13 45 0.022120 0.004642 363.52 140.50
E 13 47 0.024578 0.004454 382.29 18.36
E 13 48 0.027063 0.003668 397.28 20.89
E 13 50 0.023371 0.004459 363.22 193.44
E 13 51 0.030039 0.007024 456.25 4.38
E 13 52 0.025361 0.002775 375.91 13.45
E 13 53 0.025184 0.006245 354.86 12.90
E 13 57 0.026070 0.004297 328.46 19.87
E 13 58 0.023779 0.003659 373.81 8.00
E 13 59 0.027847 0.003957 441.62 14.93
E 13 60 0.030459 0.006596 423.35 22.83
E 13 61 0.027653 0.005245 369.93 20.96
E 13 64 0.024890 0.004490 363.33 7.01
E 13 66 0.029686 0.006105 436.33 1.08
E 13 69 0.023052 0.002987 328.90 2.14
E 13 70 0.024007 0.003350 370.58 22.88
E 13 71 0.020471 0.003651 351.17 0.60
E 13 75 0.024821 0.005169 394.00 3.32
E 13 84 0.023536 0.003085 368.56 3.17
E 13 88 0.024472 0.006106 383.08 5.79
E 14 17 0.025819 0.005518 412.31 65.69
E 14 21 0.021935 0.005450 369.82 0.13
E 14 24 0.029458 0.008262 423.80 28.82
E 14 36 0.023413 0.005797 362.54 11.76
E 14 40 0.021521 0.005130 330.32 0.14
E 14 44 0.024230 0.005905 392.67 0.21
E 14 47 0.020951 0.005633 347.59 21.13
E 14 50 0.022885 0.005718 362.10 119.59
E 14 51 0.027814 0.007335 420.31 7.40
E 14 53 0.021359 0.004847 338.28 12.74
E 14 58 0.022163 0.006073 338.59 12.77
E 14 60 0.029688 0.007937 521.11 12.10
E 14 64 0.022907 0.005542 375.35 2.71
E 14 69 0.022456 0.006217 363.97 0.94
E 14 70 0.022454 0.005433 337.16 120.03
E 14 75 0.026311 0.005905 396.72 3.38
E 14 76 0.025131 0.005537 386.33 0.13
E 14 84 0.022226 0.005808 341.75 1.17
E 14 85 0.020613 0.004876 325.03 0.15
E 14 86 0.020886 0.005254 340.79 2.63
E 14 88 0.020441 0.005147 307.99 12.90
E 15 16 0.022786 0.005862 354.20 1.42
E 15 22 0.022754 0.005879 340.53 1.33
E 15 25 0.022669 0.006013 350.11 1.05
E 15 26 0.023130 0.006252 365.49 4.33
E 15 27 0.022361 0.004871 351.64 12.87
E 15 28 0.023258 0.006106 356.47 62.93
E 15 29 0.023540 0.006334 370.13 0.88
E 15 31 0.022856 0.006179 336.95 0.99
E 15 33 0.023060 0.006096 352.23 1093.19
E 15 36 0.024648 0.007293 388.78 0.82
E 15 43 0.022735 0.002374 314.77 2.36
E 15 44 0.024876 0.007337 363.19 70.35
E 15 49 0.022265 0.005088 343.52 0.16
E 15 51 0.023583 0.005050 434.29 0.31
E 15 52 0.025168 0.004355 396.98 0.90
E 15 57 0.021368 0.003457 327.32 3.42
E 15 62 0.023633 0.006961 381.35 47.23
E 15 67 0.022961 0.006060 369.37 7.49
E 15 69 0.022622 0.009950 361.79 0.74
E 15 71 0.022726 0.005796 352.20 14.97
E 15 74 0.023330 0.006360 365.13 0.11
E 15 78 0.023181 0.002991 346.92 13.22
E 15 81 0.023108 0.002646 410.14 16.18
E 15 83 0.022790 0.005955 337.25 23.03
E 15 87 0.022831 0.006029 345.43 4.26
E 15 89 0.022824 0.006275 363.38 0.00
E 16 18 0.020493 0.002374 273.68 0.51
E 16 25 0.019925 0.002807 292.12 13.74
E 16 26 0.021273 0.003148 333.78 9.04
E 16 27 0.018268 0.001272 296.99 0.63
E 16 31 0.019133 0.004596 331.41 0.27
E 16 33 0.021058 0.003296 341.45 0.91
E 16 35 0.018714 0.000878 290.79 0.06
E 16 43 0.018704 0.003470 315.72 0.47
E 16 44 0.023375 0.004519 379.09 0.79
E 16 45 0.021997 0.005628 324.98 1.07
E 16 49 0.018380 0.001090 293.76 0.62
E 16 56 0.016635 0.000452 261.49 11.42
E 16 62 0.019405 0.002891 300.43 9.81
E 16 63 0.020396 0.005643 299.02 3.95
E 16 67 0.022051 0.004571 346.68 1.13
E 16 69 0.023922 0.009023 318.48 9.37
E 16 71 0.019878 0.003876 311.41 4.57
E 16 74 0.023664 0.004907 376.42 35.78
E 16 78 0.019524 0.003783 296.21 71.78
E 16 81 0.017352 0.000651 252.94 1.47
E 16 83 0.020747 0.004494 345.42 0.54
E 16 87 0.021149 0.003812 305.58 2.49
E 17 21 0.025403 0.005088 365.50 22.48
E 17 24 0.028213 0.007038 426.19 1.33
E 17 36 0.025088 0.005955 392.34 6.23
E 17 37 0.025284 0.004906 368.00 0.06
E 17 40 0.025089 0.005296 372.42 23.88
E 17 41 0.027078 0.005625 392.72 2.08
E 17 44 0.025425 0.007060 363.74 66.47
E 17 47 0.025096 0.006049 383.69 183.25
E 17 48 0.024614 0.005450 393.90 143.68
E 17 50 0.025534 0.006303 420.53 40.04
E 17 51 0.027682 0.007029 407.89 0.31
E 17 52 0.024938 0.008050 409.66 174.33
E 17 53 0.025462 0.005665 401.77 0.11
E 17 58 0.025099 0.006411 379.25 2.88
E 17 59 0.026039 0.006021 421.04 5.19
E 17 60 0.026147 0.006332 392.87 2.85
E 17 64 0.025478 0.006160 373.24 1.86
E 17 66 0.025199 0.007423 392.78 2.72
E 17 69 0.025474 0.006892 419.00 1.06
E 17 70 0.026111 0.004723 460.44 0.39
E 17 73 0.026860 0.005990 415.61 78.41
E 17 75 0.024398 0.005402 371.60 6.48
E 17 76 0.025762 0.006320 360.81 70.04
E 17 84 0.025208 0.006508 417.20 0.76
E 17 85 0.025041 0.005742 383.54 11.28
E 17 86 0.024547 0.003627 401.70 1.35
E 18 19 0.024132 0.004704 362.31 27.95
E 18 20 0.025369 0.004831 392.34 0.00
E 18 22 0.027311 0.005000 374.18 1.72
E 18 23 0.023978 0.004740 366.37 28.18
E 18 26 0.021461 0.003710 332.34 0.25
E 18 27 0.019256 0.002714 322.92 18.23
E 18 28 0.020269 0.002989 359.77 0.98
E 18 29 0.019079 0.002695 296.16 0.60
E 18 30 0.024132 0.004704 374.67 0.18
E 18 34 0.025181 0.007123 365.92 162.81
E 18 35 0.021574 0.003470 325.77 0.88
E 18 37 0.035792 0.005766 374.78 38.01
E 18 39 0.024231 0.004831 365.14 28.59
E 18 41 0.027483 0.002544 357.00 1.90
E 18 42 0.024535 0.004919 394.11 28.39
E 18 45 0.024758 0.004568 440.38 0.08
E 18 46 0.024535 0.004918 371.28 28.24
E 18 47 0.004258 0.000000 416.00 0.14
E 18 48 0.027070 0.004167 433.87 0.60
E 18 49 0.018882 0.002504 331.87 0.00
E 18 51 0.027427 0.005389 416.06 7.71
E 18 52 0.025819 0.004097 385.17 11.90
E 18 54 0.023787 0.004467 383.97 1.28
E 18 55 0.019076 0.002582 333.00 7.90
E 18 57 0.024781 0.005028 384.50 0.73
E 18 59 0.027293 0.005242 362.19 1.18
E 18 60 0.028290 0.005140 427.66 16.29
E 18 61 0.027838 0.005003 416.15 1.61
E 18 63 0.019141 0.004896 302.75 44.73
E 18 65 0.028032 0.007515 421.27 6.45
E 18 66 0.031195 0.007439 444.28 2.44
E 18 67 0.021297 0.004308 348.04 0.01
E 18 68 0.024334 0.004457 363.95 28.47
E 18 72 0.018618 0.002420 290.58 1.64
E 18 73 0.030824 0.007276 489.72 33.04
E 18 74 0.021685 0.003966 337.80 6.37
E 18 77 0.026706 0.006371 444.83 27.99
E 18 80 0.025180 0.007123 400.38 12.46
E 18 81 0.019076 0.002582 322.95 56.53
E 18 82 0.024192 0.004616 365.08 4.24
E 18 90 0.024426 0.004810 388.61 0.00
E 19 20 0.023139 0.002102 376.09 4.45
E 19 22 0.027483 0.005062 413.17 13.98
E 19 24 0.022215 0.002115 357.14 37.62
E 19 30 0.022238 0.001021 349.82 9.69
E 19 34 0.023732 0.004936 368.92 5.29
E 19 35 0.002257 0.000000 224.00 47.84
E 19 37 0.027577 0.005126 412.53 24.34
E 19 41 0.029593 0.005634 437.87 35.00
E 19 45 0.026126 0.003816 451.16 145.71
E 19 47 0.004258 0.000000 416.00 22.67
E 19 48 0.024750 0.003078 375.61 58.90
E 19 51 0.028514 0.007671 461.60 5.79
E 19 52 0.025477 0.003300 373.26 28.86
E 19 54 0.022272 0.001099 356.66 0.65
E 19 57 0.023841 0.004460 371.72 43.76
E 19 59 0.028340 0.004609 414.89 18.81
E 19 60 0.025877 0.004427 369.59 53.01
E 19 61 0.025241 0.004262 404.53 21.57
E 19 65 0.026769 0.007207 386.85 0.07
E 19 66 0.027329 0.006322 414.24 1.18
E 19 80 0.024644 0.004469 388.85 4.84
E 19 82 0.020531 0.000561 315.92 2.30
E 19 90 0.020134 0.002274 317.29 5.60
E 20 23 0.023140 0.002102 334.32 4.49
E 20 24 0.022487 0.002462 342.32 9.53
E 20 34 0.025361 0.004936 385.99 0.00
E 20 37 0.027437 0.004780 402.71 0.88
E 20 39 0.023112 0.002128 364.25 4.55
E 20 41 0.026433 0.004396 403.38 0.00
E 20 42 0.023157 0.002180 391.66 4.51
E 20 46 0.023151 0.002136 356.65 4.48
E 20 47 0.023244 0.000000 607.57 0.00
E 20 51 0.026682 0.005902 430.38 0.33
E 20 52 0.025326 0.004098 380.48 7.59
E 20 54 0.023191 0.002218 349.39 0.81
E 20 57 0.023619 0.004189 364.32 0.00
E 20 59 0.026768 0.004831 404.08 7.28
E 20 60 0.025869 0.004431 392.64 0.00
E 20 64 0.029915 0.007010 523.60 1.09
E 20 65 0.026630 0.006246 423.69 1.03
E 20 66 0.027436 0.006399 404.15 15.69
E 20 68 0.023097 0.002054 368.80 4.51
E 20 73 0.027931 0.006047 398.04 5.34
E 20 75 0.005218 0.000192 536.00 9.85
E 20 77 0.023368 0.003021 360.68 4.44
E 20 80 0.024305 0.003849 366.55 0.25
E 20 82 0.023156 0.002180 379.48 1.56
E 20 90 0.023159 0.002435 351.40 0.26
E 21 24 0.029662 0.007952 418.06 12.34
E 21 36 0.022220 0.004511 341.41 6.11
E 21 38 0.014700 0.003645 231.96 0.13
E 21 40 0.018705 0.005022 285.90 0.15
E 21 44 0.024632 0.005504 405.75 0.18
E 21 47 0.020153 0.004711 342.73 48.65
E 21 50 0.021400 0.003742 357.87 15.97
E 21 51 0.027528 0.005891 474.42 7.42
E 21 53 0.015829 0.001901 243.13 6.52
E 21 58 0.020593 0.004674 342.99 131.59
E 21 60 0.028105 0.000452 432.03 38.67
E 21 64 0.024195 0.003710 342.11 8.08
E 21 69 0.019993 0.003099 334.98 24.28
E 21 70 0.019457 0.002706 318.76 27.53
E 21 75 0.026866 0.006373 442.25 2.52
E 21 76 0.025616 0.004214 395.50 0.15
E 21 84 0.020054 0.002974 297.34 0.82
E 21 85 0.017621 0.002261 251.99 0.70
E 21 86 0.014849 0.001620 216.86 8.84
E 21 88 0.018862 0.007575 375.42 7.50
E 22 23 0.026716 0.003990 383.45 14.11
E 22 24 0.023794 0.002162 373.83 0.00
E 22 25 0.002641 0.000000 272.00 0.54
E 22 26 0.025951 0.002033 378.70 0.45
E 22 28 0.035342 0.008706 449.45 0.29
E 22 29 0.025777 0.002135 358.18 0.00
E 22 30 0.025505 0.003626 371.00 0.00
E 22 33 0.025777 0.004410 405.72 0.22
E 22 35 0.025955 0.008344 440.14 0.02
E 22 36 0.025311 0.007123 389.09 0.01
E 22 39 0.025342 0.003497 422.79 12.83
E 22 41 0.025146 0.003660 399.66 0.47
E 22 42 0.027144 0.004636 389.29 13.57
E 22 43 0.002641 0.000000 272.00 29.70
E 22 44 0.025257 0.004773 385.44 8.36
E 22 45 0.026621 0.004969 435.04 6.39
E 22 46 0.027168 0.004507 419.40 13.96
E 22 48 0.025458 0.003618 370.76 0.09
E 22 49 0.025954 0.004447 451.58 4.41
E 22 50 0.024963 0.003599 397.47 0.02
E 22 51 0.027133 0.004991 421.72 0.18
E 22 52 0.025653 0.003863 396.53 0.03
E 22 54 0.025590 0.003757 406.23 5.11
E 22 56 0.002641 0.000000 272.00 230.12
E 22 57 0.025560 0.003765 402.66 0.00
E 22 58 0.013139 0.002144 1352.00 0.87
E 22 59 0.025991 0.004795 405.99 3.14
E 22 60 0.025846 0.004610 396.36 5.95
E 22 61 0.025242 0.004166 408.27 0.57
E 22 62 0.027991 0.000000 687.78 0.44
E 22 65 0.025515 0.005567 414.27 8.79
E 22 66 0.026865 0.005459 418.00 2.15
E 22 67 0.025277 0.001357 404.10 0.03
E 22 68 0.025488 0.003386 386.76 13.32
E 22 71 0.027459 0.006396 410.90 6.18
E 22 73 0.027541 0.005281 411.80 12.71
E 22 74 0.027445 0.005619 433.15 0.15
E 22 75 0.025537 0.005491 414.33 0.05
E 22 76 0.025281 0.004262 384.82 12.71
E 22 77 0.025459 0.003618 359.89 14.07
E 22 80 0.023615 0.005040 353.60 1.26
E 22 82 0.023583 0.002337 365.76 0.33
E 22 83 0.002641 0.000000 272.00 1.20
E 22 87 0.025957 0.002035 374.26 0.00
E 23 24 0.022235 0.002035 356.28 37.91
E 23 30 0.022214 0.001685 341.66 9.66
E 23 34 0.023591 0.005292 367.40 5.30
E 23 35 0.023922 0.000113 738.42 47.90
E 23 37 0.027578 0.005126 406.89 24.60
E 23 41 0.029433 0.005512 426.48 35.31
E 23 45 0.026126 0.003816 411.63 146.86
E 23 47 0.004258 0.000000 416.00 22.83
E 23 48 0.024744 0.003107 372.25 59.81
E 23 51 0.029542 0.005669 442.59 5.83
E 23 52 0.025008 0.003258 364.26 29.24
E 23 54 0.022401 0.001819 370.33 0.65
E 23 57 0.023784 0.004301 364.56 44.33
E 23 59 0.027394 0.003419 401.82 18.92
E 23 60 0.025806 0.004545 403.94 53.59
E 23 61 0.025204 0.004400 369.05 21.71
E 23 65 0.026770 0.007207 390.47 0.07
E 23 66 0.027330 0.006322 407.12 1.24
E 23 80 0.024572 0.004485 367.59 4.85
E 23 82 0.021080 0.001345 321.81 2.27
E 23 90 0.020576 0.002190 341.14 5.52
E 24 34 0.024254 0.004518 374.33 13.46
E 24 36 0.030267 0.008452 387.47 0.05
E 24 37 0.025372 0.004925 381.33 0.02
E 24 38 0.027718 0.006614 492.09 0.61
E 24 39 0.022428 0.002374 344.03 38.04
E 24 40 0.029426 0.007493 400.06 15.65
E 24 41 0.027655 0.005551 414.89 0.69
E 24 42 0.021337 0.001247 304.24 37.74
E 24 45 0.028501 0.005936 451.22 184.14
E 24 46 0.021331 0.001285 345.72 37.46
E 24 47 0.027587 0.006162 417.93 49.20
E 24 48 0.024922 0.004907 375.27 5.11
E 24 50 0.029757 0.008468 436.55 1.96
E 24 51 0.027726 0.006205 412.72 0.06
E 24 53 0.025853 0.006513 391.75 0.04
E 24 54 0.021575 0.002742 344.45 1.15
E 24 58 0.028248 0.006285 447.07 6.86
E 24 59 0.026599 0.004775 402.39 5.05
E 24 60 0.026021 0.005007 418.29 9.42
E 24 61 0.025007 0.004346 386.19 0.10
E 24 64 0.029102 0.007759 394.56 0.89
E 24 65 0.024321 0.003790 366.52 5.60
E 24 66 0.026461 0.005461 398.18 2.84
E 24 68 0.022632 0.002480 341.46 37.10
E 24 69 0.031347 0.010704 440.23 3.74
E 24 70 0.028104 0.006388 441.33 0.10
E 24 73 0.027928 0.005683 419.66 30.19
E 24 75 0.029084 0.008518 363.72 0.90
E 24 76 0.030691 0.008383 403.37 27.94
E 24 77 0.022429 0.002374 361.21 37.47
E 24 80 0.025188 0.005348 387.58 0.34
E 24 82 0.021308 0.001413 340.75 0.82
E 24 84 0.029052 0.008494 413.92 0.44
E 24 85 0.028770 0.007762 443.13 5.98
E 24 86 0.022734 0.000170 315.21 0.81
E 24 88 0.028432 0.007147 460.02 9.09
E 25 26 0.021094 0.003163 336.16 36.10
E 25 27 0.018981 0.001807 311.39 831.43
E 25 28 0.020909 0.002861 329.90 77.30
E 25 29 0.019834 0.002666 320.30 12.22
E 25 31 0.021461 0.004664 328.07 36.29
E 25 33 0.020965 0.003158 324.63 0.00
E 25 35 0.019262 0.002237 292.33 3.35
E 25 43 0.020218 0.005263 329.33 8.01
E 25 45 0.022581 0.005279 353.57 25.05
E 25 49 0.019757 0.002733 317.91 2.64
E 25 55 0.018951 0.001740 297.38 23.30
E 25 56 0.019165 0.001985 308.55 1.73
E 25 62 0.021460 0.004212 342.03 450.17
E 25 63 0.019627 0.005999 308.11 272.61
E 25 67 0.021994 0.004559 348.30 1.21
E 25 71 0.020606 0.003731 332.08 67.39
E 25 72 0.019215 0.001039 306.74 1.61
E 25 74 0.022450 0.004558 346.37 2.96
E 25 78 0.019957 0.003069 324.43 5.49
E 25 79 0.018930 0.001721 323.39 1.17
E 25 81 0.019209 0.001989 301.74 87.89
E 25 83 0.021030 0.003784 341.55 6.42
E 25 87 0.021011 0.003662 356.80 0.00
E 26 27 0.021919 0.004048 302.15 681.97
E 26 28 0.021251 0.003169 345.69 0.39
E 26 29 0.021148 0.003197 316.96 1.26
E 26 30 0.002257 0.000000 224.00 1.06
E 26 31 0.020528 0.003188 300.86 1.10
E 26 33 0.021180 0.003289 317.51 0.15
E 26 35 0.021094 0.003412 330.99 0.26
E 26 43 0.021844 0.003602 352.39 3.20
E 26 44 0.023437 0.003465 384.98 297.71
E 26 45 0.021771 0.004963 329.69 3.47
E 26 49 0.021243 0.003209 320.29 0.90
E 26 51 0.022902 0.001696 297.00 2.98
E 26 55 0.021402 0.003082 327.60 26.74
E 26 56 0.021364 0.003326 332.37 10.71
E 26 62 0.021297 0.003025 338.28 3.70
E 26 63 0.021515 0.005161 348.13 5.16
E 26 66 0.002545 0.000000 260.00 3.24
E 26 67 0.022047 0.004485 321.24 5.76
E 26 71 0.020536 0.003423 333.48 56.30
E 26 74 0.022642 0.004781 339.15 2.65
E 26 75 0.002705 0.000000 280.00 0.51
E 26 76 0.003089 0.000000 328.00 4.46
E 26 78 0.021164 0.003700 330.41 21.08
E 26 79 0.021897 0.003858 359.14 1.49
E 26 81 0.021364 0.003326 347.54 373.58
E 26 83 0.021211 0.003533 333.23 0.00
E 26 87 0.021182 0.003907 340.83 0.00
E 27 28 0.020283 0.002714 317.33 71.19
E 27 29 0.018633 0.001003 297.20 10.88
E 27 33 0.021189 0.003547 347.85 22.30
E 27 35 0.019263 0.002397 308.13 38.89
E 27 43 0.018582 0.003261 299.92 13.13
E 27 49 0.017991 0.001056 282.81 113.30
E 27 55 0.016953 0.000697 277.47 0.12
E 27 56 0.016954 0.000710 265.38 8.30
E 27 62 0.020406 0.001542 313.82 94.30
E 27 63 0.019102 0.005762 320.06 0.03
E 27 67 0.022407 0.004799 358.21 14.68
E 27 72 0.016913 0.000678 273.00 1.03
E 27 74 0.021415 0.003722 367.53 8.50
E 27 78 0.018936 0.002834 293.14 4.39
E 27 79 0.016936 0.000684 280.80 14.94
E 27 81 0.017441 0.000933 282.19 0.37
E 28 29 0.020968 0.002956 321.36 15.80
E 28 31 0.021254 0.004353 343.43 25.39
E 28 33 0.021104 0.003383 332.41 2.95
E 28 35 0.020405 0.002595 319.21 0.11
E 28 36 0.021839 0.002762 455.25 0.64
E 28 43 0.020356 0.004094 324.15 1.41
E 28 49 0.020604 0.002765 333.57 3.34
E 28 52 0.024885 0.003660 386.62 0.61
E 28 55 0.020068 0.002257 332.87 87.71
E 28 56 0.020140 0.002273 296.60 4.64
E 28 62 0.020148 0.002364 322.82 0.16
E 28 63 0.020186 0.005289 328.35 140.06
E 28 67 0.022257 0.004451 395.14 10.05
E 28 72 0.019812 0.002411 324.08 0.26
E 28 74 0.022442 0.004587 340.52 0.81
E 28 75 0.023001 0.005233 422.52 0.26
E 28 78 0.020613 0.003190 325.90 0.45
E 28 79 0.020317 0.002637 305.73 0.21
E 28 81 0.020169 0.002544 340.29 105.37
E 28 83 0.020628 0.003270 335.90 2.55
E 28 87 0.021160 0.003702 322.04 0.88
E 28 89 0.022226 0.003901 316.32 0.00
E 29 30 0.002257 0.000000 224.00 0.02
E 29 33 0.021023 0.003293 332.66 3.04
E 29 35 0.018738 0.001733 294.14 102.59
E 29 43 0.018768 0.003824 303.23 0.03
E 29 44 0.028399 0.005698 404.00 20.58
E 29 45 0.023725 0.005129 393.86 0.07
E 29 49 0.018734 0.001272 306.85 0.28
E 29 51 0.022529 0.002510 335.69 74.95
E 29 52 0.025053 0.002120 417.05 0.00
E 29 55 0.018502 0.000920 303.38 15.39
E 29 56 0.018592 0.000783 281.89 4.22
E 29 62 0.019775 0.000382 285.13 249.64
E 29 63 0.019221 0.005266 320.43 39.88
E 29 66 0.002545 0.000000 260.00 6.52
E 29 67 0.022065 0.004347 349.38 0.03
E 29 71 0.020020 0.002831 303.82 46.88
E 29 72 0.017242 0.000324 270.77 22.69
E 29 74 0.022597 0.004726 340.62 10.76
E 29 75 0.002705 0.000000 280.00 101.04
E 29 76 0.003089 0.000000 328.00 35.76
E 29 78 0.018875 0.002891 322.03 21.99
E 29 79 0.017926 0.000982 273.75 0.00
E 29 81 0.018643 0.000811 308.70 24.31
E 29 83 0.019974 0.003022 374.46 0.00
E 29 87 0.021447 0.003491 419.00 29.51
E 30 34 0.023519 0.005027 400.14 2.40
E 30 35 0.024531 0.008277 488.27 102.24
E 30 37 0.026764 0.004813 402.24 5.13
E 30 39 0.022133 0.001336 365.35 9.41
E 30 42 0.022141 0.001062 354.39 9.44
E 30 45 0.026125 0.003816 437.43 0.05
E 30 46 0.022175 0.001054 358.55 9.45
E 30 48 0.024714 0.002994 374.44 8.44
E 30 51 0.026682 0.005902 441.19 80.02
E 30 52 0.025385 0.003996 373.97 0.00
E 30 54 0.022279 0.001181 361.03 0.84
E 30 57 0.023619 0.004189 353.78 0.03
E 30 59 0.026374 0.004669 406.33 5.30
E 30 60 0.025804 0.004540 407.64 0.03
E 30 61 0.025277 0.004322 387.54 0.03
E 30 65 0.026386 0.006117 427.99 3.44
E 30 66 0.027442 0.006487 429.62 3.00
E 30 68 0.022256 0.001108 357.69 9.25
E 30 73 0.027931 0.006047 433.89 7.84
E 30 74 0.023922 0.004410 567.66 17.95
E 30 77 0.023364 0.003021 378.89 9.60
E 30 80 0.024250 0.003762 356.92 0.00
E 30 82 0.022210 0.001062 349.64 25.68
E 30 90 0.022142 0.002351 357.57 0.00
E 31 33 0.002689 0.000032 220.00 36.30
E 31 36 0.024777 0.007418 387.68 0.00
E 31 43 0.002754 0.000032 228.00 0.03
E 31 44 0.022914 0.004505 347.16 3.18
E 31 45 0.021057 0.004869 334.76 0.11
E 31 49 0.001361 0.000000 112.00 0.83
E 31 56 0.001393 0.000000 116.00 0.11
E 31 62 0.017349 0.004285 276.86 2.27
E 31 67 0.002689 0.000032 220.00 0.08
E 31 71 0.019024 0.003968 294.37 11.94
E 31 75 0.024587 0.004370 346.69 191.76
E 31 78 0.018042 0.000226 451.79 16.40
E 31 83 0.019778 0.005009 315.84 0.00
E 31 87 0.021193 0.004927 330.16 130.87
E 32 34 0.023745 0.003644 351.39 13.06
E 32 37 0.026084 0.005071 386.55 88.96
E 32 38 0.016771 0.002902 276.80 191.98
E 32 40 0.018837 0.004324 302.03 6.58
E 32 41 0.031490 0.007571 468.32 1.52
E 32 47 0.019247 0.004975 291.27 0.05
E 32 48 0.026523 0.001187 388.03 1.85
E 32 58 0.027088 0.004183 372.97 0.33
E 32 59 0.029601 0.005088 505.40 0.78
E 32 61 0.026281 0.003943 386.07 0.19
E 32 64 0.024052 0.001670 441.91 3.89
E 32 68 0.023922 0.000000 478.64 13.58
E 32 73 0.029169 0.004161 449.73 7.47
E 32 80 0.022995 0.003103 329.24 40.85
E 32 85 0.016575 0.003593 257.61 18.07
E 32 88 0.016729 0.004636 261.96 0.00
E 33 35 0.021117 0.003356 327.25 0.18
E 33 43 0.021069 0.003896 324.60 5.29
E 33 44 0.016549 0.002688 1720.00 6.71
E 33 45 0.021731 0.005206 339.14 3.29
E 33 49 0.020963 0.003158 328.64 2.51
E 33 51 0.022531 0.002510 365.05 1.76
E 33 52 0.025678 0.005578 396.33 0.88
E 33 55 0.020891 0.002911 333.16 14.49
E 33 56 0.021015 0.003233 326.23 125.09
E 33 62 0.021886 0.002917 338.49 0.07
E 33 63 0.019910 0.006077 349.68 41.96
E 33 67 0.021884 0.004169 354.29 17.17
E 33 71 0.021213 0.003827 324.42 5.26
E 33 74 0.022595 0.004726 357.96 1.17
E 33 78 0.020929 0.003092 316.61 1.21
E 33 79 0.019894 0.001660 351.21 0.50
E 33 81 0.021012 0.003227 328.56 43.92
E 33 83 0.021100 0.003479 345.83 5.56
E 33 87 0.021192 0.003745 336.76 0.03
E 34 37 0.021752 0.006072 346.18 0.68
E 34 38 0.024486 0.003521 392.43 0.66
E 34 39 0.023064 0.005487 352.08 5.20
E 34 40 0.024649 0.004652 373.37 2.14
E 34 41 0.031778 0.007886 452.38 0.12
E 34 42 0.024509 0.005754 370.50 5.18
E 34 45 0.015973 0.001920 1648.00 63.95
E 34 46 0.024509 0.005754 384.35 5.17
E 34 47 0.020044 0.005002 326.65 6.37
E 34 48 0.027192 0.005182 392.85 1.58
E 34 52 0.024936 0.004325 431.55 0.82
E 34 54 0.024564 0.004291 364.02 3.72
E 34 57 0.026124 0.004749 374.95 0.56
E 34 59 0.028444 0.005215 446.52 0.19
E 34 60 0.029386 0.006426 425.31 5.96
E 34 61 0.025106 0.005483 375.15 34.46
E 34 65 0.029633 0.006940 426.99 3.31
E 34 66 0.030704 0.008519 422.02 3.23
E 34 68 0.025366 0.005573 405.15 5.07
E 34 73 0.030479 0.006203 447.35 6.20
E 34 77 0.027538 0.006872 393.78 5.24
E 34 80 0.024617 0.005690 379.69 0.74
E 34 82 0.023648 0.005757 341.20 1.06
E 34 88 0.015838 0.004839 264.92 0.00
E 34 90 0.024430 0.005437 385.23 0.00
E 35 43 0.019294 0.004070 308.23 607.87
E 35 45 0.023752 0.004579 405.87 263.25
E 35 49 0.019078 0.002347 309.43 1.57
E 35 51 0.023469 0.002374 337.23 0.38
E 35 52 0.023752 0.004579 357.74 0.09
E 35 54 0.022188 0.001611 337.08 4.16
E 35 55 0.019265 0.002397 296.34 44.05
E 35 56 0.019329 0.002546 307.76 1426.25
E 35 57 0.023978 0.004127 344.29 0.00
E 35 63 0.019233 0.006175 321.06 52.46
E 35 65 0.028332 0.008213 431.13 3.68
E 35 67 0.022161 0.004378 327.18 0.37
E 35 68 0.002257 0.000000 224.00 48.89
E 35 72 0.019070 0.002231 314.15 0.17
E 35 74 0.022516 0.004537 350.23 0.25
E 35 77 0.002257 0.000000 224.00 48.05
E 35 78 0.018879 0.002803 299.17 0.33
E 35 79 0.019330 0.002546 292.18 0.09
E 35 81 0.019285 0.002421 312.19 153.53
E 36 37 0.025786 0.004240 414.96 0.75
E 36 44 0.023630 0.006200 374.12 6.80
E 36 45 0.024322 0.006683 344.81 2.63
E 36 48 0.025788 0.003788 408.63 0.00
E 36 50 0.023519 0.005673 373.45 0.04
E 36 51 0.026917 0.006197 410.77 0.08
E 36 52 0.025248 0.006888 388.79 0.00
E 36 58 0.023733 0.006094 361.82 2.29
E 36 59 0.026251 0.006602 382.11 2.40
E 36 60 0.029078 0.004749 537.21 9.52
E 36 69 0.023430 0.005808 372.92 8.88
E 36 70 0.022222 0.004511 356.28 0.09
E 36 71 0.023642 0.006349 341.21 5.08
E 36 73 0.025573 0.006476 370.54 49.86
E 36 74 0.024224 0.006671 412.13 1.61
E 36 75 0.024818 0.005850 372.64 0.02
E 36 76 0.024106 0.005959 388.12 9.78
E 36 83 0.024465 0.006988 360.84 1.70
E 36 84 0.023359 0.005667 369.55 0.63
E 36 87 0.024465 0.006988 364.73 18.18
E 37 38 0.027591 0.005398 462.18 0.71
E 37 39 0.029252 0.005088 422.44 24.83
E 37 40 0.027360 0.005478 425.27 12.47
E 37 41 0.031231 0.007677 429.26 1.10
E 37 42 0.028044 0.005010 372.89 24.55
E 37 44 0.035115 0.006615 438.19 23.40
E 37 45 0.035789 0.005766 438.71 7.64
E 37 46 0.028750 0.005148 415.63 24.30
E 37 47 0.022152 0.005322 335.67 415.66
E 37 48 0.027233 0.004586 405.03 5.31
E 37 50 0.029122 0.010402 489.07 2.13
E 37 51 0.029109 0.005726 422.33 0.39
E 37 52 0.030251 0.005766 478.45 0.13
E 37 54 0.027679 0.004436 450.61 37.76
E 37 57 0.027877 0.003995 476.72 2.85
E 37 58 0.027198 0.005258 453.44 3.53
E 37 59 0.028412 0.005221 402.53 3.86
E 37 60 0.029408 0.006044 430.73 2.84
E 37 61 0.025450 0.005072 411.28 50.46
E 37 64 0.026933 0.005467 403.68 0.67
E 37 65 0.034181 0.006907 500.64 2.78
E 37 66 0.030577 0.008178 479.25 3.33
E 37 68 0.027436 0.004780 418.92 11.85
E 37 73 0.027903 0.005632 408.28 18.03
E 37 75 0.032906 0.008692 509.22 0.65
E 37 76 0.027231 0.005201 416.36 21.29
E 37 77 0.028516 0.006198 447.02 24.24
E 37 80 0.024623 0.005060 384.17 1.42
E 37 82 0.035794 0.005766 452.87 0.35
E 37 85 0.021979 0.005348 329.14 5.15
E 37 88 0.021513 0.005226 350.03 7.58
E 38 40 0.018782 0.004370 273.87 4.62
E 38 41 0.031878 0.008254 431.34 0.14
E 38 47 0.020429 0.004270 324.29 1.41
E 38 48 0.015013 0.000672 1528.00 0.31
E 38 53 0.014632 0.003231 211.28 0.01
E 38 58 0.022396 0.003426 287.77 1.28
E 38 59 0.029601 0.005088 406.15 1.05
E 38 61 0.027134 0.004374 392.52 6.28
E 38 64 0.023978 0.002092 369.60 1.50
E 38 73 0.025559 0.003616 2672.00 4.97
E 38 80 0.023064 0.001446 367.99 0.01
E 38 85 0.018004 0.003746 280.47 2.10
E 38 86 0.014734 0.003364 225.43 0.07
E 38 88 0.018167 0.005013 281.24 0.85
E 39 41 0.024674 0.003251 390.66 35.34
E 39 45 0.026872 0.007850 449.88 148.20
E 39 47 0.030028 0.007802 423.54 22.76
E 39 48 0.024603 0.002730 363.09 60.51
E 39 51 0.025943 0.005616 386.31 5.91
E 39 52 0.025097 0.003904 373.70 16.87
E 39 54 0.022283 0.001414 358.66 0.63
E 39 57 0.023684 0.004253 368.26 22.30
E 39 59 0.025940 0.004679 380.15 18.92
E 39 60 0.025381 0.004328 384.37 10.58
E 39 61 0.025092 0.004150 384.33 21.57
E 39 65 0.026202 0.005834 384.88 0.07
E 39 66 0.027065 0.005986 405.94 1.30
E 39 80 0.024803 0.004563 379.28 4.80
E 39 82 0.021706 0.001465 335.40 2.22
E 39 90 0.021628 0.002675 345.43 5.43
E 40 41 0.031380 0.008110 497.49 19.61
E 40 45 0.028104 0.003279 409.13 144.32
E 40 47 0.019092 0.005055 313.33 17.74
E 40 48 0.027044 0.001803 443.32 20.26
E 40 50 0.022226 0.001526 330.30 206.74
E 40 52 0.023017 0.000509 334.76 12.91
E 40 53 0.018737 0.004749 306.40 6.12
E 40 57 0.027484 0.002544 388.48 18.81
E 40 58 0.023240 0.003425 361.98 7.78
E 40 59 0.028406 0.002714 424.49 14.62
E 40 60 0.030765 0.004872 516.03 20.26
E 40 61 0.027338 0.004894 367.26 10.77
E 40 64 0.023798 0.002459 369.40 6.73
E 40 66 0.030252 0.005710 442.42 1.20
E 40 75 0.029970 0.006784 400.52 4.22
E 40 80 0.022252 0.002061 364.83 4.06
E 40 84 0.021963 0.003361 385.53 3.26
E 40 86 0.017553 0.005507 292.80 2.71
E 40 88 0.018905 0.004577 296.25 5.45
E 41 42 0.030875 0.006869 457.55 35.00
E 41 44 0.024079 0.004228 371.24 35.84
E 41 45 0.028104 0.003279 433.32 10.92
E 41 46 0.030875 0.006869 420.06 34.69
E 41 47 0.031459 0.007854 447.60 0.63
E 41 48 0.027164 0.004986 389.60 0.25
E 41 50 0.025459 0.004395 432.44 0.34
E 41 51 0.027684 0.006570 429.50 1.70
E 41 52 0.025596 0.004428 403.14 0.41
E 41 53 0.026975 0.003053 419.79 6.79
E 41 54 0.025617 0.004123 374.16 1.07
E 41 57 0.025912 0.004323 383.51 22.40
E 41 58 0.033349 0.008276 466.28 1.65
E 41 59 0.027140 0.005359 408.99 0.23
E 41 60 0.027102 0.004938 389.42 3.38
E 41 61 0.027496 0.004850 408.43 6.85
E 41 64 0.027219 0.005458 418.99 18.74
E 41 65 0.025738 0.006073 392.98 1.68
E 41 66 0.027179 0.005985 401.64 12.84
E 41 68 0.026694 0.004290 385.15 34.17
E 41 73 0.028033 0.005920 412.93 27.48
E 41 75 0.025277 0.005138 383.99 0.26
E 41 76 0.026480 0.005082 398.26 27.87
E 41 77 0.026613 0.004297 385.60 34.78
E 41 80 0.027265 0.005052 378.81 0.23
E 41 85 0.031721 0.008197 456.04 85.15
E 41 88 0.031722 0.008197 417.64 0.00
E 42 45 0.026126 0.003816 331.78 147.02
E 42 47 0.004258 0.000000 416.00 22.58
E 42 48 0.024937 0.003107 374.32 59.52
E 42 51 0.002481 0.000000 252.00 5.88
E 42 52 0.024238 0.002695 404.59 17.24
E 42 54 0.022348 0.001242 351.42 0.63
E 42 57 0.023786 0.004301 368.81 22.87
E 42 59 0.028708 0.003373 430.63 18.80
E 42 60 0.025807 0.004545 392.47 11.09
E 42 61 0.025228 0.004462 394.01 21.40
E 42 65 0.026838 0.006974 423.12 0.07
E 42 66 0.027250 0.006230 436.32 1.24
E 42 80 0.025048 0.005238 372.78 4.77
E 42 82 0.019340 0.000451 322.94 2.25
E 42 90 0.020091 0.003019 321.09 5.51
E 43 49 0.018911 0.003662 296.85 1.04
E 43 55 0.018657 0.003517 309.79 2.73
E 43 56 0.018807 0.003606 308.58 0.19
E 43 62 0.019938 0.002572 334.17 35.49
E 43 63 0.019474 0.005778 300.85 64.54
E 43 67 0.022276 0.004490 336.98 0.05
E 43 72 0.018764 0.003292 299.28 7.58
E 43 74 0.021955 0.004170 338.18 15.49
E 43 78 0.019685 0.003909 305.95 9.43
E 43 79 0.018808 0.003606 312.11 28.38
E 43 81 0.018711 0.003513 296.16 37.76
E 44 45 0.023348 0.004678 352.71 11.83
E 44 48 0.027240 0.005122 456.59 48.11
E 44 49 0.035115 0.000113 631.10 8.40
E 44 50 0.023575 0.004795 379.24 48.19
E 44 51 0.026893 0.005479 398.48 3.66
E 44 52 0.025143 0.004417 378.32 18.20
E 44 57 0.003313 0.000000 356.00 18.95
E 44 58 0.023321 0.004636 365.82 6.03
E 44 59 0.026126 0.005749 405.38 6.33
E 44 60 0.028125 0.004994 433.14 4.34
E 44 64 0.023488 0.004763 357.35 3.07
E 44 66 0.029291 0.005540 448.96 0.81
E 44 67 0.029417 0.004884 374.02 81.90
E 44 69 0.023566 0.004731 383.15 141.83
E 44 70 0.023651 0.004979 375.49 70.94
E 44 71 0.023537 0.004688 370.89 0.36
E 44 73 0.027507 0.005193 438.74 0.08
E 44 74 0.025413 0.005360 409.36 109.48
E 44 75 0.024477 0.004898 373.15 2.45
E 44 76 0.024231 0.004873 394.07 0.09
E 44 83 0.023602 0.004644 350.70 0.60
E 44 84 0.023576 0.004795 377.57 1.39
E 44 87 0.023622 0.004824 366.80 0.04
E 45 46 0.026126 0.003816 475.37 145.94
E 45 47 0.029263 0.002799 491.55 0.40
E 45 48 0.027947 0.003412 449.49 3.60
E 45 49 0.009236 0.000800 864.00 0.09
E 45 50 0.022204 0.004357 350.30 9.32
E 45 51 0.027433 0.004641 397.36 12.05
E 45 52 0.024890 0.005119 373.29 11.92
E 45 54 0.026125 0.003816 397.90 1.46
E 45 57 0.025229 0.005451 438.38 0.06
E 45 58 0.029178 0.006275 458.74 0.59
E 45 59 0.029654 0.004749 452.57 2.80
E 45 60 0.030533 0.007666 465.84 0.06
E 45 61 0.028104 0.003279 693.21 0.02
E 45 64 0.025616 0.003703 417.62 1.84
E 45 65 0.028031 0.005726 406.20 15.80
E 45 66 0.030258 0.005949 446.64 6.02
E 45 67 0.021346 0.005295 359.98 1.03
E 45 68 0.026126 0.003816 402.36 145.33
E 45 69 0.015124 0.003040 1600.00 7.45
E 45 71 0.021734 0.004916 320.70 21.62
E 45 73 0.033024 0.008167 412.83 121.35
E 45 74 0.022434 0.005010 330.03 51.02
E 45 75 0.024677 0.005034 387.29 7.47
E 45 76 0.024725 0.005543 411.07 128.74
E 45 77 0.026126 0.003816 416.40 145.43
E 45 80 0.027991 0.005088 415.48 127.06
E 45 82 0.011043 0.001056 1148.00 78.85
E 46 47 0.004258 0.000000 416.00 22.42
E 46 48 0.024937 0.003107 394.35 58.60
E 46 51 0.002481 0.000000 252.00 5.84
E 46 52 0.024613 0.003324 365.49 17.59
E 46 54 0.022343 0.001229 345.88 0.64
E 46 57 0.023585 0.003925 348.60 23.39
E 46 59 0.028263 0.003324 408.67 18.69
E 46 60 0.025878 0.004427 362.12 11.57
E 46 61 0.025195 0.004410 358.81 21.25
E 46 65 0.026837 0.006974 389.27 0.07
E 46 66 0.027297 0.006236 422.02 1.18
E 46 80 0.024891 0.005255 402.24 4.76
E 46 82 0.019967 0.000699 317.57 2.28
E 46 90 0.019914 0.002988 323.88 5.59
E 47 48 0.026523 0.001187 327.93 0.16
E 47 50 0.004226 0.000032 412.00 0.36
E 47 52 0.022987 0.000678 426.25 2.19
E 47 54 0.004258 0.000000 416.00 2.08
E 47 57 0.027483 0.002544 391.34 1.46
E 47 58 0.027086 0.004183 442.45 0.13
E 47 59 0.029600 0.005088 407.04 0.76
E 47 60 0.027257 0.000904 444.78 78.24
E 47 61 0.026034 0.003666 384.71 0.34
E 47 64 0.025445 0.001550 437.96 10.14
E 47 65 0.041730 0.007293 479.77 4.66
E 47 66 0.028960 0.004748 402.50 1.66
E 47 68 0.025533 0.005257 382.02 22.08
E 47 73 0.030480 0.006203 432.37 19.70
E 47 75 0.027653 0.001017 501.67 0.75
E 47 76 0.032739 0.000904 500.89 21.11
E 47 77 0.004258 0.000000 416.00 22.53
E 47 80 0.022994 0.003170 360.76 2.57
E 47 85 0.019106 0.004918 303.96 47.37
E 48 51 0.027108 0.006420 399.04 1.04
E 48 52 0.025073 0.003571 377.55 0.20
E 48 54 0.024889 0.003141 385.60 5.16
E 48 57 0.024856 0.004240 381.61 135.09
E 48 58 0.027233 0.005258 449.79 0.09
E 48 59 0.026824 0.004851 404.68 1.10
E 48 60 0.026131 0.004749 400.85 12.98
E 48 61 0.025177 0.003937 382.04 15.14
E 48 64 0.027721 0.003071 416.18 4.11
E 48 65 0.026074 0.005692 377.41 4.44
E 48 66 0.027289 0.005996 421.17 1.91
E 48 68 0.024709 0.003029 380.44 57.95
E 48 73 0.028105 0.005777 421.96 34.40
E 48 75 0.027079 0.007320 419.72 0.24
E 48 76 0.024671 0.004324 372.23 23.23
E 48 77 0.024867 0.002994 373.04 58.45
E 48 80 0.024822 0.003925 376.81 0.39
E 48 82 0.024936 0.003107 368.10 0.69
E 49 51 0.022677 0.001583 387.32 0.40
E 49 55 0.018574 0.001250 314.39 31.06
E 49 56 0.018480 0.001186 286.12 6.20
E 49 62 0.021771 0.002814 343.83 1.54
E 49 63 0.019743 0.006129 315.25 85.41
E 49 67 0.022194 0.004319 337.60 0.60
E 49 71 0.022310 0.003590 394.81 42.77
E 49 72 0.017181 0.000478 274.63 2.19
E 49 74 0.022805 0.005101 372.39 4.18
E 49 78 0.019347 0.003557 300.40 3.94
E 49 79 0.018456 0.001163 299.57 3.55
E 49 81 0.018685 0.001365 272.19 0.33
E 49 83 0.021190 0.003430 371.47 2.98
E 49 87 0.021114 0.002590 415.38 21.65
E 50 51 0.027006 0.005527 376.83 0.23
E 50 52 0.025036 0.003707 384.33 0.03
E 50 53 0.022352 0.007547 360.33 0.38
E 50 58 0.021079 0.003496 341.72 0.23
E 50 59 0.026674 0.006283 411.38 2.33
E 50 60 0.027763 0.002036 419.80 3.87
E 50 64 0.022942 0.003950 356.15 3.44
E 50 66 0.029404 0.005483 430.93 2.15
E 50 69 0.021035 0.003473 352.68 0.64
E 50 70 0.021085 0.003460 344.39 0.07
E 50 73 0.027053 0.005115 400.20 201.88
E 50 75 0.024876 0.005225 357.63 0.06
E 50 76 0.024147 0.004836 352.34 168.13
E 50 84 0.021198 0.003838 334.58 0.49
E 51 52 0.027624 0.005766 436.79 0.06
E 51 54 0.026745 0.005437 424.03 1.39
E 51 57 0.026415 0.005457 435.43 22.46
E 51 58 0.026848 0.005802 402.69 2.63
E 51 59 0.027993 0.006604 405.89 1.11
E 51 60 0.027132 0.005907 403.55 4.09
E 51 61 0.026984 0.005968 402.61 46.07
E 51 64 0.027043 0.005818 418.19 0.78
E 51 65 0.026553 0.006015 427.47 3.47
E 51 66 0.027145 0.005988 390.51 14.10
E 51 67 0.022531 0.002510 385.02 11.33
E 51 68 0.026772 0.006180 390.55 5.85
E 51 69 0.026856 0.005362 400.44 0.69
E 51 70 0.006019 0.000320 520.00 2.74
E 51 71 0.025705 0.004695 413.15 2.12
E 51 73 0.027914 0.006078 426.80 5.28
E 51 74 0.023799 0.003935 444.15 0.22
E 51 75 0.027044 0.005238 407.88 0.28
E 51 76 0.027381 0.005900 408.81 3.77
E 51 77 0.026624 0.006260 383.39 5.80
E 51 80 0.026873 0.005512 394.35 0.30
E 51 83 0.017958 0.002880 1780.00 0.15
E 51 84 0.027025 0.005369 416.57 0.42
E 51 87 0.022728 0.003392 2260.00 0.88
E 52 54 0.025369 0.004013 386.98 4.58
E 52 57 0.025375 0.004798 389.41 0.00
E 52 58 0.029179 0.006275 374.91 0.84
E 52 59 0.026953 0.005163 419.57 3.25
E 52 60 0.025919 0.004353 413.80 14.54
E 52 61 0.025963 0.005187 414.39 0.00
E 52 64 0.025414 0.000424 480.13 1.52
E 52 65 0.026798 0.006534 390.65 2.40
E 52 66 0.027056 0.005297 408.43 1.06
E 52 68 0.025107 0.003655 408.07 17.84
E 52 73 0.027996 0.006012 418.57 19.32
E 52 74 0.025230 0.003566 380.86 0.10
E 52 75 0.024937 0.005314 404.34 0.06
E 52 76 0.024913 0.003340 393.15 31.62
E 52 77 0.025104 0.003997 410.62 28.73
E 52 80 0.023868 0.002120 401.23 0.02
E 52 82 0.024615 0.003324 337.22 0.24
E 53 58 0.021741 0.004342 338.37 4.18
E 53 59 0.005122 0.000416 524.00 5.11
E 53 64 0.025447 0.005003 369.37 0.84
E 53 70 0.020320 0.005610 389.91 0.21
E 53 76 0.003089 0.000000 328.00 13.76
E 53 84 0.023290 0.005330 295.30 0.28
E 53 85 0.021102 0.005923 301.33 3.50
E 53 86 0.014263 0.001634 228.48 0.40
E 53 88 0.021452 0.006430 317.12 0.38
E 54 57 0.023678 0.004050 365.21 1.60
E 54 59 0.026769 0.004831 412.91 0.06
E 54 60 0.025802 0.004216 380.88 0.81
E 54 61 0.025361 0.004393 375.01 0.76
E 54 65 0.026516 0.007016 402.31 0.16
E 54 66 0.027283 0.006310 392.04 0.37
E 54 68 0.022289 0.001238 341.87 0.62
E 54 73 0.028019 0.006209 445.52 0.42
E 54 77 0.023697 0.003452 365.96 0.65
E 54 80 0.022586 0.002316 357.26 6.93
E 54 82 0.022344 0.001242 339.20 3.04
E 54 90 0.022354 0.002827 340.39 2.91
E 55 56 0.016344 0.000386 260.90 2.20
E 55 62 0.020116 0.001284 338.47 12.97
E 55 63 0.019437 0.005742 313.82 0.63
E 55 67 0.022327 0.004613 336.17 4.81
E 55 72 0.015896 0.000377 259.79 5.96
E 55 74 0.023922 0.005729 351.59 1.72
E 55 78 0.019242 0.003154 286.12 0.81
E 55 79 0.015888 0.000377 264.80 19.37
E 55 81 0.017479 0.000898 286.24 0.51
E 56 62 0.020114 0.001284 386.92 17.17
E 56 63 0.019416 0.005777 294.70 42.53
E 56 67 0.022234 0.004437 346.38 0.06
E 56 72 0.016307 0.000183 254.45 11.22
E 56 74 0.025198 0.007301 420.52 2.95
E 56 78 0.019355 0.003573 293.44 2.41
E 56 79 0.016303 0.000242 252.70 129.53
E 56 81 0.017475 0.000907 281.57 11.29
E 57 58 0.029179 0.006275 399.02 0.69
E 57 59 0.026840 0.005003 393.04 0.95
E 57 60 0.025651 0.004298 358.75 0.06
E 57 61 0.025362 0.004393 381.39 0.09
E 57 64 0.024939 0.002148 339.72 0.47
E 57 65 0.026689 0.007314 406.94 6.61
E 57 66 0.027055 0.005427 395.14 6.12
E 57 68 0.023662 0.004295 343.17 23.76
E 57 73 0.028018 0.006209 445.53 29.30
E 57 75 0.029077 0.009226 365.46 72.59
E 57 76 0.026041 0.002797 429.65 44.46
E 57 77 0.023680 0.004126 373.09 43.58
E 57 80 0.023775 0.004322 374.06 0.00
E 57 82 0.023784 0.004301 373.91 0.00
E 57 90 0.023587 0.003925 373.47 0.00
E 58 59 0.028928 0.004506 448.93 4.79
E 58 60 0.028855 0.004506 415.63 7.79
E 58 61 0.027087 0.004183 411.11 10.08
E 58 64 0.022676 0.003538 359.12 4.25
E 58 66 0.028355 0.004801 436.02 1.40
E 58 69 0.018691 0.003731 302.41 0.32
E 58 70 0.018904 0.003624 296.94 0.93
E 58 73 0.030982 0.005687 449.15 6.88
E 58 75 0.024808 0.005445 356.99 0.69
E 58 76 0.024395 0.004715 372.09 6.94
E 58 84 0.019137 0.003762 310.59 54.93
E 58 85 0.025956 0.003222 378.72 11.38
E 59 60 0.026838 0.004910 401.56 0.38
E 59 61 0.026700 0.004649 399.57 0.74
E 59 64 0.026569 0.004585 389.79 6.61
E 59 65 0.026771 0.005293 415.05 1.43
E 59 66 0.027193 0.005968 418.65 29.78
E 59 68 0.026703 0.004783 400.07 18.50
E 59 73 0.027996 0.005804 431.13 16.36
E 59 75 0.027100 0.005936 421.21 2.05
E 59 76 0.026769 0.005024 421.24 16.84
E 59 77 0.026745 0.004854 405.68 18.73
E 59 80 0.026701 0.004649 430.75 1.46
E 59 82 0.025949 0.005641 376.87 0.56
E 59 85 0.029149 0.003686 399.77 7.88
E 59 88 0.029150 0.005597 462.54 56.69
E 60 61 0.025714 0.004440 393.36 0.07
E 60 64 0.031183 0.004467 457.06 2.11
E 60 65 0.025930 0.005790 394.45 21.53
E 60 66 0.027530 0.006685 414.88 4.25
E 60 68 0.025707 0.004348 396.22 11.95
E 60 69 0.007954 0.000128 820.00 3.83
E 60 73 0.027893 0.005477 458.53 25.78
E 60 75 0.030992 0.007180 454.29 2.77
E 60 76 0.026424 0.004417 378.97 33.08
E 60 77 0.025596 0.004348 378.36 52.83
E 60 80 0.025747 0.004158 400.22 7.26
E 60 82 0.025282 0.004410 381.69 2.69
E 60 84 0.028128 0.000882 363.49 10.90
E 61 64 0.027370 0.003449 444.47 3.63
E 61 65 0.026147 0.005790 392.96 5.61
E 61 66 0.027369 0.006384 404.48 3.07
E 61 68 0.025169 0.004340 392.38 20.85
E 61 73 0.027920 0.005933 393.04 20.35
E 61 75 0.027653 0.001017 628.04 12.85
E 61 76 0.032740 0.001187 365.02 22.85
E 61 77 0.025239 0.004462 406.30 21.40
E 61 80 0.025039 0.004121 378.18 0.05
E 61 82 0.025094 0.004053 399.12 18.53
E 61 85 0.026127 0.001187 327.34 2.34
E 62 63 0.020241 0.005506 341.69 714.67
E 62 67 0.021755 0.002374 377.21 37.02
E 62 71 0.019322 0.003074 318.01 1050.37
E 62 72 0.020604 0.001809 303.90 1.04
E 62 74 0.023794 0.005597 328.73 4.03
E 62 78 0.021044 0.005088 346.10 8.17
E 62 79 0.020241 0.001331 332.23 1.50
E 62 81 0.019940 0.001958 371.23 254.76
E 62 83 0.019856 0.003386 337.19 0.00
E 62 87 0.021224 0.004093 325.24 0.55
E 63 67 0.022408 0.006358 358.89 102.17
E 63 72 0.019406 0.005635 304.20 3.78
E 63 78 0.019339 0.005475 331.53 49.54
E 63 79 0.019402 0.005706 309.35 8.07
E 63 81 0.019278 0.005802 307.95 0.17
E 64 66 0.029685 0.005246 443.90 4.79
E 64 69 0.022704 0.004116 338.36 0.50
E 64 70 0.022417 0.003452 335.26 1.53
E 64 73 0.027674 0.005255 397.54 6.20
E 64 75 0.024930 0.005302 391.21 0.87
E 64 76 0.024388 0.005024 363.56 6.25
E 64 84 0.022915 0.003858 367.18 3.20
E 64 85 0.024022 0.001018 297.67 2.06
E 64 88 0.025447 0.005823 416.76 0.75
E 65 66 0.027203 0.005947 419.26 0.11
E 65 68 0.026201 0.005834 382.41 0.09
E 65 73 0.028019 0.006209 410.80 0.11
E 65 77 0.026424 0.006508 377.40 0.09
E 65 80 0.026149 0.005790 411.25 1.61
E 65 82 0.026667 0.007103 397.54 1.55
E 65 90 0.026645 0.006721 413.18 0.00
E 66 68 0.027364 0.006384 419.20 1.15
E 66 73 0.027922 0.005822 413.80 0.72
E 66 75 0.028027 0.008847 401.65 0.33
E 66 76 0.026810 0.005251 391.08 0.88
E 66 77 0.027294 0.006236 406.64 1.17
E 66 80 0.027349 0.006406 407.54 3.52
E 66 82 0.027126 0.006067 440.62 10.45
E 66 90 0.026825 0.005957 406.23 0.00
E 67 71 0.021008 0.003184 353.54 31.29
E 67 74 0.022596 0.004726 354.18 5.00
E 67 78 0.022140 0.004337 360.26 36.88
E 67 79 0.022359 0.004739 354.39 0.48
E 67 81 0.022242 0.004494 337.93 16.77
E 67 83 0.022011 0.004433 374.64 0.00
E 67 87 0.022009 0.004433 340.82 186.18
E 68 80 0.024723 0.004452 376.23 4.68
E 68 82 0.022347 0.001431 372.11 2.00
E 68 90 0.022588 0.002148 364.10 2.19
E 69 70 0.018185 0.002512 292.31 0.41
E 69 71 0.021787 0.008626 340.68 101.97
E 69 75 0.025015 0.004939 391.15 1.32
E 69 76 0.024039 0.004444 406.19 1.67
E 69 83 0.003522 0.000096 324.00 3.16
E 69 84 0.018140 0.002452 297.08 3.40
E 69 87 0.001713 0.000000 156.00 0.00
E 70 75 0.029085 0.008518 379.05 0.11
E 70 76 0.027992 0.005088 361.72 113.93
E 70 84 0.017837 0.001212 281.90 0.16
E 71 74 0.022058 0.003742 356.33 5.35
E 71 75 0.024813 0.005570 364.99 2.96
E 71 83 0.019908 0.003438 325.36 0.80
E 71 87 0.021488 0.004382 350.53 0.11
E 72 78 0.019791 0.003691 287.92 0.71
E 72 79 0.015557 0.000276 244.03 0.22
E 72 81 0.017456 0.000855 285.14 0.67
E 73 75 0.027497 0.005668 393.45 3.93
E 73 80 0.027825 0.005865 431.39 5.75
E 73 82 0.036727 0.011533 581.70 1.34
E 74 75 0.024800 0.006002 376.53 0.16
E 74 78 0.022554 0.004636 350.78 0.23
E 74 81 0.022499 0.004597 352.53 9.88
E 74 83 0.022121 0.003938 357.44 0.68
E 74 87 0.022228 0.004180 377.78 29.54
E 75 76 0.024831 0.005290 381.48 3.60
E 75 84 0.024987 0.005106 366.65 0.57
E 76 84 0.024039 0.004444 354.80 3.07
E 77 80 0.024154 0.003613 362.05 4.80
E 77 82 0.023321 0.002986 358.17 2.30
E 77 90 0.023421 0.003095 376.29 5.62
E 78 79 0.019620 0.003540 316.88 0.05
E 78 81 0.019254 0.003377 289.43 2.04
E 78 87 0.021242 0.004383 336.37 0.72
E 79 81 0.017479 0.000915 277.29 1.08
E 80 82 0.024688 0.004762 375.96 0.05
E 80 90 0.024970 0.005083 362.35 2.41
E 82 90 0.019825 0.002831 328.50 511.06
E 83 87 0.021207 0.003970 350.01 0.11
E 83 89 0.019781 0.003300 324.52 2.31
E 85 88 0.016821 0.004428 276.68 4.27
E 87 89 0.021225 0.004093 328.20 20.38
END

SECTION Terminals
Root 41
Terminals 47
T 77
T 54
T 85
T 22
T 15
T 5
T 60
T 70
T 86
T 39
T 7
T 71
T 57
T 12
T 25
T 76
T 19
T 44
T 62
T 46
T 32
T 72
T 16
T 84
T 74
T 34
T 66
T 80
T 38
T 14
T 75
T 79
T 13
T 11
T 89
T 73
T 36
T 20
T 56
T 9
T 28
T 49
T 21
T 55
T 65
T 67
T 6
END

EOF