SECTION Comment
CREATOR "Carlos Araujo"
REMARK "Instance for QoS Multicast Routing Problem"
QoS METRICS "delay, jitter, bandwidth and estimate of link duration"
END

SECTION Graph
Nodes 70
Edges 602

E 1 2 0.023880 0.005653 341.77 0.01
E 1 5 0.023898 0.005981 377.33 0.15
E 1 6 0.020867 0.004304 308.96 0.06
E 1 10 0.023142 0.005587 361.57 0.11
E 1 11 0.023698 0.005753 340.82 0.22
E 1 12 0.023141 0.005587 356.32 0.47
E 1 13 0.024158 0.006292 359.50 0.13
E 1 14 0.024363 0.006710 390.79 0.30
E 1 15 0.021243 0.004107 327.60 7.68
E 1 17 0.023239 0.005462 369.78 10.64
E 1 23 0.023016 0.004297 321.22 0.07
E 1 25 0.021460 0.004671 368.40 0.05
E 1 31 0.023182 0.006264 362.67 68.33
E 1 34 0.028331 0.003222 693.75 14.72
E 1 37 0.022233 0.004641 354.13 0.10
E 1 40 0.025132 0.007535 382.28 0.02
E 1 43 0.023181 0.005553 380.68 0.22
E 1 45 0.023195 0.005088 365.74 62.12
E 1 49 0.022647 0.004821 367.15 0.08
E 1 51 0.004770 0.000576 480.00 149.44
E 1 52 0.004578 0.001152 456.00 38.31
E 1 56 0.023001 0.004940 351.50 0.05
E 1 57 0.023020 0.005612 380.95 0.16
E 1 58 0.023483 0.005455 369.08 0.09
E 1 60 0.023002 0.004138 322.24 35.99
E 1 61 0.023376 0.005224 361.07 0.35
E 1 62 0.022872 0.004560 363.62 18.13
E 1 64 0.022754 0.004646 358.88 0.23
E 1 67 0.023134 0.005470 367.68 1.52
E 2 4 0.019749 0.002798 323.38 0.27
E 2 5 0.021755 0.004097 384.14 0.17
E 2 7 0.007075 0.000160 652.00 0.00
E 2 9 0.001937 0.000000 184.00 0.00
E 2 10 0.021848 0.004760 328.98 0.17
E 2 11 0.024869 0.006581 333.37 0.22
E 2 12 0.023676 0.005221 383.52 0.20
E 2 14 0.022411 0.005716 370.85 0.24
E 2 15 0.023092 0.006407 444.93 166.40
E 2 17 0.021241 0.004579 341.01 0.48
E 2 18 0.019173 0.000678 614.04 0.11
E 2 25 0.020262 0.003320 379.21 0.06
E 2 28 0.024740 0.006501 406.32 16.92
E 2 31 0.022667 0.006398 372.70 0.01
E 2 32 0.021320 0.003618 633.60 0.27
E 2 37 0.023846 0.006973 400.54 0.16
E 2 42 0.024373 0.011758 517.88 0.15
E 2 43 0.021364 0.004010 325.12 0.35
E 2 45 0.021737 0.005870 349.27 319.71
E 2 49 0.022325 0.004925 360.02 0.21
E 2 53 0.021208 0.006784 505.14 0.09
E 2 54 0.019511 0.000227 300.97 48.68
E 2 56 0.022957 0.006596 392.34 0.26
E 2 57 0.022185 0.004710 337.91 384.31
E 2 58 0.020327 0.003093 321.44 0.49
E 2 59 0.014442 0.002337 251.18 0.54
E 2 60 0.018079 0.002752 325.41 12.52
E 2 61 0.021609 0.004482 342.81 134.46
E 2 64 0.020977 0.003976 340.66 15.11
E 2 68 0.021208 0.006784 487.50 34.43
E 3 18 0.018492 0.004904 327.70 8395.79
E 3 20 0.021248 0.004516 320.78 0.00
E 3 32 0.019772 0.004604 317.71 0.08
E 3 41 0.017299 0.004048 277.44 0.08
E 3 42 0.020000 0.004523 344.08 0.00
E 3 47 0.018397 0.004602 309.38 171.46
E 3 50 0.020335 0.004050 319.27 1.19
E 3 53 0.019782 0.003460 318.09 29.70
E 3 54 0.020613 0.003308 282.25 2.62
E 3 63 0.020675 0.003271 376.63 0.05
E 3 68 0.019964 0.003686 371.57 0.46
E 3 69 0.018375 0.004441 297.78 2.63
E 4 5 0.016687 0.001390 294.87 3125.91
E 4 6 0.016946 0.001816 266.90 140.76
E 4 8 0.018656 0.002661 297.51 0.36
E 4 10 0.019244 0.001150 322.78 0.00
E 4 17 0.018669 0.002210 294.29 32.26
E 4 25 0.017505 0.000792 261.38 0.01
E 4 28 0.016324 0.001832 302.70 0.53
E 4 31 0.020674 0.005936 321.38 302.81
E 4 43 0.017860 0.000724 322.34 0.00
E 4 49 0.021947 0.004930 349.23 949.00
E 4 57 0.021799 0.006106 347.80 0.43
E 4 59 0.016315 0.002384 264.16 0.00
E 4 61 0.018877 0.001747 314.40 0.29
E 4 62 0.018315 0.002935 330.61 215.75
E 4 64 0.021144 0.003497 327.41 0.98
E 4 67 0.020267 0.002714 370.36 2.25
E 5 6 0.021834 0.004455 332.38 0.00
E 5 8 0.022590 0.004749 349.88 0.23
E 5 10 0.022695 0.003276 351.85 118.48
E 5 11 0.022721 0.004175 335.21 804.89
E 5 13 0.021602 0.003260 303.40 0.00
E 5 14 0.022647 0.003489 352.37 0.00
E 5 17 0.021105 0.002530 348.91 23.23
E 5 31 0.024160 0.005657 386.94 132.79
E 5 34 0.023243 0.002374 641.72 20.65
E 5 37 0.021822 0.003625 371.00 248.94
E 5 43 0.021164 0.002374 355.58 161.95
E 5 45 0.019883 0.003630 323.13 80.21
E 5 56 0.021574 0.004297 334.58 0.37
E 5 57 0.023601 0.003754 381.48 0.35
E 5 58 0.023846 0.002789 339.07 0.18
E 5 59 0.016857 0.005707 326.13 12.95
E 5 60 0.003362 0.000064 304.00 44.18
E 5 61 0.021786 0.004791 355.17 0.24
E 5 62 0.018698 0.003998 271.96 99.59
E 5 64 0.021523 0.003532 322.70 1.15
E 5 67 0.023788 0.005476 354.31 1.77
E 6 8 0.018021 0.003333 268.47 0.24
E 6 10 0.022422 0.003145 327.04 70.35
E 6 11 0.018959 0.003964 286.42 0.00
E 6 13 0.018090 0.002565 301.18 54.82
E 6 17 0.017658 0.002047 267.83 30.35
E 6 30 0.017398 0.002959 266.69 0.00
E 6 31 0.021544 0.005759 312.61 87.89
E 6 34 0.019918 0.004037 275.55 19.60
E 6 37 0.019148 0.003075 334.36 34.21
E 6 43 0.023922 0.003460 399.39 6.98
E 6 49 0.021869 0.005754 335.26 0.00
E 6 52 0.021717 0.004749 300.81 116.48
E 6 57 0.021644 0.002883 325.37 0.37
E 6 59 0.017273 0.002255 296.70 83.59
E 6 62 0.004034 0.000736 388.00 88.50
E 6 64 0.018833 0.002551 322.40 1.18
E 6 67 0.020349 0.003075 298.16 2.13
E 6 70 0.017508 0.003250 285.40 0.38
E 7 16 0.020719 0.004199 322.09 35.41
E 7 18 0.020919 0.003192 322.74 0.97
E 7 28 0.020134 0.003392 329.60 5.13
E 7 41 0.020891 0.002397 317.56 0.29
E 7 50 0.020587 0.003941 335.58 0.54
E 7 54 0.020640 0.004616 333.03 4.10
E 7 60 0.020935 0.004605 338.52 3.22
E 7 63 0.020707 0.004163 305.54 33.62
E 7 65 0.022339 0.005050 341.85 0.94
E 7 68 0.020639 0.004481 332.27 0.86
E 7 69 0.020501 0.003928 339.69 3.90
E 8 10 0.023946 0.003862 359.57 0.21
E 8 11 0.019822 0.004282 340.10 0.17
E 8 12 0.022718 0.004471 338.82 0.40
E 8 13 0.016901 0.002139 261.42 0.17
E 8 14 0.024503 0.002956 364.67 0.30
E 8 24 0.013214 0.000669 207.81 1.88
E 8 26 0.013265 0.000678 197.50 0.88
E 8 29 0.013214 0.000669 206.43 1.89
E 8 30 0.013265 0.000745 202.37 0.89
E 8 31 0.025423 0.007123 426.08 10.51
E 8 34 0.020147 0.004037 318.05 48.39
E 8 37 0.020709 0.003256 361.80 0.21
E 8 44 0.013215 0.001715 195.79 0.85
E 8 49 0.022884 0.007123 422.82 0.23
E 8 52 0.019738 0.004749 325.95 17.69
E 8 57 0.021887 0.001753 331.07 0.81
E 8 59 0.018451 0.002360 292.42 0.21
E 8 62 0.005458 0.000256 508.00 22.44
E 8 64 0.020385 0.002326 360.10 2.36
E 8 67 0.021344 0.001628 336.43 2.63
E 8 70 0.013153 0.001597 220.30 0.22
E 9 16 0.020001 0.003667 333.13 36.62
E 9 18 0.021497 0.003101 331.61 0.98
E 9 41 0.019715 0.001990 359.22 0.31
E 9 50 0.020050 0.003753 335.57 0.55
E 9 54 0.019722 0.004283 315.81 4.21
E 9 60 0.019381 0.003125 297.09 3.19
E 9 63 0.019795 0.003462 305.12 34.72
E 9 65 0.019945 0.004462 303.33 0.93
E 9 68 0.020251 0.004780 314.46 0.87
E 9 69 0.020250 0.005058 327.46 3.93
E 10 11 0.022425 0.003040 358.73 59.74
E 10 13 0.022500 0.002868 315.41 0.06
E 10 14 0.022860 0.003565 375.43 295.14
E 10 15 0.022581 0.004781 357.30 2.24
E 10 17 0.021211 0.002595 325.45 20.61
E 10 23 0.018962 0.005766 338.76 0.00
E 10 28 0.019967 0.001331 309.55 0.79
E 10 31 0.022388 0.006172 346.44 118.29
E 10 34 0.025752 0.004681 365.51 21.14
E 10 37 0.020705 0.002869 316.40 0.00
E 10 40 0.026720 0.004834 326.18 0.05
E 10 43 0.021081 0.002049 339.36 0.00
E 10 45 0.021188 0.004337 352.59 77.06
E 10 49 0.021849 0.005074 319.51 1294.55
E 10 52 0.024261 0.006106 602.22 146.71
E 10 56 0.021154 0.004484 317.92 0.33
E 10 57 0.022444 0.003998 352.12 0.58
E 10 58 0.020916 0.001947 351.45 0.22
E 10 60 0.025391 0.001809 349.21 55.48
E 10 61 0.021154 0.003668 333.55 0.41
E 10 62 0.022556 0.002835 371.31 97.49
E 10 64 0.021522 0.003579 378.43 1.47
E 10 67 0.021921 0.003959 337.77 1.56
E 11 13 0.016908 0.002994 287.43 289.40
E 11 14 0.021922 0.003186 319.69 0.00
E 11 15 0.018110 0.003295 306.79 0.62
E 11 17 0.022643 0.005348 331.48 6.73
E 11 22 0.019083 0.002171 282.81 0.40
E 11 23 0.019530 0.003036 302.81 2.48
E 11 28 0.019962 0.003935 311.03 10.26
E 11 31 0.022902 0.006985 364.16 68.38
E 11 34 0.017966 0.004419 288.67 17.42
E 11 36 0.015005 0.003324 229.85 37.51
E 11 37 0.021411 0.004656 319.01 13.32
E 11 40 0.021094 0.002352 320.36 0.05
E 11 43 0.025109 0.002261 408.25 2.40
E 11 49 0.023305 0.005962 357.46 39.86
E 11 51 0.015508 0.003463 268.79 158.19
E 11 52 0.022565 0.003392 291.38 106.59
E 11 57 0.022709 0.003659 331.97 0.64
E 11 67 0.022632 0.003596 381.91 1.98
E 11 70 0.018646 0.005503 335.28 0.42
E 12 15 0.022068 0.004625 358.22 0.39
E 12 17 0.022047 0.003574 364.14 24.68
E 12 28 0.021849 0.003222 356.73 159.83
E 12 31 0.022190 0.006157 344.66 132.09
E 12 34 0.005426 0.000672 504.00 20.55
E 12 40 0.022056 0.001526 351.63 0.06
E 12 45 0.022501 0.004671 355.52 83.28
E 12 52 0.001713 0.000000 156.00 138.98
E 12 56 0.022817 0.004968 341.45 0.17
E 12 57 0.022762 0.004725 350.41 0.59
E 12 58 0.022657 0.004289 357.40 0.12
E 12 60 0.008084 0.000384 720.00 49.63
E 12 61 0.022749 0.004820 352.68 0.34
E 12 62 0.022565 0.004431 341.96 97.26
E 12 64 0.022273 0.004125 335.48 1.43
E 12 67 0.022992 0.005028 358.84 1.52
E 13 14 0.021911 0.003116 333.52 227.27
E 13 15 0.017965 0.003342 296.57 0.66
E 13 17 0.019037 0.002035 326.60 7.24
E 13 22 0.016938 0.004768 287.19 2.03
E 13 23 0.017663 0.004322 291.60 218.38
E 13 26 0.015803 0.002261 269.17 275.42
E 13 28 0.019316 0.003440 330.74 0.83
E 13 30 0.015854 0.002423 233.61 912.82
E 13 31 0.023468 0.005917 369.14 72.87
E 13 34 0.018144 0.004606 264.22 17.42
E 13 36 0.015848 0.003783 252.29 38.94
E 13 37 0.020201 0.003821 320.96 6.59
E 13 40 0.017381 0.003567 277.77 0.04
E 13 43 0.022989 0.002782 368.93 132.14
E 13 49 0.023656 0.006337 387.92 0.00
E 13 51 0.016185 0.003791 259.71 162.24
E 13 52 0.016819 0.003426 253.26 104.75
E 13 57 0.023845 0.003920 356.48 0.38
E 13 67 0.023197 0.003822 423.06 1.86
E 13 70 0.018382 0.004297 283.70 0.38
E 14 15 0.021031 0.003961 294.97 2.51
E 14 16 0.018127 0.004424 295.68 131.74
E 14 17 0.022477 0.003359 384.10 15.78
E 14 20 0.020359 0.004149 310.08 124.08
E 14 23 0.020920 0.008565 318.56 57.15
E 14 25 0.022139 0.003534 360.33 3582.79
E 14 28 0.022430 0.004085 342.76 0.52
E 14 31 0.024424 0.005218 368.40 130.31
E 14 34 0.020699 0.002374 298.31 21.37
E 14 37 0.021876 0.003609 356.31 173.89
E 14 40 0.023583 0.003222 331.31 0.08
E 14 43 0.022403 0.003379 336.71 48.17
E 14 45 0.022467 0.005338 371.46 84.26
E 14 49 0.022180 0.004351 357.88 0.00
E 14 50 0.017929 0.004587 305.89 4.41
E 14 54 0.019627 0.004370 290.04 1.46
E 14 56 0.022363 0.005267 352.97 1.65
E 14 57 0.022863 0.003312 342.51 0.33
E 14 58 0.022282 0.003255 349.65 0.15
E 14 60 0.019106 0.004679 315.47 56.34
E 14 61 0.023579 0.006388 339.08 0.33
E 14 62 0.022485 0.003671 304.91 75.01
E 14 63 0.018392 0.003930 291.35 121.72
E 14 64 0.022666 0.004150 356.04 1.97
E 14 65 0.017579 0.004257 327.11 1.16
E 14 67 0.022930 0.004727 339.53 1.55
E 15 17 0.022394 0.006513 351.33 0.00
E 15 19 0.018834 0.006396 294.10 0.95
E 15 22 0.017714 0.005131 292.71 3.52
E 15 23 0.019782 0.004905 308.37 3.44
E 15 25 0.022551 0.004373 346.69 3.11
E 15 28 0.020014 0.003910 298.69 0.61
E 15 31 0.020750 0.004853 389.99 0.05
E 15 34 0.018010 0.003112 300.44 6.37
E 15 36 0.018017 0.002352 268.81 12.15
E 15 37 0.019867 0.003914 329.76 2.39
E 15 39 0.017856 0.006063 316.92 10.14
E 15 40 0.017637 0.002651 293.80 1.35
E 15 43 0.022551 0.004373 360.65 6.96
E 15 46 0.017597 0.004132 279.76 14.67
E 15 49 0.020432 0.003791 294.51 4.44
E 15 51 0.018209 0.002940 320.96 4.54
E 15 52 0.017905 0.004301 291.23 5.39
E 15 56 0.022547 0.004986 348.91 0.90
E 15 57 0.021747 0.004299 329.72 3.91
E 15 58 0.022726 0.005231 341.75 1.36
E 15 60 0.021387 0.003410 341.98 22.42
E 15 61 0.022547 0.004986 347.96 0.50
E 15 67 0.021694 0.003731 334.44 0.01
E 16 19 0.018438 0.000169 536.48 6.51
E 16 20 0.021199 0.004445 327.61 40.61
E 16 25 0.020125 0.003243 328.16 112.96
E 16 35 0.019375 0.004749 352.08 37.61
E 16 36 0.019510 0.004494 329.93 5.69
E 16 42 0.019212 0.002075 283.29 20.00
E 16 50 0.019344 0.002420 326.65 3.24
E 16 51 0.003714 0.000800 348.00 8.43
E 16 55 0.018357 0.000340 298.88 0.43
E 16 60 0.018936 0.003288 310.01 0.00
E 16 63 0.019676 0.003235 306.94 0.04
E 16 65 0.021347 0.005597 359.29 2.60
E 16 68 0.018994 0.002062 277.11 1.47
E 16 69 0.019328 0.004222 297.68 4.19
E 17 31 0.022004 0.005778 345.73 147.06
E 17 37 0.019290 0.003289 338.25 5.90
E 17 43 0.021258 0.003269 341.37 22.25
E 17 45 0.022039 0.005028 366.19 9.88
E 17 49 0.021049 0.003602 333.09 29.70
E 17 56 0.021421 0.003480 363.37 31.02
E 17 57 0.021844 0.003408 328.20 2.56
E 17 58 0.021050 0.002544 324.90 17.01
E 17 59 0.017331 0.001526 270.92 38.46
E 17 60 0.020812 0.002205 340.99 0.84
E 17 61 0.021774 0.005227 343.74 1.94
E 17 62 0.021060 0.002662 378.93 0.37
E 17 64 0.020732 0.003226 318.56 0.31
E 17 67 0.022135 0.004263 365.13 0.31
E 18 20 0.021532 0.003646 344.73 1.56
E 18 25 0.021281 0.003034 338.49 1.21
E 18 32 0.020687 0.002891 301.49 6.28
E 18 38 0.022607 0.005470 375.86 2.33
E 18 41 0.020035 0.002364 313.45 0.07
E 18 42 0.019944 0.002000 344.53 1.59
E 18 47 0.011486 0.000529 159.25 4.54
E 18 50 0.019738 0.002109 339.14 0.79
E 18 53 0.019967 0.002337 359.88 0.63
E 18 54 0.021078 0.003589 326.75 0.61
E 18 63 0.020942 0.003554 311.29 43.78
E 18 68 0.019876 0.002578 325.29 0.69
E 18 69 0.018313 0.004255 283.05 3.44
E 19 21 0.014064 0.002141 203.13 0.47
E 19 22 0.010853 0.002880 1008.00 0.26
E 19 23 0.019715 0.005653 412.71 1.29
E 19 27 0.016359 0.003365 264.29 1.01
E 19 28 0.017137 0.003324 333.07 1.89
E 19 33 0.016988 0.004003 270.26 1.49
E 19 36 0.017456 0.001884 292.50 5.93
E 19 46 0.015601 0.003305 248.35 195.64
E 19 48 0.016528 0.005147 285.32 1.61
E 19 51 0.016383 0.002212 268.94 2.69
E 19 52 0.016992 0.002568 294.34 0.50
E 19 55 0.015423 0.002798 266.59 4.24
E 19 63 0.001489 0.000000 128.00 17.22
E 19 65 0.022872 0.005643 370.59 0.32
E 19 66 0.015691 0.003189 261.31 7.01
E 20 25 0.021388 0.003116 326.57 0.00
E 20 32 0.021143 0.004295 356.20 1658.62
E 20 38 0.021143 0.005073 330.67 0.00
E 20 41 0.021184 0.004362 322.80 0.20
E 20 42 0.021200 0.004445 333.22 0.00
E 20 54 0.021111 0.005188 342.80 4.23
E 20 63 0.021165 0.004656 316.64 37.57
E 20 65 0.021275 0.004866 316.68 0.87
E 20 69 0.021849 0.004372 371.25 3.64
E 21 27 0.013432 0.002270 227.36 0.06
E 21 35 0.017050 0.002807 275.33 418.52
E 21 36 0.019341 0.004452 283.88 34.35
E 21 38 0.017111 0.002279 280.28 557.40
E 21 48 0.013765 0.000807 192.68 4.49
E 21 55 0.017755 0.003272 262.97 6.75
E 22 23 0.018745 0.005941 310.54 0.03
E 22 28 0.018298 0.002698 293.00 0.38
E 22 34 0.017997 0.004410 290.48 20.34
E 22 36 0.016864 0.004250 268.67 38.64
E 22 37 0.019219 0.004053 308.38 0.11
E 22 39 0.017112 0.004664 248.32 8.82
E 22 40 0.017239 0.004340 276.43 0.03
E 22 46 0.016024 0.005150 287.70 23.59
E 22 51 0.016683 0.003920 309.44 36.63
E 22 52 0.016849 0.004065 273.86 149.47
E 23 28 0.019456 0.003463 321.28 0.79
E 23 34 0.018310 0.005222 304.48 13.74
E 23 36 0.018136 0.005314 311.70 13.61
E 23 37 0.019783 0.004541 294.25 0.00
E 23 40 0.018318 0.004845 307.89 0.12
E 23 49 0.018050 0.006127 303.58 242.87
E 23 51 0.018641 0.005921 303.79 105.86
E 23 52 0.019171 0.006129 291.49 56.56
E 23 57 0.022527 0.005096 398.33 0.80
E 23 60 0.019036 0.003713 316.13 10.65
E 24 39 0.017646 0.003307 328.34 6.99
E 24 70 0.012802 0.001151 192.49 0.25
E 25 28 0.018195 0.001755 302.80 0.78
E 25 32 0.020703 0.003107 332.42 493.08
E 25 42 0.020838 0.003208 328.04 1.68
E 25 45 0.018548 0.003053 285.85 248.44
E 25 50 0.021772 0.003561 391.08 0.36
E 25 53 0.020733 0.003307 304.96 21.11
E 25 54 0.020376 0.003901 337.66 2.11
E 25 57 0.021986 0.004689 344.64 0.70
E 25 58 0.016560 0.000689 269.17 0.21
E 25 60 0.020680 0.003490 364.99 6.56
E 25 61 0.018958 0.001696 279.49 0.48
E 25 63 0.020790 0.003731 330.79 103.73
E 25 67 0.021077 0.003451 305.27 0.13
E 25 68 0.020880 0.003405 346.03 0.59
E 26 30 0.012786 0.000760 199.13 0.00
E 26 39 0.017646 0.003307 234.62 6.91
E 26 70 0.012871 0.001386 210.00 0.25
E 27 33 0.018113 0.004777 265.84 0.03
E 27 35 0.017075 0.003706 281.97 0.02
E 27 36 0.018471 0.004022 291.85 8.55
E 27 48 0.011531 0.000894 175.17 1.26
E 27 55 0.017608 0.003354 277.92 16.56
E 27 65 0.022327 0.005495 447.26 0.33
E 27 66 0.015629 0.003212 289.01 12.78
E 28 31 0.024429 0.004862 355.41 0.15
E 28 34 0.018321 0.002698 321.01 4.82
E 28 36 0.021170 0.005050 318.64 17.54
E 28 37 0.020452 0.003882 330.81 23.05
E 28 39 0.019255 0.006361 298.44 16.54
E 28 40 0.018323 0.002629 325.14 3.46
E 28 43 0.018400 0.001837 281.59 9.73
E 28 46 0.015970 0.002544 287.53 8.39
E 28 49 0.001969 0.000000 188.00 2.04
E 28 51 0.018356 0.002933 353.85 5.82
E 28 52 0.018249 0.003033 330.44 7.67
E 28 54 0.019035 0.003229 303.23 0.11
E 28 56 0.020143 0.003978 325.02 0.48
E 28 57 0.022004 0.004466 339.75 0.42
E 28 58 0.018177 0.001722 269.57 0.92
E 28 60 0.021732 0.003546 339.68 26.58
E 28 61 0.019199 0.002035 309.07 1.65
E 28 66 0.016629 0.000848 470.91 21.68
E 29 39 0.017646 0.003307 316.65 7.01
E 29 70 0.012801 0.001135 181.96 0.25
E 30 39 0.017646 0.003307 243.92 6.96
E 30 70 0.012871 0.001386 198.44 0.28
E 31 37 0.021536 0.005121 324.12 31.17
E 31 43 0.024664 0.004695 371.71 137.84
E 31 45 0.024167 0.005858 369.28 0.76
E 31 49 0.021979 0.006060 354.80 101.06
E 31 56 0.024036 0.005837 376.42 101.21
E 31 57 0.022570 0.005490 356.76 7.44
E 31 58 0.025414 0.005597 404.98 105.26
E 31 59 0.020450 0.006287 297.23 399.07
E 31 61 0.024036 0.005837 398.65 20.08
E 31 62 0.024239 0.005926 365.18 11.88
E 31 64 0.022119 0.006118 374.04 30.97
E 31 67 0.022378 0.005983 333.10 229.78
E 32 38 0.019453 0.004658 314.64 2.55
E 32 41 0.020553 0.002374 292.61 0.13
E 32 42 0.019926 0.002653 314.03 15.42
E 32 50 0.019927 0.002653 315.51 2.46
E 32 53 0.019928 0.002653 331.49 21.22
E 32 54 0.020320 0.004415 340.77 1.59
E 32 63 0.019983 0.003235 321.66 8.23
E 32 68 0.019891 0.002675 306.21 0.70
E 32 69 0.019890 0.004454 313.85 3.52
E 33 35 0.017122 0.002963 261.42 1497.76
E 33 36 0.018154 0.003867 284.36 31.18
E 33 40 0.017308 0.003222 272.08 0.11
E 33 46 0.016810 0.003807 275.22 0.77
E 33 55 0.016542 0.003813 269.68 14.51
E 33 65 0.017851 0.003258 280.07 0.87
E 33 66 0.017076 0.004148 266.86 17.40
E 34 36 0.017666 0.004617 296.56 0.04
E 34 37 0.019816 0.004127 332.84 16.17
E 34 40 0.017773 0.004230 296.27 14.97
E 34 43 0.003810 0.000640 360.00 21.97
E 34 46 0.017646 0.002714 293.36 2.71
E 34 49 0.025617 0.006445 553.49 19.50
E 34 51 0.017652 0.004511 291.95 15.30
E 34 52 0.017738 0.004086 265.68 0.21
E 34 57 0.024713 0.004070 395.83 15.58
E 34 60 0.003842 0.000608 364.00 3.97
E 35 36 0.019270 0.006411 368.10 27.67
E 35 38 0.017730 0.005754 313.03 0.00
E 35 41 0.017225 0.002774 278.34 0.13
E 35 48 0.017886 0.004628 236.95 2.12
E 35 55 0.017092 0.002913 252.93 8.85
E 35 63 0.019068 0.003482 296.81 35.86
E 35 65 0.017885 0.003361 283.15 0.32
E 36 37 0.019467 0.004229 311.98 3.73
E 36 39 0.017172 0.003543 269.15 0.15
E 36 40 0.014906 0.001344 246.13 7.46
E 36 46 0.016840 0.004071 261.02 0.48
E 36 48 0.019208 0.003958 288.36 3.19
E 36 51 0.015894 0.002265 248.96 135.54
E 36 52 0.015076 0.002041 244.82 0.07
E 36 55 0.018659 0.003552 281.55 15.31
E 36 63 0.022395 0.004494 491.18 6.36
E 36 65 0.022419 0.005229 371.70 14.65
E 37 40 0.020080 0.003704 319.95 0.07
E 37 43 0.021741 0.003540 377.30 0.00
E 37 49 0.021244 0.004127 337.54 1331.36
E 37 51 0.019876 0.003955 313.02 152.96
E 37 52 0.019844 0.003627 313.16 112.83
E 37 57 0.022857 0.005006 349.22 0.56
E 37 60 0.004722 0.000128 416.00 53.53
E 37 67 0.021961 0.004526 316.83 2.01
E 38 41 0.017378 0.004128 292.38 0.10
E 38 50 0.020388 0.002205 297.30 0.53
E 38 63 0.018859 0.004533 296.31 19.09
E 38 69 0.018608 0.001922 408.59 1.16
E 39 44 0.017646 0.003307 348.23 6.97
E 39 46 0.015110 0.003510 232.79 1.46
E 39 52 0.016838 0.004897 292.77 3.63
E 39 66 0.014581 0.003140 211.91 17.59
E 40 51 0.015646 0.001988 248.11 59.25
E 40 52 0.015127 0.001761 245.41 40.53
E 40 57 0.023583 0.002940 349.34 0.33
E 40 60 0.019276 0.003287 352.63 54.34
E 41 42 0.019694 0.001951 333.57 0.12
E 41 47 0.016926 0.001396 259.30 0.09
E 41 50 0.020219 0.001611 341.02 0.09
E 41 53 0.018387 0.003519 342.87 0.24
E 41 54 0.020765 0.003053 392.64 5.29
E 41 68 0.017661 0.001148 327.23 1.00
E 41 69 0.019273 0.004439 294.52 2.81
E 42 50 0.019383 0.002181 304.95 0.90
E 42 53 0.018557 0.001728 284.18 83.82
E 42 54 0.019983 0.004414 307.40 1.63
E 42 63 0.019682 0.003235 337.51 17.27
E 42 68 0.018560 0.001748 280.80 0.54
E 42 69 0.018565 0.004280 289.85 3.68
E 43 45 0.020174 0.004767 312.34 70.52
E 43 49 0.023921 0.005742 346.55 263.72
E 43 56 0.020858 0.004321 341.87 1.65
E 43 57 0.022060 0.003784 340.89 0.37
E 43 58 0.018734 0.002184 298.66 0.22
E 43 60 0.020699 0.001017 436.66 74.86
E 43 61 0.020738 0.004295 333.97 0.32
E 43 62 0.018624 0.002189 303.90 67.49
E 43 64 0.021283 0.002676 443.28 1.64
E 43 67 0.021923 0.003831 350.68 1.57
E 44 70 0.012913 0.001285 202.14 0.25
E 45 56 0.020637 0.003991 337.25 122.75
E 45 57 0.022043 0.004655 332.56 5.37
E 45 58 0.020427 0.004743 308.94 74.63
E 45 60 0.018154 0.000904 361.47 14.01
E 45 61 0.020311 0.003943 334.28 20.15
E 45 62 0.020034 0.003941 312.29 1.74
E 45 64 0.021261 0.004489 315.74 2.70
E 45 67 0.021877 0.004856 340.62 14.76
E 46 51 0.016435 0.003392 254.87 2.93
E 46 52 0.017691 0.004545 285.16 2.74
E 46 55 0.014946 0.000834 239.53 20.99
E 46 66 0.014807 0.003300 237.99 36.30
E 47 50 0.020278 0.001589 325.57 1.35
E 47 69 0.019157 0.004240 291.50 2.02
E 48 55 0.016864 0.001323 291.37 3.68
E 49 52 0.010885 0.003072 1012.00 117.17
E 49 56 0.021564 0.004123 366.23 0.08
E 49 57 0.022025 0.004878 363.88 0.37
E 49 59 0.021892 0.004849 366.97 145.48
E 49 61 0.021564 0.004123 389.76 0.26
E 49 62 0.025957 0.004297 497.81 76.17
E 49 64 0.022029 0.004849 339.36 1.29
E 49 67 0.021582 0.004454 344.13 2.08
E 50 53 0.019405 0.002207 315.80 0.58
E 50 54 0.019824 0.004203 326.81 3.43
E 50 63 0.019675 0.003222 334.40 51.55
E 50 68 0.019439 0.002238 313.86 0.45
E 50 69 0.019458 0.004587 313.33 2.65
E 51 52 0.015553 0.002241 247.24 0.03
E 51 60 0.003202 0.000096 284.00 1.68
E 51 65 0.020870 0.002827 543.19 5.17
E 53 54 0.019966 0.004424 313.86 3.45
E 53 68 0.016008 0.001519 261.69 0.53
E 53 69 0.017749 0.004563 269.55 2.87
E 54 63 0.019698 0.004230 327.58 3.45
E 54 68 0.019968 0.004424 310.97 0.95
E 54 69 0.020677 0.003350 346.79 4.08
E 55 63 0.020764 0.003244 287.23 0.24
E 55 65 0.017849 0.003258 293.47 0.31
E 55 66 0.015475 0.003932 241.54 0.10
E 56 57 0.022042 0.004650 343.53 0.67
E 56 58 0.021098 0.004677 324.64 0.35
E 56 61 0.020591 0.003827 321.31 0.20
E 56 62 0.020871 0.004158 327.03 78.29
E 56 64 0.021236 0.003799 340.65 1.28
E 56 67 0.021838 0.004613 334.80 2.13
E 57 58 0.022017 0.003663 355.18 0.54
E 57 60 0.024712 0.004070 406.40 4.40
E 57 61 0.022042 0.004457 337.76 2.39
E 57 62 0.022828 0.002488 371.71 3.53
E 57 64 0.025958 0.001865 469.16 0.43
E 57 67 0.022423 0.004015 344.66 0.86
E 58 60 0.017515 0.000904 409.17 117.13
E 58 61 0.020959 0.004390 342.39 0.17
E 58 67 0.022013 0.003967 362.78 1.46
E 59 62 0.009109 0.000128 732.00 213.36
E 59 64 0.021105 0.003539 332.12 1.03
E 60 63 0.019470 0.003125 323.79 0.03
E 60 65 0.017767 0.003297 293.06 23.57
E 60 67 0.006947 0.000256 636.00 0.46
E 61 62 0.020452 0.003601 312.29 3.33
E 61 64 0.021236 0.003779 345.66 0.32
E 61 67 0.021838 0.003846 338.49 0.32
E 62 64 0.021047 0.003496 344.26 0.25
E 62 67 0.021921 0.004088 348.12 0.27
E 63 65 0.019667 0.004070 299.19 1.64
E 64 67 0.022122 0.004064 357.34 0.20
E 65 66 0.022627 0.005211 380.76 1.14
E 68 69 0.017932 0.004661 287.74 0.13
END

SECTION Terminals
Root 27
Terminals 39
T 1
T 37
T 52
T 31
T 22
T 65
T 39
T 50
T 3
T 9
T 16
T 59
T 30
T 45
T 6
T 8
T 26
T 21
T 29
T 12
T 54
T 67
T 51
T 20
T 53
T 24
T 28
T 2
T 57
T 5
T 42
T 64
T 7
T 15
T 19
T 17
T 58
T 61
T 55
END

EOF