SECTION Comment
CREATOR "Carlos Araujo"
REMARK "Instance for QoS Multicast Routing Problem"
QoS METRICS "delay, jitter, bandwidth and estimate of link duration"
END

SECTION Graph
Nodes 70
Edges 850

E 1 5 0.029161 0.005568 438.39 0.04
E 1 8 0.028400 0.005964 440.36 4.56
E 1 10 0.028507 0.006283 410.13 2.81
E 1 13 0.029479 0.005521 437.30 0.32
E 1 17 0.026149 0.007094 387.88 1.78
E 1 20 0.026569 0.005500 405.92 1.10
E 1 39 0.026135 0.005559 398.19 13.26
E 1 42 0.024261 0.000339 456.14 1.69
E 1 45 0.029346 0.005621 506.12 3.01
E 1 46 0.024260 0.000611 421.05 0.15
E 1 48 0.026729 0.005265 387.35 0.09
E 1 50 0.026418 0.005345 410.37 0.01
E 1 51 0.028291 0.006049 446.20 3.55
E 1 52 0.027230 0.005561 421.07 0.16
E 1 54 0.027050 0.005985 402.19 5.72
E 1 57 0.027111 0.005798 413.75 2.61
E 1 58 0.003714 0.000096 348.00 81.25
E 1 59 0.026539 0.005453 407.36 2.59
E 1 60 0.026568 0.005500 410.17 17.60
E 1 61 0.026826 0.005450 434.44 3.13
E 1 64 0.025956 0.004658 394.48 5.11
E 1 65 0.027050 0.006377 417.26 1.12
E 1 66 0.026568 0.005500 407.68 1.96
E 2 5 0.023506 0.002601 329.43 0.29
E 2 7 0.024100 0.002937 383.09 756.55
E 2 9 0.026901 0.005984 367.07 28.98
E 2 18 0.024722 0.003977 383.67 21.01
E 2 20 0.022718 0.001908 367.82 4.98
E 2 22 0.025107 0.003033 382.35 1675.52
E 2 24 0.022359 0.002216 372.72 0.00
E 2 35 0.023710 0.005020 364.76 286.31
E 2 39 0.022687 0.001856 363.11 12.18
E 2 42 0.022741 0.001963 370.04 0.68
E 2 45 0.021772 0.003441 344.96 4.16
E 2 46 0.022741 0.001963 360.70 0.29
E 2 48 0.024365 0.003048 361.13 0.13
E 2 51 0.026481 0.005865 402.54 5.73
E 2 52 0.025079 0.003410 371.07 4.23
E 2 54 0.023037 0.002475 350.52 1.59
E 2 57 0.023886 0.004369 368.47 3.35
E 2 59 0.026154 0.005132 414.26 5.52
E 2 60 0.025036 0.004448 373.43 17.70
E 2 61 0.024805 0.004041 387.90 2.92
E 2 65 0.025430 0.006432 390.23 2.82
E 2 66 0.026496 0.005155 409.66 2.02
E 3 4 0.016057 0.001592 248.89 2.69
E 3 13 0.019397 0.004989 311.14 0.45
E 3 25 0.022106 0.004247 383.12 36.51
E 3 26 0.020961 0.002603 293.31 7.54
E 3 28 0.021254 0.002819 328.16 4.70
E 3 45 0.021170 0.004992 341.95 0.76
E 3 62 0.015276 0.001516 241.75 16.17
E 4 5 0.007459 0.000032 700.00 1.55
E 4 11 0.018246 0.004428 298.90 6.11
E 4 15 0.024975 0.007535 348.92 5.46
E 4 16 0.020577 0.002811 321.58 5.44
E 4 25 0.021910 0.004083 331.21 4.44
E 4 26 0.021221 0.002987 330.72 0.84
E 4 27 0.020800 0.001470 305.87 5.47
E 4 28 0.021626 0.003341 340.97 3.74
E 4 29 0.019876 0.001569 358.33 4.86
E 4 31 0.018976 0.004944 317.69 5.77
E 4 33 0.023395 0.006568 373.19 2.38
E 4 35 0.022301 0.005616 372.86 2.77
E 4 43 0.020849 0.002932 306.60 1.03
E 4 49 0.019817 0.001890 345.23 4.28
E 4 55 0.021058 0.001929 314.73 0.58
E 4 56 0.020290 0.001475 292.84 5.03
E 4 62 0.014614 0.001381 248.45 0.14
E 4 63 0.020800 0.005349 377.99 2.42
E 4 67 0.023650 0.005272 376.43 0.52
E 5 6 0.023130 0.000791 458.11 0.19
E 5 8 0.020824 0.002629 338.37 3.32
E 5 10 0.021775 0.004943 359.20 2.02
E 5 13 0.021284 0.003566 321.90 0.74
E 5 15 0.022904 0.005241 364.44 0.04
E 5 16 0.007186 0.002560 724.00 0.23
E 5 17 0.025351 0.007584 403.94 1.31
E 5 18 0.023830 0.004025 378.49 0.09
E 5 19 0.023752 0.000170 393.43 0.19
E 5 20 0.024487 0.001244 465.05 0.56
E 5 22 0.026302 0.003663 404.50 0.09
E 5 23 0.004482 0.000032 444.00 0.19
E 5 25 0.021801 0.003769 410.27 16.73
E 5 26 0.022206 0.003505 361.92 1.49
E 5 29 0.022011 0.001712 391.24 0.06
E 5 30 0.022904 0.000763 351.68 0.04
E 5 31 0.018733 0.002295 269.88 0.21
E 5 33 0.023257 0.007242 347.06 0.06
E 5 35 0.021614 0.005020 378.00 0.06
E 5 36 0.024466 0.006550 364.61 10.99
E 5 41 0.028088 0.004095 429.98 0.20
E 5 44 0.023045 0.004591 349.22 0.10
E 5 45 0.021640 0.004410 356.07 1.63
E 5 48 0.025515 0.002341 426.89 0.09
E 5 49 0.021763 0.001295 311.59 0.97
E 5 51 0.029086 0.006406 392.39 3.89
E 5 52 0.025764 0.003581 375.73 0.37
E 5 54 0.022606 0.001187 345.51 0.39
E 5 57 0.026091 0.006490 382.57 3.78
E 5 58 0.016994 0.000848 315.50 111.80
E 5 59 0.027058 0.005088 409.80 5.76
E 5 60 0.029235 0.007236 519.09 4.42
E 5 61 0.004482 0.000032 444.00 2.93
E 5 64 0.022872 0.004559 393.62 4.20
E 5 65 0.025243 0.005733 367.45 0.75
E 5 66 0.017062 0.000896 1668.00 1.55
E 5 67 0.023750 0.003901 333.93 0.71
E 5 68 0.023752 0.000170 604.46 0.19
E 5 69 0.020738 0.002831 318.17 2.65
E 5 70 0.016995 0.000848 300.59 8.94
E 6 20 0.022417 0.001403 349.73 2.14
E 6 39 0.021361 0.000697 343.68 10.25
E 6 42 0.020744 0.000521 334.32 0.74
E 6 45 0.022395 0.000170 328.06 3.99
E 6 46 0.020744 0.000909 318.18 0.12
E 6 48 0.024366 0.002956 357.28 0.10
E 6 51 0.029043 0.007038 452.69 13.45
E 6 52 0.025790 0.003218 407.88 0.53
E 6 54 0.022002 0.000893 333.24 5.01
E 6 57 0.023639 0.004050 372.03 2.56
E 6 59 0.026885 0.004038 403.20 2.59
E 6 60 0.025513 0.004843 404.10 18.26
E 6 61 0.024743 0.003791 357.62 2.77
E 6 65 0.025696 0.006646 387.42 1.39
E 6 66 0.026814 0.005900 377.36 1.75
E 7 8 0.026057 0.004844 396.40 3.15
E 7 9 0.028047 0.005371 403.42 0.00
E 7 10 0.025788 0.005675 372.48 1.16
E 7 13 0.025618 0.002714 410.96 0.24
E 7 17 0.025049 0.008084 395.57 1.76
E 7 18 0.024901 0.003430 418.53 0.00
E 7 20 0.024704 0.003571 361.88 0.65
E 7 24 0.025729 0.004650 415.20 952.10
E 7 30 0.024683 0.003505 377.40 1219.53
E 7 32 0.026847 0.004709 416.45 0.57
E 7 36 0.024006 0.006805 330.45 0.77
E 7 37 0.024765 0.004386 360.23 196.02
E 7 38 0.033079 0.006445 447.84 3.57
E 7 39 0.024796 0.003381 372.38 8.07
E 7 40 0.035116 0.001244 618.76 9.81
E 7 42 0.025665 0.004176 393.56 0.71
E 7 44 0.021887 0.004494 373.70 0.00
E 7 46 0.025490 0.003783 413.17 0.43
E 7 47 0.026595 0.003891 408.12 1.07
E 7 48 0.024464 0.003279 386.57 0.10
E 7 51 0.026748 0.006254 419.51 3.81
E 7 52 0.025173 0.003807 405.25 0.07
E 7 54 0.024558 0.003455 374.67 4.44
E 7 57 0.024346 0.004040 406.68 3.92
E 7 59 0.026098 0.005026 387.49 2.60
E 7 60 0.025710 0.005088 415.51 16.10
E 7 61 0.025004 0.004187 383.87 2.20
E 7 64 0.021801 0.002035 381.19 5.01
E 7 65 0.025055 0.005339 389.93 0.85
E 7 66 0.027249 0.006677 407.89 0.85
E 8 9 0.028089 0.005325 426.38 0.89
E 8 10 0.022992 0.004463 352.24 0.81
E 8 12 0.025484 0.004664 382.14 0.46
E 8 13 0.024416 0.004100 389.09 1.18
E 8 14 0.021133 0.005303 365.61 1.70
E 8 17 0.024934 0.005600 389.65 1.26
E 8 20 0.023583 0.003004 344.39 0.52
E 8 21 0.026581 0.005338 401.09 4.37
E 8 22 0.026762 0.004474 434.60 0.39
E 8 24 0.029921 0.007877 434.58 0.80
E 8 30 0.002705 0.000000 280.00 0.17
E 8 32 0.026262 0.005559 393.60 2.24
E 8 36 0.023629 0.005304 371.41 2.02
E 8 37 0.025979 0.004885 384.27 0.60
E 8 38 0.026011 0.008189 387.78 15.50
E 8 40 0.026360 0.005224 391.08 1.28
E 8 41 0.027759 0.005453 422.97 3.74
E 8 44 0.022862 0.004305 345.19 0.21
E 8 47 0.025806 0.004884 385.34 0.11
E 8 48 0.026634 0.004737 407.88 0.12
E 8 50 0.021433 0.003872 336.91 0.10
E 8 51 0.027997 0.006784 407.44 6.62
E 8 52 0.025744 0.002671 428.07 9.53
E 8 53 0.029010 0.003731 417.89 3.80
E 8 58 0.019468 0.002544 300.78 20.53
E 8 59 0.026485 0.003962 413.70 1.07
E 8 60 0.029254 0.007180 458.58 6.49
E 8 61 0.029350 0.003731 421.38 1.65
E 8 64 0.022634 0.004120 366.06 2.34
E 8 66 0.028489 0.004562 467.82 2.91
E 8 69 0.020933 0.002838 317.68 1.44
E 8 70 0.017419 0.001630 314.10 1.12
E 9 10 0.028199 0.005396 425.22 1.17
E 9 13 0.025892 0.005171 402.78 0.29
E 9 15 0.022478 0.004790 373.81 650.70
E 9 17 0.028437 0.004968 416.24 1.37
E 9 20 0.028231 0.005647 379.14 0.55
E 9 24 0.030212 0.008114 429.82 788.84
E 9 26 0.021907 0.004603 331.28 0.04
E 9 27 0.019596 0.003074 342.79 1404.78
E 9 29 0.019596 0.003074 334.15 106.10
E 9 30 0.028137 0.005505 377.51 90.11
E 9 32 0.028441 0.005559 442.50 0.62
E 9 33 0.019592 0.003074 301.28 201.44
E 9 34 0.028777 0.004857 454.47 0.00
E 9 36 0.025853 0.006801 379.38 8.43
E 9 37 0.028495 0.005404 395.15 569.15
E 9 38 0.027950 0.007180 397.05 12.44
E 9 39 0.028174 0.004357 434.28 7.64
E 9 40 0.028412 0.004969 438.52 8.76
E 9 42 0.030366 0.005573 503.55 0.69
E 9 43 0.019411 0.004376 293.39 1.19
E 9 44 0.026837 0.006072 451.37 0.00
E 9 45 0.020703 0.005013 348.90 4.54
E 9 46 0.028557 0.004862 427.92 0.44
E 9 47 0.028504 0.005357 399.47 1.21
E 9 48 0.028135 0.005505 421.81 0.07
E 9 50 0.028201 0.007493 417.02 0.01
E 9 51 0.030049 0.008078 424.84 3.58
E 9 52 0.025276 0.004695 387.83 0.01
E 9 54 0.027781 0.006251 410.45 5.99
E 9 57 0.026912 0.005489 433.91 4.08
E 9 58 0.031892 0.005088 551.40 76.47
E 9 59 0.028300 0.005516 430.66 2.94
E 9 60 0.028555 0.006203 415.44 19.44
E 9 61 0.028457 0.005314 419.81 3.05
E 9 64 0.028649 0.006160 398.02 5.25
E 9 65 0.028230 0.008141 415.77 0.94
E 9 66 0.029538 0.006017 447.44 0.91
E 10 12 0.022929 0.004342 346.47 2.87
E 10 13 0.025310 0.005452 396.01 0.56
E 10 14 0.022929 0.006127 343.36 2.73
E 10 17 0.024870 0.005542 394.09 0.00
E 10 20 0.023922 0.003731 589.12 0.10
E 10 21 0.024614 0.004438 426.57 2.81
E 10 22 0.027132 0.006516 399.80 1.70
E 10 24 0.029099 0.007144 458.67 2.03
E 10 30 0.022905 0.002487 312.68 2.67
E 10 32 0.022012 0.003678 356.05 1.55
E 10 36 0.023790 0.005597 396.07 9.10
E 10 37 0.025134 0.005147 396.03 1.87
E 10 38 0.024617 0.006595 341.14 12.33
E 10 40 0.022032 0.003462 361.39 1.06
E 10 41 0.028254 0.005886 427.39 1.89
E 10 44 0.023416 0.005151 380.99 2.56
E 10 45 0.004226 0.000032 412.00 1.12
E 10 47 0.024814 0.005191 384.64 1.52
E 10 48 0.026958 0.006245 419.76 3.80
E 10 50 0.023035 0.004928 338.92 0.91
E 10 51 0.027732 0.006460 402.13 24.96
E 10 52 0.026537 0.003604 396.17 2.27
E 10 58 0.021354 0.004110 357.55 0.67
E 10 59 0.026643 0.005673 431.46 2.65
E 10 60 0.029254 0.007180 398.01 0.11
E 10 61 0.025166 0.005239 418.51 0.03
E 10 64 0.023069 0.004676 390.59 0.07
E 10 66 0.027992 0.005276 427.97 0.08
E 10 69 0.022851 0.004900 345.76 0.09
E 10 70 0.019424 0.003632 310.59 0.29
E 11 13 0.019231 0.005487 291.71 0.49
E 11 15 0.023971 0.006860 325.74 0.04
E 11 16 0.019597 0.004943 323.22 81.30
E 11 25 0.022106 0.004247 335.38 38.98
E 11 26 0.021112 0.005807 351.91 0.54
E 11 28 0.021434 0.003138 346.40 93.41
E 11 45 0.020954 0.004808 343.44 5.11
E 11 62 0.016879 0.003510 296.21 16.01
E 12 13 0.024098 0.003279 426.44 0.27
E 12 17 0.025702 0.005067 409.94 1.34
E 12 24 0.031101 0.008668 488.26 189.17
E 12 32 0.016821 0.002593 283.62 0.87
E 12 36 0.022882 0.003571 408.19 0.41
E 12 40 0.017702 0.004986 295.54 9.92
E 12 47 0.018130 0.005911 301.52 1.74
E 12 50 0.022392 0.004704 336.77 0.22
E 12 51 0.029665 0.006716 411.57 4.55
E 12 53 0.017526 0.002222 258.32 2.90
E 12 58 0.020062 0.004368 305.18 36.26
E 12 64 0.024820 0.005776 364.65 3.30
E 12 69 0.020406 0.003566 321.22 1.69
E 12 70 0.020500 0.003437 305.94 2.73
E 13 14 0.024098 0.005605 354.87 0.06
E 13 17 0.024595 0.004421 395.65 0.32
E 13 20 0.002865 0.000000 300.00 19.28
E 13 21 0.024098 0.003528 370.21 0.30
E 13 22 0.027053 0.004491 440.36 0.05
E 13 24 0.028686 0.007717 440.10 0.15
E 13 26 0.023117 0.007844 374.10 0.05
E 13 31 0.019565 0.004410 316.50 0.45
E 13 32 0.023845 0.004259 335.46 0.40
E 13 36 0.024033 0.006045 393.15 0.44
E 13 37 0.027347 0.004956 380.26 0.12
E 13 40 0.024667 0.004391 345.64 1.04
E 13 41 0.029160 0.007617 428.30 0.26
E 13 44 0.022821 0.004142 335.13 0.05
E 13 45 0.021372 0.004685 343.52 7.17
E 13 47 0.023845 0.003610 353.20 0.05
E 13 48 0.027250 0.003731 401.78 0.02
E 13 50 0.022838 0.005205 354.14 0.08
E 13 51 0.030039 0.007024 457.46 2.45
E 13 52 0.025793 0.002714 433.65 0.00
E 13 53 0.026184 0.003618 431.24 2.56
E 13 58 0.023144 0.003876 396.54 100.83
E 13 59 0.027198 0.004099 388.98 3.30
E 13 60 0.031383 0.010330 472.42 7.92
E 13 61 0.023583 0.003505 407.61 3.39
E 13 64 0.025484 0.006275 441.08 1.56
E 13 66 0.028445 0.003844 444.91 0.19
E 13 69 0.023013 0.002993 374.72 0.07
E 14 17 0.025701 0.005279 361.37 1.53
E 14 24 0.031102 0.008668 484.64 189.46
E 14 32 0.020918 0.005156 330.60 0.87
E 14 36 0.022881 0.005865 331.52 0.54
E 14 40 0.020769 0.005062 318.38 6.03
E 14 47 0.020951 0.005879 310.94 1.75
E 14 50 0.022351 0.005783 371.88 0.22
E 14 51 0.029665 0.007632 401.11 4.17
E 14 53 0.020534 0.004732 327.06 6.00
E 14 58 0.021380 0.006150 349.29 35.40
E 14 64 0.022791 0.005527 362.76 3.25
E 14 69 0.021594 0.006334 341.30 1.74
E 14 70 0.021629 0.005434 363.04 2.72
E 15 16 0.023805 0.006430 396.13 956.77
E 15 22 0.023414 0.005292 319.19 36.28
E 15 25 0.023229 0.006015 359.67 74.15
E 15 26 0.023477 0.006126 376.81 1.83
E 15 29 0.024125 0.006402 360.03 229.53
E 15 33 0.023690 0.006094 371.90 7.40
E 15 43 0.022735 0.002374 377.54 7.10
E 15 44 0.025036 0.007075 367.53 8.80
E 15 45 0.023529 0.005745 351.21 4.48
E 15 49 0.023053 0.004579 378.02 0.96
E 15 51 0.024160 0.004545 373.09 3.95
E 15 54 0.021699 0.003358 341.25 1.91
E 15 57 0.021731 0.003300 350.65 0.04
E 15 59 0.023414 0.005292 481.92 0.01
E 15 62 0.024072 0.007159 378.50 12.80
E 15 67 0.023532 0.006052 349.75 0.98
E 16 25 0.020006 0.002611 312.08 71.82
E 16 26 0.021715 0.003366 367.33 1.88
E 16 33 0.021063 0.003355 326.68 0.00
E 16 44 0.023136 0.004086 386.59 4.94
E 16 45 0.021997 0.005628 354.51 3.11
E 16 49 0.017572 0.000894 295.67 0.97
E 16 55 0.016290 0.000531 267.84 1.12
E 16 62 0.019684 0.002423 303.08 13.48
E 16 63 0.020396 0.005643 307.84 3.04
E 16 67 0.022177 0.004938 326.56 0.92
E 17 21 0.024985 0.004178 362.38 1.57
E 17 22 0.025352 0.008341 374.64 1.66
E 17 24 0.028559 0.006687 447.70 1.02
E 17 32 0.024876 0.004862 369.20 0.42
E 17 36 0.024672 0.005707 394.36 0.34
E 17 37 0.025401 0.005293 366.66 0.93
E 17 38 0.022924 0.007370 345.62 4.54
E 17 40 0.024656 0.004623 398.56 2.60
E 17 41 0.026405 0.006489 401.86 1.47
E 17 44 0.025425 0.007060 385.78 1.14
E 17 47 0.024825 0.005603 377.05 0.92
E 17 48 0.024523 0.005839 379.70 0.45
E 17 50 0.025356 0.006202 364.67 1.21
E 17 51 0.027682 0.007481 395.93 1.80
E 17 52 0.024938 0.008050 403.36 13.75
E 17 53 0.023808 0.002601 349.37 0.32
E 17 58 0.024522 0.006106 381.10 49.14
E 17 59 0.025862 0.006879 424.04 69.78
E 17 60 0.025983 0.007341 409.72 224.93
E 17 64 0.025275 0.005922 360.11 102.00
E 17 66 0.025205 0.007889 382.51 8.39
E 17 69 0.024998 0.006513 379.42 0.00
E 18 20 0.024231 0.003473 386.95 5.13
E 18 22 0.027583 0.004427 371.94 0.00
E 18 25 0.019091 0.002873 319.94 244.31
E 18 26 0.022350 0.004124 333.99 39.36
E 18 27 0.019246 0.002682 294.55 1096.13
E 18 29 0.019073 0.002660 299.10 87.30
E 18 30 0.023919 0.003473 365.67 82.74
E 18 33 0.019322 0.002960 288.15 166.44
E 18 35 0.021248 0.003158 321.97 0.00
E 18 39 0.023920 0.003473 383.94 12.28
E 18 42 0.024377 0.003653 334.04 0.77
E 18 43 0.018945 0.004730 293.12 1.19
E 18 45 0.022660 0.004506 386.48 2.50
E 18 46 0.024377 0.003653 383.93 0.40
E 18 48 0.026722 0.004209 381.65 0.11
E 18 49 0.018881 0.002471 315.16 10.70
E 18 51 0.029971 0.006671 509.48 5.62
E 18 52 0.025643 0.003659 399.86 5.37
E 18 54 0.023286 0.003298 421.45 1.67
E 18 55 0.019069 0.002549 305.81 1.18
E 18 56 0.018880 0.002471 304.90 0.00
E 18 57 0.024890 0.005001 382.84 3.50
E 18 59 0.027293 0.005242 384.68 6.68
E 18 60 0.028237 0.005967 459.29 7.32
E 18 61 0.027991 0.004709 397.68 2.83
E 18 63 0.019141 0.004896 298.52 2.72
E 18 65 0.026916 0.007155 371.79 2.62
E 18 66 0.032314 0.006848 459.04 1.81
E 18 67 0.021297 0.004308 359.74 3.40
E 19 20 0.022430 0.001422 351.57 4.45
E 19 39 0.021134 0.000697 328.34 10.17
E 19 42 0.020040 0.000354 311.13 0.74
E 19 45 0.022395 0.000170 570.68 4.40
E 19 46 0.020070 0.000759 320.90 0.06
E 19 48 0.024390 0.002966 391.04 0.10
E 19 51 0.029595 0.007617 473.53 12.34
E 19 52 0.025744 0.003170 370.13 2.40
E 19 54 0.022001 0.000881 363.86 3.75
E 19 57 0.023861 0.004410 352.59 3.47
E 19 59 0.027858 0.004896 428.94 5.92
E 19 60 0.025667 0.004794 363.66 6.64
E 19 61 0.024743 0.003791 388.96 2.77
E 19 65 0.025881 0.007014 397.01 2.93
E 19 66 0.026847 0.005998 404.47 1.77
E 20 22 0.025172 0.003094 367.36 4.40
E 20 23 0.022430 0.001649 356.48 4.49
E 20 24 0.022410 0.002292 322.61 5.95
E 20 30 0.022593 0.001696 341.77 4.38
E 20 34 0.024428 0.004927 389.87 2.53
E 20 37 0.026381 0.004346 404.76 5.69
E 20 41 0.025940 0.004236 400.89 5.62
E 20 42 0.022410 0.001475 339.59 3.91
E 20 45 0.028218 0.005653 422.27 0.65
E 20 46 0.022423 0.001443 358.23 4.48
E 20 48 0.024382 0.002956 380.21 0.10
E 20 51 0.026932 0.005828 391.38 5.64
E 20 54 0.022428 0.001499 355.77 0.78
E 20 59 0.026164 0.005023 384.96 0.00
E 20 60 0.025375 0.004682 374.16 2.44
E 20 61 0.024777 0.003854 387.41 0.85
E 20 65 0.025600 0.005780 372.34 0.38
E 20 66 0.026990 0.006100 406.14 307.65
E 20 68 0.022384 0.001366 369.58 4.51
E 21 36 0.022644 0.003755 384.70 0.53
E 21 40 0.017658 0.005088 281.94 9.35
E 21 47 0.020153 0.004711 323.68 1.30
E 21 50 0.022174 0.004533 341.45 0.14
E 21 51 0.029531 0.006367 417.45 5.75
E 21 53 0.015001 0.001828 249.35 5.23
E 21 58 0.020386 0.004768 326.94 40.02
E 21 64 0.024361 0.004926 387.90 3.33
E 21 69 0.020185 0.003856 302.12 1.70
E 21 70 0.019042 0.002912 324.42 2.71
E 22 24 0.023736 0.002097 380.45 558.50
E 22 29 0.026080 0.001881 411.56 28.98
E 22 30 0.025173 0.003094 387.65 2649.33
E 22 33 0.026080 0.005145 373.75 47.46
E 22 36 0.025225 0.007123 409.49 0.38
E 22 39 0.024920 0.003205 395.44 12.80
E 22 42 0.023583 0.000226 366.55 0.69
E 22 44 0.025224 0.004558 366.09 0.00
E 22 45 0.026718 0.005132 378.14 3.87
E 22 46 0.025447 0.001866 357.81 0.49
E 22 48 0.025172 0.003096 383.06 0.07
E 22 50 0.024890 0.003856 408.43 0.01
E 22 51 0.028075 0.005265 412.59 3.33
E 22 52 0.025411 0.003494 400.18 0.20
E 22 54 0.025305 0.003226 380.73 5.85
E 22 57 0.025235 0.003613 369.23 3.98
E 22 59 0.025984 0.004884 399.37 2.53
E 22 60 0.025639 0.004939 384.70 19.57
E 22 61 0.025173 0.004166 430.93 3.36
E 22 64 0.024954 0.004187 377.70 5.50
E 22 65 0.025235 0.005658 408.73 1.12
E 22 66 0.026423 0.005369 414.44 1.76
E 23 39 0.021360 0.001596 357.23 10.09
E 23 42 0.020237 0.000980 320.53 0.73
E 23 45 0.004226 0.000032 412.00 4.42
E 23 46 0.020237 0.000980 331.86 0.06
E 23 48 0.024360 0.003006 387.47 0.10
E 23 51 0.029397 0.005815 404.98 10.73
E 23 52 0.025168 0.003094 398.38 2.42
E 23 54 0.022170 0.001747 352.79 3.73
E 23 57 0.023800 0.004245 362.02 3.49
E 23 59 0.027501 0.004127 400.55 5.96
E 23 60 0.025667 0.004794 402.60 6.53
E 23 61 0.024709 0.003957 380.39 2.78
E 23 65 0.025882 0.007014 408.19 2.94
E 23 66 0.026847 0.005998 368.69 1.80
E 24 30 0.022410 0.002292 370.80 0.00
E 24 32 0.030025 0.007430 386.08 1.07
E 24 34 0.024130 0.004762 366.01 161.82
E 24 36 0.031523 0.008201 409.50 1.55
E 24 38 0.029148 0.007604 366.05 14.33
E 24 39 0.022358 0.002216 350.37 14.86
E 24 40 0.030559 0.007337 456.17 8.32
E 24 42 0.021340 0.001178 317.19 0.65
E 24 46 0.021334 0.001211 341.33 0.32
E 24 47 0.028120 0.006419 403.32 2.40
E 24 48 0.024644 0.004564 374.02 0.07
E 24 50 0.031473 0.008962 455.38 0.03
E 24 51 0.027726 0.006205 428.17 3.30
E 24 54 0.021575 0.002742 340.44 6.14
E 24 58 0.032174 0.005032 435.19 69.57
E 24 59 0.025962 0.004848 393.97 2.79
E 24 60 0.025778 0.005003 419.61 19.02
E 24 61 0.024929 0.004041 358.29 3.08
E 24 64 0.031094 0.008514 446.17 4.90
E 24 65 0.024321 0.003790 354.76 1.32
E 24 66 0.025778 0.004873 394.87 0.91
E 24 69 0.031347 0.010704 502.45 0.74
E 25 26 0.021466 0.003430 368.02 1.03
E 25 27 0.019257 0.002226 290.98 304.54
E 25 28 0.020875 0.002870 332.29 8.23
E 25 29 0.019951 0.002663 328.16 252.63
E 25 31 0.022106 0.004247 371.26 231.07
E 25 33 0.020954 0.003203 335.71 206.07
E 25 35 0.019434 0.002569 292.12 255.22
E 25 43 0.019913 0.005263 319.28 0.79
E 25 45 0.022581 0.005279 370.32 0.49
E 25 49 0.019830 0.002758 306.74 85.03
E 25 55 0.019219 0.002148 309.14 4.64
E 25 56 0.019444 0.002353 322.61 337.48
E 25 62 0.022106 0.004247 342.10 0.72
E 25 63 0.019627 0.005999 310.11 5.38
E 25 67 0.022124 0.004947 356.79 13.65
E 26 27 0.022630 0.004453 352.79 1.87
E 26 28 0.021636 0.003442 347.58 2.18
E 26 29 0.021676 0.003616 322.78 1.06
E 26 31 0.020504 0.003646 289.26 6.87
E 26 33 0.021566 0.003624 339.50 1.06
E 26 35 0.021920 0.004316 355.58 1.50
E 26 43 0.022737 0.004218 391.20 0.98
E 26 44 0.021446 0.001255 424.31 2.87
E 26 45 0.021174 0.005082 340.07 8.83
E 26 49 0.021862 0.003611 333.82 2.03
E 26 55 0.022225 0.003709 326.30 35.35
E 26 56 0.022242 0.003936 349.26 1.52
E 26 62 0.021444 0.003171 332.48 8.49
E 26 63 0.022226 0.005159 316.99 0.66
E 26 67 0.022238 0.004994 351.11 0.51
E 27 28 0.020729 0.002902 342.92 18.66
E 27 29 0.018539 0.001013 304.07 85.08
E 27 33 0.021169 0.003547 331.96 0.66
E 27 35 0.018876 0.001951 298.31 2020.26
E 27 43 0.018684 0.003465 303.38 1.50
E 27 49 0.017746 0.000981 271.35 1.50
E 27 55 0.017014 0.000651 277.51 0.98
E 27 56 0.017010 0.000657 272.94 573.71
E 27 63 0.019123 0.005859 291.59 2.27
E 27 67 0.022444 0.004963 346.11 3.47
E 28 29 0.020970 0.002881 319.32 14.68
E 28 31 0.021254 0.004018 334.83 5.50
E 28 33 0.021119 0.003486 342.02 18.26
E 28 35 0.020649 0.002662 316.43 16.80
E 28 36 0.021839 0.002762 275.95 0.14
E 28 43 0.020819 0.004918 340.35 3.00
E 28 44 0.022122 0.001774 315.59 0.62
E 28 45 0.021757 0.005851 363.12 0.90
E 28 49 0.020821 0.002888 336.70 1.66
E 28 55 0.021777 0.003307 346.22 3.21
E 28 56 0.021543 0.003091 286.36 17.93
E 28 62 0.021208 0.002976 328.09 1.11
E 28 63 0.021804 0.004991 339.00 3.04
E 28 67 0.022416 0.004766 339.81 3.22
E 29 33 0.021031 0.003376 341.20 0.00
E 29 35 0.018432 0.001411 282.67 47.06
E 29 43 0.019003 0.004070 315.28 3.31
E 29 45 0.022285 0.005628 349.18 4.28
E 29 49 0.018213 0.000725 304.03 1.33
E 29 52 0.025053 0.002120 345.62 5.34
E 29 55 0.018191 0.001007 295.53 1.64
E 29 56 0.018334 0.000844 273.50 32.40
E 29 62 0.010757 0.000192 996.00 31.45
E 29 63 0.019221 0.005266 328.79 2.63
E 29 67 0.022259 0.004842 349.20 3.08
E 30 34 0.022800 0.004698 376.73 182.08
E 30 37 0.026381 0.004346 426.11 0.00
E 30 39 0.021694 0.000727 339.75 10.55
E 30 42 0.021692 0.000605 359.59 0.44
E 30 45 0.022508 0.000226 447.47 4.09
E 30 46 0.021743 0.001038 348.08 0.15
E 30 48 0.024345 0.002918 377.48 0.07
E 30 51 0.026932 0.005828 375.19 3.74
E 30 52 0.025133 0.003588 378.19 1.10
E 30 54 0.021990 0.000889 355.37 1.52
E 30 57 0.023628 0.004114 350.97 2.68
E 30 59 0.026265 0.005116 369.64 2.66
E 30 60 0.025375 0.004682 381.84 16.20
E 30 61 0.024777 0.003854 388.16 2.61
E 30 65 0.025246 0.005597 397.22 1.31
E 30 66 0.026990 0.006100 385.33 1.66
E 31 36 0.024777 0.007418 393.06 0.27
E 31 45 0.021057 0.004869 346.91 1.02
E 31 62 0.017676 0.004593 279.28 16.12
E 32 34 0.022604 0.005177 353.02 0.11
E 32 37 0.025750 0.005088 339.07 0.34
E 32 38 0.016800 0.004165 265.64 5.57
E 32 40 0.017800 0.004511 283.27 2.23
E 32 41 0.030100 0.007217 453.34 0.64
E 32 47 0.018338 0.005206 284.43 0.35
E 32 53 0.015480 0.003277 222.05 7.46
E 32 59 0.026636 0.000000 410.19 2.69
E 32 61 0.024412 0.002638 390.13 2.83
E 32 64 0.022905 0.002431 355.74 5.47
E 33 35 0.021115 0.003421 329.36 17.23
E 33 43 0.021064 0.004264 336.35 4.06
E 33 45 0.021480 0.005310 335.33 3.82
E 33 49 0.020966 0.003233 315.56 0.94
E 33 52 0.025678 0.005578 399.47 3.32
E 33 55 0.020869 0.002952 307.81 2.02
E 33 56 0.021006 0.003285 340.63 7.55
E 33 62 0.008803 0.001536 868.00 35.78
E 33 63 0.019910 0.006077 313.65 2.49
E 33 67 0.022038 0.004634 354.35 1.24
E 34 37 0.020760 0.005928 304.02 244.88
E 34 38 0.023194 0.001502 371.07 3.62
E 34 39 0.022451 0.005665 349.64 7.81
E 34 40 0.021124 0.001211 334.33 9.86
E 34 42 0.024279 0.006225 370.15 0.72
E 34 46 0.024279 0.006225 374.71 0.44
E 34 47 0.018773 0.005193 277.91 1.10
E 34 48 0.026896 0.004946 373.19 0.12
E 34 52 0.002193 0.000000 216.00 0.03
E 34 54 0.024444 0.004101 367.51 4.50
E 34 57 0.028246 0.006360 449.69 4.00
E 34 59 0.027869 0.004240 471.72 2.58
E 34 60 0.029619 0.007666 415.68 16.54
E 34 61 0.024553 0.005848 383.17 2.25
E 34 65 0.002001 0.000000 192.00 0.82
E 34 66 0.031591 0.008845 424.76 0.79
E 35 43 0.019086 0.004317 299.44 2.37
E 35 45 0.023752 0.004579 550.56 6.70
E 35 49 0.018785 0.002086 300.80 1.44
E 35 52 0.023752 0.004579 413.27 3.16
E 35 54 0.022188 0.001727 369.55 215.02
E 35 55 0.018878 0.001951 302.34 1.79
E 35 56 0.018910 0.001994 290.19 0.00
E 35 57 0.023886 0.003910 340.33 4.46
E 35 63 0.019260 0.006140 315.33 2.50
E 35 65 0.026099 0.007349 381.93 2.69
E 35 67 0.022323 0.005082 342.40 2.26
E 36 37 0.025786 0.004240 538.05 0.30
E 36 41 0.025228 0.006477 401.30 0.38
E 36 44 0.024001 0.006154 346.12 0.39
E 36 45 0.024322 0.006683 362.84 17.42
E 36 48 0.025788 0.003788 429.43 1.26
E 36 50 0.023756 0.005391 365.72 0.44
E 36 51 0.027642 0.006858 427.28 0.17
E 36 58 0.023894 0.005766 365.67 1.36
E 36 59 0.026251 0.006602 383.98 1.23
E 36 60 0.030536 0.005936 631.51 20.78
E 36 64 0.023780 0.005578 387.18 3.00
E 36 66 0.030706 0.005427 380.84 3.64
E 36 69 0.023842 0.005670 352.79 1.78
E 36 70 0.022647 0.003201 345.57 1.78
E 37 38 0.027293 0.005699 442.36 10.40
E 37 39 0.002193 0.000000 216.00 7.74
E 37 40 0.027074 0.005029 384.74 8.65
E 37 42 0.026151 0.004216 390.21 0.64
E 37 46 0.027930 0.004718 426.18 0.27
E 37 47 0.021193 0.005114 343.14 2.62
E 37 48 0.026972 0.004160 406.36 0.07
E 37 50 0.028264 0.010922 522.18 0.01
E 37 51 0.030559 0.007777 423.03 3.61
E 37 54 0.025473 0.003150 392.23 5.96
E 37 57 0.006546 0.000032 644.00 2.95
E 37 58 0.023244 0.005088 309.52 77.48
E 37 59 0.027161 0.004778 429.62 2.82
E 37 60 0.030116 0.007982 405.10 18.81
E 37 61 0.024862 0.004662 366.98 2.92
E 37 64 0.026493 0.005558 390.58 5.20
E 37 66 0.031592 0.008845 448.52 1.00
E 38 40 0.017769 0.004557 297.24 2.64
E 38 41 0.029091 0.008056 434.74 14.40
E 38 47 0.020605 0.004988 317.03 5.49
E 38 58 0.020385 0.003004 288.67 18.93
E 38 59 0.005026 0.000000 512.00 4.43
E 38 61 0.026126 0.003053 424.56 6.03
E 38 64 0.022498 0.003595 337.57 13.15
E 39 41 0.024667 0.003334 386.49 7.75
E 39 42 0.021176 0.000969 331.90 10.90
E 39 46 0.021221 0.000997 333.43 10.41
E 39 48 0.024189 0.002615 386.00 3.55
E 39 51 0.025943 0.005616 400.59 0.54
E 39 52 0.025129 0.003855 384.97 1.15
E 39 54 0.021979 0.000912 346.18 1.53
E 39 57 0.023697 0.004182 366.10 0.35
E 39 59 0.025607 0.005286 374.54 0.20
E 39 60 0.025214 0.004569 387.63 1.35
E 39 61 0.024619 0.003706 374.56 1.31
E 39 65 0.024987 0.005225 393.94 47.76
E 39 66 0.026491 0.005561 391.73 54.99
E 39 68 0.022143 0.001229 344.30 0.73
E 40 41 0.029588 0.007438 492.62 8.64
E 40 47 0.018416 0.005258 294.90 6.72
E 40 48 0.027404 0.002097 384.58 2.62
E 40 50 0.020598 0.001696 321.04 25.61
E 40 53 0.017604 0.004878 285.74 3.11
E 40 58 0.021037 0.004494 381.51 0.82
E 40 59 0.026633 0.001314 439.62 1.65
E 40 60 0.034232 0.009701 525.29 3.08
E 40 61 0.023074 0.001211 303.18 6.48
E 40 64 0.023821 0.003691 342.17 1.14
E 40 66 0.009716 0.000800 924.00 3.17
E 41 42 0.029213 0.008277 397.09 1.91
E 41 46 0.029213 0.008276 392.06 0.15
E 41 47 0.030100 0.007217 405.10 0.25
E 41 48 0.026364 0.004636 386.72 0.09
E 41 50 0.025419 0.004735 421.66 0.02
E 41 51 0.027632 0.006459 422.06 10.15
E 41 52 0.025239 0.004214 376.34 0.01
E 41 54 0.024948 0.004089 391.17 5.86
E 41 57 0.025219 0.004109 373.18 2.83
E 41 58 0.028246 0.005851 403.50 77.65
E 41 59 0.026301 0.005245 420.81 3.03
E 41 60 0.026278 0.004821 423.08 17.65
E 41 61 0.026437 0.004342 395.82 2.88
E 41 64 0.025977 0.004807 371.95 4.92
E 41 65 0.025154 0.005807 362.00 0.95
E 41 66 0.026591 0.005621 405.33 1.05
E 42 45 0.022396 0.000170 292.05 0.61
E 42 46 0.019309 0.000769 297.32 0.39
E 42 48 0.024565 0.003039 355.96 0.70
E 42 52 0.024104 0.002097 398.13 2.11
E 42 54 0.022111 0.001048 330.38 2.07
E 42 57 0.023802 0.004245 381.55 1.03
E 42 59 0.027701 0.002375 432.02 5.81
E 42 60 0.025668 0.004794 400.77 1.34
E 42 61 0.024729 0.004021 368.09 1.65
E 42 65 0.025950 0.006722 401.29 5.75
E 42 66 0.026743 0.005881 378.59 1.67
E 42 68 0.022182 0.001244 351.10 0.04
E 43 49 0.018912 0.003821 304.57 5.73
E 43 55 0.018761 0.003747 308.86 0.20
E 43 56 0.018934 0.003780 284.23 1.32
E 43 63 0.019521 0.005693 314.53 8.98
E 43 67 0.022398 0.004888 376.40 1.80
E 44 45 0.022906 0.004387 373.87 3.99
E 44 48 0.027943 0.004749 483.88 0.14
E 44 50 0.023100 0.004576 358.58 0.06
E 44 51 0.028146 0.006071 431.18 3.15
E 44 52 0.025060 0.004417 384.51 0.10
E 44 58 0.023064 0.004481 351.40 80.12
E 44 59 0.026126 0.005749 416.90 2.52
E 44 60 0.025617 0.002374 423.79 17.26
E 44 64 0.023062 0.004733 360.47 3.20
E 44 69 0.023101 0.004532 370.61 3.70
E 44 70 0.023186 0.004894 352.90 5.81
E 45 46 0.004226 0.000032 412.00 5.05
E 45 48 0.027941 0.002859 395.40 3.60
E 45 49 0.009236 0.000800 864.00 22.08
E 45 51 0.031014 0.005653 430.36 6.14
E 45 52 0.024975 0.005250 366.70 0.34
E 45 54 0.022395 0.000170 362.38 0.35
E 45 57 0.025353 0.006030 362.51 0.84
E 45 58 0.002097 0.000000 204.00 0.70
E 45 59 0.027568 0.003392 384.81 12.40
E 45 60 0.033010 0.014721 412.57 9.45
E 45 64 0.004225 0.000032 412.00 5.66
E 45 65 0.024938 0.005936 366.89 0.46
E 45 66 0.004225 0.000032 412.00 0.48
E 45 67 0.021356 0.005185 342.49 0.70
E 45 68 0.022396 0.000170 374.73 0.78
E 46 48 0.024565 0.003039 377.51 0.10
E 46 52 0.024702 0.003157 371.66 16.24
E 46 54 0.022108 0.001111 324.50 0.87
E 46 57 0.023591 0.003847 367.31 4.49
E 46 59 0.026935 0.002487 451.51 6.86
E 46 60 0.025668 0.004794 376.25 5.12
E 46 61 0.024699 0.003968 381.75 2.27
E 46 65 0.025949 0.006722 402.33 2.37
E 46 66 0.026817 0.005900 431.85 1.03
E 46 68 0.022185 0.001259 354.29 0.06
E 47 59 0.026636 0.001781 431.36 2.59
E 47 61 0.024168 0.002471 344.33 3.23
E 48 51 0.027931 0.006961 412.92 1.61
E 48 52 0.025202 0.003704 394.80 80.56
E 48 54 0.024476 0.003032 399.65 0.77
E 48 57 0.024432 0.004225 372.83 2.84
E 48 58 0.029010 0.005088 431.74 22.69
E 48 59 0.026258 0.005040 404.27 1.72
E 48 60 0.025406 0.004947 370.94 21.63
E 48 61 0.024605 0.003533 385.16 14.17
E 48 64 0.027549 0.004652 361.03 6.16
E 48 65 0.024986 0.005225 439.53 0.87
E 48 66 0.026688 0.005784 402.29 1.07
E 48 68 0.024334 0.002956 392.10 0.10
E 49 55 0.017667 0.000807 295.29 2.10
E 49 56 0.017640 0.000772 290.99 1.38
E 49 62 0.020454 0.002337 407.71 30.93
E 49 63 0.019737 0.006014 300.52 2.52
E 49 67 0.022337 0.004754 338.48 18.63
E 50 51 0.027948 0.006039 377.02 3.24
E 50 58 0.021406 0.003848 330.78 38.28
E 50 59 0.025982 0.006016 388.91 2.73
E 50 64 0.022800 0.004482 354.63 3.83
E 50 69 0.021295 0.003780 343.65 1.23
E 50 70 0.021413 0.003848 349.52 0.69
E 51 52 0.028064 0.005993 407.61 0.60
E 51 54 0.027006 0.005332 417.97 4.21
E 51 57 0.026809 0.005449 381.12 3.55
E 51 58 0.029094 0.006756 445.34 0.57
E 51 59 0.027938 0.006879 424.17 4.26
E 51 60 0.027997 0.006368 459.34 5.23
E 51 61 0.026932 0.005828 392.76 9.47
E 51 64 0.027779 0.006196 440.20 4.03
E 51 65 0.026810 0.005449 375.86 5.56
E 51 66 0.028100 0.006555 398.47 5.48
E 51 68 0.026740 0.005957 406.23 11.74
E 51 69 0.029664 0.006716 411.29 8.75
E 52 54 0.025174 0.003463 404.16 4.42
E 52 57 0.025173 0.004760 369.92 1.06
E 52 59 0.026340 0.005459 406.04 35.89
E 52 60 0.025599 0.004886 386.14 0.48
E 52 61 0.025339 0.004653 392.80 0.87
E 52 65 0.025676 0.006090 382.18 4.20
E 52 66 0.026251 0.004503 382.94 4.00
E 52 68 0.025134 0.003588 369.69 28.35
E 53 58 0.017732 0.001272 208.44 2.30
E 54 57 0.023687 0.003985 383.10 0.40
E 54 59 0.026165 0.005023 394.83 1.18
E 54 60 0.025580 0.004569 364.04 0.76
E 54 61 0.024810 0.003876 402.78 0.40
E 54 65 0.025679 0.006681 394.35 2.66
E 54 66 0.026704 0.005926 398.25 2.29
E 54 68 0.022078 0.001032 359.74 1.36
E 55 56 0.016154 0.000349 267.29 1.00
E 55 63 0.019425 0.005812 311.89 3.33
E 55 67 0.022445 0.004963 337.42 3.87
E 56 63 0.019399 0.005676 295.42 2.11
E 56 67 0.022351 0.004825 340.67 4.13
E 57 59 0.026227 0.005246 395.94 0.41
E 57 60 0.025344 0.004288 385.22 0.31
E 57 61 0.024811 0.004225 375.87 0.14
E 57 65 0.025842 0.007157 403.98 0.77
E 57 66 0.026384 0.004798 405.36 1.21
E 57 68 0.023698 0.004251 382.94 1.21
E 58 59 0.026636 0.005088 610.83 1.78
E 58 60 0.025617 0.005088 527.01 0.21
E 58 64 0.022488 0.004169 351.08 0.17
E 59 60 0.026264 0.005116 411.92 6.82
E 59 61 0.026096 0.004961 393.89 5.05
E 59 64 0.025897 0.004823 400.79 89.65
E 59 65 0.026155 0.005132 402.69 249.79
E 59 66 0.026550 0.005536 425.04 88.38
E 59 68 0.026096 0.004961 395.44 9.67
E 60 61 0.025442 0.004391 381.00 0.28
E 60 64 0.034231 0.009702 454.48 0.11
E 60 65 0.025218 0.005225 391.64 0.17
E 60 66 0.027013 0.006584 398.04 0.17
E 60 68 0.025439 0.004755 400.70 3.12
E 61 65 0.025054 0.005339 387.33 0.07
E 61 66 0.026929 0.006179 398.61 0.07
E 61 68 0.024678 0.003896 381.86 0.44
E 62 67 0.022972 0.003596 324.57 0.34
E 63 67 0.022445 0.006607 351.19 0.23
E 64 66 0.005089 0.001088 520.00 0.09
E 64 69 0.022802 0.004507 364.90 0.28
E 64 70 0.022203 0.003802 350.79 0.89
E 65 66 0.026568 0.005448 410.23 0.91
E 65 68 0.024986 0.005225 400.94 3.08
E 66 68 0.026896 0.006078 405.62 1.20
E 69 70 0.017856 0.002352 286.65 133.46
END

SECTION Terminals
Root 26
Terminals 42
T 28
T 8
T 10
T 68
T 57
T 12
T 52
T 13
T 60
T 33
T 65
T 62
T 32
T 25
T 40
T 30
T 11
T 45
T 2
T 21
T 37
T 70
T 36
T 5
T 50
T 47
T 56
T 66
T 34
T 41
T 16
T 53
T 24
T 63
T 9
T 59
T 44
T 43
T 55
T 6
T 46
T 18
END

EOF