SECTION Comment
CREATOR "Carlos Araujo"
REMARK "Instance for QoS Multicast Routing Problem"
QoS METRICS "delay, jitter, bandwidth and estimate of link duration"
END

SECTION Graph
Nodes 20
Edges 63

E 1 2 0.024684 0.004820 361.13 1.40
E 1 3 0.001050 0.000000 48.00 1.61
E 1 5 0.020275 0.000170 321.05 3.92
E 1 6 0.026567 0.006309 410.04 6.03
E 1 7 0.024722 0.005187 433.56 8.96
E 1 8 0.028557 0.007462 534.52 5.11
E 1 9 0.008866 0.002784 876.00 5.03
E 1 10 0.027701 0.006493 434.64 0.73
E 1 11 0.001051 0.000000 48.00 1.64
E 1 13 0.001051 0.000000 48.00 0.46
E 1 17 0.024948 0.007042 388.49 0.12
E 1 20 0.024377 0.005029 365.46 1.62
E 2 6 0.021610 0.001447 346.96 0.11
E 2 7 0.022900 0.001755 347.86 1.34
E 2 9 0.023498 0.007378 505.00 36.21
E 2 19 0.021615 0.001515 349.48 5.49
E 2 20 0.021615 0.001447 329.75 4.46
E 3 4 0.017409 0.003888 290.41 3.77
E 3 5 0.016860 0.001187 243.94 1.06
E 3 13 0.019279 0.004817 330.47 246.64
E 3 15 0.024600 0.004410 447.94 92.74
E 4 11 0.019129 0.005929 335.15 3.12
E 5 8 0.019490 0.002167 298.04 7.32
E 5 9 0.022901 0.006037 307.78 63.12
E 5 10 0.020138 0.003229 320.12 21.82
E 5 13 0.018973 0.004949 305.90 159.69
E 5 15 0.022904 0.002781 358.77 29.00
E 5 17 0.025052 0.008616 397.60 11.59
E 6 7 0.023555 0.001131 314.82 0.53
E 6 9 0.024374 0.009385 356.28 55.05
E 6 19 0.019204 0.000330 327.04 10.74
E 6 20 0.021078 0.000571 344.27 0.21
E 7 8 0.024940 0.002714 507.04 0.66
E 7 9 0.024713 0.007378 345.95 2.98
E 7 10 0.024714 0.002205 361.68 1.94
E 7 17 0.024829 0.007659 378.83 31.89
E 7 19 0.023721 0.000961 332.58 6.61
E 7 20 0.022868 0.001835 374.79 2.20
E 8 9 0.023496 0.007378 357.82 2.66
E 8 10 0.020367 0.003092 302.25 0.57
E 8 12 0.006610 0.000896 652.00 0.96
E 8 13 0.021150 0.004885 275.13 1.77
E 8 14 0.018871 0.006407 311.65 13.83
E 8 17 0.024936 0.007476 408.11 14.17
E 8 20 0.027654 0.000000 605.85 0.00
E 9 10 0.023977 0.007378 372.04 0.53
E 9 13 0.020378 0.005573 309.97 0.79
E 9 15 0.022807 0.004762 352.29 2.19
E 9 18 0.020376 0.003969 342.46 1.69
E 10 12 0.020246 0.002615 327.30 1.12
E 10 13 0.024599 0.004885 437.46 0.12
E 10 14 0.021293 0.006841 403.71 0.46
E 10 17 0.024936 0.007476 364.60 0.42
E 10 20 0.023922 0.003731 518.40 0.00
E 11 13 0.019077 0.005220 362.61 256.57
E 12 14 0.021143 0.006823 335.38 0.64
E 12 17 0.027701 0.006699 472.91 2.13
E 13 15 0.022225 0.004675 325.60 0.27
E 14 17 0.026847 0.006699 503.45 0.18
E 15 16 0.023105 0.002647 379.99 0.09
E 15 18 0.022941 0.004661 384.76 0.20
E 16 18 0.020327 0.002205 339.71 0.05
E 19 20 0.021067 0.000587 369.36 0.99
END

SECTION Terminals
Root 10
Terminals 12
T 12
T 9
T 15
T 2
T 4
T 7
T 11
T 14
T 20
T 1
T 16
T 5
END

EOF