SECTION Comment
CREATOR "Carlos Araujo"
REMARK "Instance for QoS Multicast Routing Problem"
QoS METRICS "delay, jitter, bandwidth and estimate of link duration"
END

SECTION Graph
Nodes 90
Edges 1151

E 1 2 0.023880 0.005653 350.42 0.03
E 1 5 0.023432 0.005497 381.74 55.22
E 1 6 0.020732 0.004093 307.86 62.09
E 1 10 0.022969 0.005358 364.49 195.73
E 1 11 0.022861 0.004780 339.76 28.19
E 1 12 0.022969 0.005358 358.86 29.73
E 1 13 0.023454 0.005554 402.17 42.80
E 1 14 0.023623 0.005847 374.29 17.56
E 1 17 0.022935 0.005040 336.24 11.46
E 1 18 0.019767 0.000254 308.15 1.16
E 1 23 0.021990 0.004297 348.52 118.88
E 1 25 0.021417 0.004589 343.42 59.35
E 1 28 0.021075 0.003156 358.22 0.32
E 1 32 0.019767 0.001793 318.38 0.05
E 1 34 0.022225 0.005674 373.66 42.67
E 1 40 0.023976 0.006765 393.55 1.14
E 1 43 0.022889 0.005165 343.41 4.82
E 1 45 0.022838 0.004648 368.84 244.43
E 1 49 0.022642 0.004764 363.63 24.58
E 1 51 0.021123 0.002601 370.41 39.17
E 1 52 0.020266 0.003166 361.85 42.54
E 1 56 0.023003 0.005020 342.41 2.20
E 1 57 0.022747 0.005227 363.39 6.30
E 1 58 0.022720 0.004574 360.87 43.29
E 1 61 0.023383 0.005191 344.27 0.02
E 1 64 0.022751 0.004592 377.75 24.09
E 1 67 0.022752 0.005044 364.53 0.42
E 1 71 0.023936 0.006170 337.61 0.25
E 1 73 0.020017 0.000920 369.32 0.00
E 1 77 0.022892 0.004926 358.49 22.10
E 1 78 0.022694 0.004488 363.49 73.41
E 1 79 0.022984 0.005146 356.48 44.02
E 1 83 0.022701 0.004857 325.00 4.42
E 1 85 0.023147 0.005235 358.00 243.71
E 1 86 0.021686 0.004210 346.89 39.72
E 2 3 0.020528 0.002810 325.70 1.46
E 2 5 0.021755 0.004097 369.76 54.93
E 2 7 0.020953 0.002650 304.89 25.73
E 2 9 0.020868 0.003166 334.45 25.93
E 2 10 0.021940 0.004924 331.65 38.87
E 2 11 0.024869 0.006581 357.44 8.34
E 2 12 0.023529 0.005239 379.59 7.04
E 2 14 0.022411 0.005716 381.79 6.93
E 2 18 0.018908 0.001237 294.33 19.10
E 2 20 0.023242 0.006136 382.00 30.79
E 2 25 0.019794 0.003907 329.89 9.48
E 2 32 0.020249 0.003010 307.64 5.15
E 2 38 0.007139 0.000224 660.00 220.12
E 2 41 0.020865 0.001865 332.86 0.65
E 2 42 0.022381 0.006942 360.58 0.10
E 2 43 0.021413 0.004101 341.88 8.46
E 2 45 0.021058 0.005360 318.90 0.00
E 2 47 0.019308 0.001153 310.09 0.73
E 2 49 0.022473 0.005114 359.20 6.29
E 2 50 0.020394 0.001289 331.19 232.37
E 2 53 0.018697 0.001922 306.67 94.41
E 2 54 0.023635 0.005936 360.60 20.37
E 2 56 0.022957 0.006596 358.41 0.90
E 2 57 0.021863 0.004849 336.06 3.09
E 2 58 0.020327 0.003093 308.38 32.26
E 2 59 0.014442 0.002337 238.02 0.07
E 2 61 0.021662 0.004579 366.23 0.11
E 2 63 0.018561 0.001469 215.95 13.86
E 2 64 0.020977 0.004070 317.83 255.77
E 2 67 0.022746 0.005030 363.78 0.03
E 2 68 0.018453 0.001800 282.89 24.58
E 2 69 0.019427 0.001866 371.46 26.39
E 2 72 0.021337 0.004175 416.92 0.14
E 2 73 0.020100 0.002482 372.66 0.20
E 2 74 0.022103 0.004579 348.81 26.12
E 2 77 0.021745 0.004692 352.10 421.60
E 2 79 0.022037 0.005272 348.34 35.23
E 2 81 0.018024 0.001179 295.02 26.37
E 2 83 0.022457 0.005237 322.12 1.16
E 2 84 0.018453 0.002488 299.38 5.05
E 2 85 0.020651 0.004490 331.61 114.07
E 2 86 0.023388 0.007414 334.29 33.62
E 2 87 0.020997 0.004514 303.48 82.73
E 2 88 0.018156 0.000956 569.13 7.17
E 2 89 0.019059 0.000956 325.09 30.38
E 2 90 0.022622 0.004523 386.50 0.00
E 3 7 0.020761 0.003338 346.68 46.49
E 3 9 0.020469 0.003324 366.17 47.12
E 3 18 0.019355 0.004933 297.23 0.06
E 3 20 0.021536 0.004749 335.42 56.30
E 3 25 0.020527 0.004561 372.47 46.11
E 3 32 0.019818 0.004634 313.37 0.05
E 3 38 0.018203 0.004010 312.36 227.55
E 3 41 0.018215 0.004203 288.59 498.92
E 3 42 0.020930 0.004325 332.27 15.66
E 3 47 0.019161 0.004594 302.55 0.06
E 3 50 0.020320 0.003972 328.23 0.60
E 3 53 0.020866 0.003629 324.66 4.13
E 3 54 0.022067 0.004452 367.67 35.26
E 3 63 0.020251 0.003053 345.52 328.79
E 3 68 0.021008 0.003871 328.13 41.47
E 3 69 0.019120 0.004567 300.25 24.50
E 3 72 0.020576 0.004041 331.34 4.43
E 3 73 0.020976 0.003440 319.60 0.06
E 3 74 0.021034 0.004024 336.44 47.42
E 3 81 0.020400 0.002459 308.37 6.98
E 3 82 0.018203 0.004010 302.03 0.16
E 3 84 0.021008 0.003871 340.84 35.62
E 3 87 0.021296 0.004597 342.85 173.04
E 3 88 0.019824 0.004319 307.73 68.64
E 3 89 0.020472 0.004165 346.37 179.39
E 3 90 0.023583 0.004749 342.42 27.60
E 4 5 0.016687 0.001390 289.56 5.14
E 4 6 0.017508 0.001802 267.05 0.63
E 4 8 0.018180 0.001832 270.53 0.83
E 4 15 0.022526 0.006558 342.63 1.65
E 4 24 0.014781 0.000589 239.56 11.75
E 4 26 0.014780 0.001308 270.08 0.00
E 4 29 0.014781 0.000589 227.44 1.56
E 4 30 0.014780 0.001141 233.18 0.20
E 4 31 0.021183 0.005500 374.05 0.10
E 4 39 0.023753 0.002544 414.39 84.40
E 4 44 0.015950 0.001583 244.44 76.15
E 4 49 0.022568 0.005539 353.36 13.95
E 4 57 0.021020 0.004625 337.98 0.32
E 4 59 0.015778 0.002197 235.17 0.18
E 4 62 0.017786 0.002742 286.89 0.58
E 4 64 0.020787 0.003457 345.62 0.13
E 4 70 0.017137 0.003392 226.66 50.97
E 4 79 0.018706 0.001289 292.69 6.55
E 4 83 0.019616 0.003133 312.55 2.40
E 5 6 0.021600 0.003413 359.09 0.41
E 5 8 0.021941 0.003477 308.90 0.25
E 5 10 0.023640 0.003654 392.75 4.42
E 5 11 0.021496 0.002952 365.81 10.43
E 5 12 0.022849 0.004426 373.34 0.00
E 5 13 0.021449 0.002871 329.30 0.73
E 5 14 0.022778 0.003408 358.74 1.62
E 5 17 0.021332 0.002163 339.35 89.81
E 5 23 0.022565 0.006784 336.93 1.05
E 5 31 0.023775 0.005463 369.59 1.75
E 5 34 0.021572 0.004905 332.37 3.50
E 5 37 0.021558 0.003602 325.63 0.74
E 5 40 0.021739 0.005156 350.99 0.00
E 5 43 0.021598 0.003859 358.18 0.91
E 5 45 0.019280 0.002968 308.57 32.56
E 5 49 0.023352 0.006128 374.55 19.75
E 5 52 0.021320 0.003125 388.18 3.59
E 5 56 0.021560 0.004551 364.42 88.56
E 5 57 0.023389 0.004724 346.89 2.94
E 5 58 0.022597 0.002778 386.75 3.70
E 5 59 0.017524 0.006316 285.30 86.46
E 5 60 0.021655 0.002487 318.95 28.28
E 5 61 0.021715 0.004361 349.86 29.41
E 5 62 0.018831 0.003508 310.86 26.86
E 5 64 0.021039 0.003835 328.44 0.81
E 5 67 0.023382 0.005010 396.21 6.30
E 5 77 0.021082 0.002513 308.93 0.54
E 5 78 0.006290 0.000960 612.00 62.42
E 5 79 0.023144 0.004915 351.06 3.14
E 5 83 0.021296 0.003697 334.04 10.12
E 5 85 0.021256 0.003575 317.36 0.02
E 5 86 0.021504 0.002289 333.48 1.84
E 6 8 0.018579 0.003026 287.92 0.04
E 6 10 0.023745 0.003401 346.47 1.86
E 6 11 0.019146 0.003698 283.58 6.99
E 6 12 0.021859 0.004096 325.19 15.92
E 6 13 0.018861 0.002759 295.87 10.01
E 6 14 0.022421 0.003262 371.78 7.91
E 6 17 0.017641 0.001786 301.07 25.24
E 6 23 0.029349 0.002917 337.46 2.64
E 6 24 0.017367 0.002975 313.93 0.36
E 6 26 0.017397 0.002959 281.54 170.59
E 6 29 0.017367 0.002975 282.17 0.00
E 6 30 0.017398 0.002959 278.98 145.34
E 6 31 0.021563 0.005421 332.66 0.89
E 6 34 0.021105 0.004851 334.08 9.66
E 6 37 0.019463 0.003041 318.62 0.84
E 6 40 0.022138 0.005004 317.90 232.16
E 6 43 0.022955 0.004827 376.55 5.42
E 6 49 0.022599 0.006076 345.66 112.58
E 6 52 0.020407 0.002883 337.75 9.59
E 6 56 0.032401 0.001938 336.62 157.85
E 6 57 0.023487 0.005144 378.28 21.65
E 6 59 0.018067 0.002314 305.59 12.48
E 6 60 0.022516 0.003520 2176.00 3.23
E 6 61 0.022564 0.003128 531.86 80.25
E 6 62 0.020323 0.002596 301.90 42.56
E 6 64 0.019395 0.003634 299.63 0.02
E 6 67 0.020349 0.003075 320.16 64.02
E 6 70 0.017508 0.003250 265.39 2.99
E 6 71 0.011429 0.002432 1080.00 0.00
E 6 77 0.019625 0.003003 343.58 0.34
E 6 78 0.003586 0.000096 332.00 1.17
E 6 79 0.021622 0.003910 354.39 14.79
E 6 83 0.019767 0.003087 309.87 2.61
E 6 85 0.020662 0.003544 334.25 3.68
E 6 86 0.019512 0.002205 340.53 9.13
E 7 14 0.019103 0.004545 318.20 0.36
E 7 16 0.020818 0.004204 325.27 10.68
E 7 18 0.021099 0.003239 339.24 10.91
E 7 20 0.021825 0.004999 345.05 0.23
E 7 25 0.020650 0.003218 334.32 11.36
E 7 32 0.020690 0.003813 322.89 15.60
E 7 38 0.021080 0.003018 331.55 31.45
E 7 41 0.021245 0.002839 322.25 18.68
E 7 42 0.020688 0.003813 356.93 1.06
E 7 50 0.020711 0.003860 335.52 14.78
E 7 53 0.020732 0.003907 334.44 2.40
E 7 54 0.020772 0.004955 324.20 0.09
E 7 63 0.020829 0.004038 327.29 168.51
E 7 65 0.021407 0.004565 303.84 148.70
E 7 72 0.020688 0.003813 331.17 27.81
E 7 73 0.020921 0.004224 331.04 26.47
E 7 75 0.021265 0.003298 352.70 7.40
E 7 81 0.020956 0.004859 316.45 3.85
E 7 82 0.020779 0.003298 324.91 82.82
E 7 84 0.020514 0.004320 324.04 0.86
E 7 87 0.020928 0.004889 336.38 1.82
E 7 88 0.020896 0.003852 328.91 3.58
E 7 89 0.021199 0.004647 332.12 1.70
E 7 90 0.020910 0.004201 341.96 0.99
E 8 10 0.024923 0.004437 392.02 0.89
E 8 11 0.018676 0.002437 283.81 2.54
E 8 12 0.022657 0.004274 389.80 4.20
E 8 13 0.017765 0.001875 301.61 9.17
E 8 14 0.024543 0.003364 430.60 10.03
E 8 17 0.004914 0.000032 440.00 6.81
E 8 23 0.002769 0.000000 288.00 4.63
E 8 24 0.013214 0.000669 217.45 0.14
E 8 26 0.013265 0.000678 218.10 44.27
E 8 29 0.013214 0.000669 208.96 0.00
E 8 30 0.013265 0.000759 203.77 430.79
E 8 31 0.023203 0.005228 355.20 25.77
E 8 34 0.021105 0.004851 327.53 8.72
E 8 37 0.019776 0.003310 333.66 0.61
E 8 40 0.022138 0.005004 334.55 70.63
E 8 43 0.022660 0.005960 358.89 6.89
E 8 49 0.023652 0.006987 394.46 10.74
E 8 52 0.019107 0.002568 323.94 8.86
E 8 56 0.007139 0.000480 660.00 41.25
E 8 57 0.023879 0.005427 377.95 49.90
E 8 59 0.018063 0.001994 286.42 63.92
E 8 60 0.013541 0.000704 1228.00 4.38
E 8 61 0.022564 0.000000 369.88 199.45
E 8 62 0.020098 0.002251 312.34 55.67
E 8 64 0.020424 0.005010 365.97 0.07
E 8 67 0.021344 0.001628 391.15 4.24
E 8 70 0.013153 0.001634 214.47 1.04
E 8 77 0.023582 0.003392 313.83 0.38
E 8 78 0.003650 0.000224 340.00 0.55
E 8 79 0.023100 0.004517 373.86 14.78
E 8 83 0.021527 0.003978 385.94 3.88
E 8 85 0.020958 0.002194 337.03 1.03
E 8 86 0.018156 0.002714 326.18 7.72
E 9 14 0.019601 0.005359 303.90 0.36
E 9 16 0.020151 0.003758 320.48 12.69
E 9 18 0.020655 0.002943 335.45 10.93
E 9 20 0.021532 0.005036 335.79 0.23
E 9 25 0.020115 0.003413 308.61 11.11
E 9 32 0.020223 0.003674 330.84 15.25
E 9 35 0.019965 0.004410 357.63 12.26
E 9 38 0.020082 0.003750 321.22 31.42
E 9 41 0.020216 0.002609 316.55 18.90
E 9 42 0.020141 0.003674 338.36 1.09
E 9 50 0.020141 0.003674 323.67 14.73
E 9 53 0.020159 0.003716 327.45 2.42
E 9 54 0.020257 0.004695 321.19 0.09
E 9 63 0.019875 0.003367 313.17 165.55
E 9 65 0.020140 0.003553 337.83 156.01
E 9 72 0.020141 0.003674 323.25 27.01
E 9 73 0.019932 0.003424 315.98 26.52
E 9 75 0.019309 0.003403 309.18 6.64
E 9 81 0.019817 0.002680 318.72 3.98
E 9 82 0.020048 0.003649 331.45 82.75
E 9 84 0.020189 0.004639 327.04 0.87
E 9 87 0.020773 0.004660 340.77 1.80
E 9 88 0.020029 0.004039 328.01 3.61
E 9 89 0.020481 0.004070 322.50 1.71
E 9 90 0.019952 0.003562 328.03 1.00
E 10 11 0.023648 0.003570 376.12 0.08
E 10 12 0.023010 0.005326 362.45 0.05
E 10 13 0.023870 0.003537 365.28 76.12
E 10 14 0.023743 0.003828 346.92 181.79
E 10 15 0.022639 0.004715 358.04 3.76
E 10 17 0.021940 0.002822 347.95 0.16
E 10 23 0.021207 0.005828 319.34 0.03
E 10 25 0.019510 0.000757 306.96 0.07
E 10 28 0.019967 0.001201 299.22 1.77
E 10 34 0.026067 0.004905 401.99 74.33
E 10 37 0.021873 0.003169 335.84 0.02
E 10 40 0.026314 0.004709 395.02 0.09
E 10 43 0.021844 0.002544 342.07 157.64
E 10 45 0.021272 0.004063 344.85 2.28
E 10 49 0.022470 0.005427 353.55 1.33
E 10 51 0.003106 0.000000 272.00 17.87
E 10 52 0.026051 0.004337 344.34 75.80
E 10 56 0.021686 0.004684 343.00 0.45
E 10 57 0.022512 0.004175 368.95 6.29
E 10 58 0.021052 0.002046 342.08 99.69
E 10 59 0.030705 0.007123 363.16 848.00
E 10 60 0.026383 0.003957 467.67 4.50
E 10 61 0.021784 0.003507 332.98 96.54
E 10 62 0.022594 0.002994 367.73 3.22
E 10 64 0.021743 0.003852 352.31 9.22
E 10 67 0.021999 0.004008 346.14 0.07
E 10 71 0.021615 0.003752 357.04 0.74
E 10 77 0.021694 0.002569 329.13 0.99
E 10 78 0.021273 0.002762 314.21 0.16
E 10 79 0.021809 0.003749 361.65 86.52
E 10 83 0.021900 0.003014 339.19 210.66
E 10 85 0.021793 0.003306 364.92 0.03
E 10 86 0.021623 0.002490 347.90 78.62
E 11 12 0.022944 0.004282 388.80 0.02
E 11 13 0.017323 0.002558 292.22 40.52
E 11 14 0.022275 0.003202 368.73 96.61
E 11 15 0.018110 0.003020 284.26 19.78
E 11 17 0.022643 0.005348 346.31 1.00
E 11 22 0.019083 0.002171 302.67 2.01
E 11 23 0.018571 0.004726 302.50 0.06
E 11 24 0.018707 0.006190 306.89 0.58
E 11 26 0.018231 0.005503 284.90 3.17
E 11 28 0.019701 0.003710 317.60 1.56
E 11 29 0.018707 0.006190 369.47 0.93
E 11 30 0.018231 0.005503 362.18 14.50
E 11 34 0.018980 0.004518 299.36 37.37
E 11 36 0.014874 0.003463 238.85 53.27
E 11 37 0.020869 0.004347 333.65 0.05
E 11 40 0.018679 0.002060 339.72 0.02
E 11 43 0.023526 0.003222 338.56 95.40
E 11 44 0.030706 0.000000 709.69 0.01
E 11 49 0.023616 0.006060 393.93 1.23
E 11 51 0.016377 0.002418 267.79 37.78
E 11 52 0.019154 0.003189 301.51 37.72
E 11 57 0.024075 0.004811 357.00 5.11
E 11 60 0.019681 0.000766 315.17 16.59
E 11 70 0.018707 0.006190 352.80 0.27
E 11 71 0.019393 0.004302 311.60 0.21
E 11 77 0.020191 0.001583 321.80 1.56
E 11 78 0.018885 0.004514 306.20 0.11
E 11 79 0.022974 0.004968 345.52 45.34
E 11 83 0.020098 0.002874 322.73 397.76
E 11 85 0.020631 0.002527 325.75 0.05
E 11 86 0.019004 0.002322 293.45 34.20
E 12 13 0.022859 0.004410 340.68 42.99
E 12 14 0.023230 0.005033 370.79 88.54
E 12 15 0.022138 0.004770 358.92 5.55
E 12 17 0.022250 0.003927 356.86 0.05
E 12 23 0.021781 0.005970 319.37 0.10
E 12 25 0.022337 0.004843 318.00 0.21
E 12 28 0.021744 0.003288 352.75 0.77
E 12 31 0.022171 0.005800 331.43 1.02
E 12 34 0.021697 0.004905 359.26 42.05
E 12 37 0.021885 0.003856 332.37 0.08
E 12 40 0.022899 0.004330 375.10 0.56
E 12 43 0.022733 0.004753 341.50 157.98
E 12 45 0.022430 0.004347 358.91 4.13
E 12 49 0.022362 0.005416 354.97 0.96
E 12 51 0.021322 0.000791 486.19 49.77
E 12 52 0.021696 0.003008 375.86 42.51
E 12 56 0.022797 0.005064 342.15 17.43
E 12 57 0.022770 0.004724 358.65 2.29
E 12 58 0.022583 0.004457 349.99 53.60
E 12 59 0.022932 0.007123 398.01 110.86
E 12 60 0.023037 0.004206 410.57 5.75
E 12 61 0.022692 0.004875 357.30 13.23
E 12 62 0.022494 0.004481 347.42 1.25
E 12 64 0.022348 0.004302 352.36 311.36
E 12 67 0.023089 0.005206 354.45 0.06
E 12 71 0.020721 0.003783 334.35 0.20
E 12 77 0.022733 0.004927 362.50 3.61
E 12 78 0.030025 0.001163 459.58 0.12
E 12 79 0.022671 0.004813 362.93 46.48
E 12 83 0.022189 0.004018 341.61 75.73
E 12 85 0.022467 0.004214 360.86 9.43
E 12 86 0.021047 0.002384 342.11 46.06
E 13 14 0.022225 0.003093 332.81 0.17
E 13 15 0.017919 0.003146 303.00 8.70
E 13 17 0.019037 0.002035 260.58 6.79
E 13 22 0.016938 0.004768 300.95 2.34
E 13 23 0.018205 0.005563 301.12 32.21
E 13 24 0.016799 0.003392 310.94 16.53
E 13 26 0.015803 0.002261 223.35 25.51
E 13 28 0.019081 0.003234 304.62 3.77
E 13 29 0.018382 0.004297 283.28 16.62
E 13 30 0.015854 0.002423 252.09 29.68
E 13 34 0.018996 0.004654 289.64 42.47
E 13 36 0.015848 0.003783 272.31 75.18
E 13 37 0.019847 0.003546 311.41 12.43
E 13 40 0.018114 0.002789 279.01 13.06
E 13 43 0.023548 0.004918 369.58 0.37
E 13 44 0.005202 0.001216 476.00 0.08
E 13 49 0.023877 0.006321 352.19 0.24
E 13 51 0.016827 0.003313 273.71 53.30
E 13 52 0.017876 0.002521 281.32 93.12
E 13 57 0.024825 0.005427 407.84 0.04
E 13 59 0.021886 0.001356 395.71 18.97
E 13 60 0.019681 0.001583 322.10 0.00
E 13 67 0.023197 0.003822 338.36 0.74
E 13 70 0.018382 0.004297 240.98 47.94
E 13 71 0.018264 0.003123 307.53 17.91
E 13 77 0.021774 0.002301 523.25 9.99
E 13 78 0.018626 0.002374 292.07 41.29
E 13 79 0.023023 0.004649 342.35 53.57
E 13 83 0.020865 0.003687 341.59 0.14
E 13 85 0.021162 0.002714 328.01 5.10
E 13 86 0.018228 0.002056 305.73 808.86
E 14 16 0.018127 0.004424 307.11 280.47
E 14 17 0.022455 0.003066 399.47 5.02
E 14 23 0.020920 0.008565 341.41 35.75
E 14 25 0.022139 0.003534 454.02 116.91
E 14 28 0.022430 0.004085 312.22 1.42
E 14 31 0.024053 0.005282 375.04 15.86
E 14 34 0.022807 0.005258 391.24 0.09
E 14 37 0.022130 0.003575 344.70 10.31
E 14 40 0.024007 0.003053 303.11 28.51
E 14 43 0.022363 0.004023 341.54 0.07
E 14 45 0.022395 0.003998 339.21 161.08
E 14 49 0.022903 0.005192 361.40 1.28
E 14 50 0.017929 0.004587 276.05 28.79
E 14 52 0.024430 0.003125 402.43 0.05
E 14 56 0.022328 0.005734 348.23 226.08
E 14 57 0.022975 0.003782 370.27 0.08
E 14 58 0.022271 0.002933 366.72 0.09
E 14 59 0.001745 0.000000 160.00 13.23
E 14 60 0.019780 0.004345 283.53 3.18
E 14 61 0.022916 0.005751 407.08 4.87
E 14 63 0.018392 0.003930 289.18 146.09
E 14 64 0.022873 0.004206 365.77 16.49
E 14 65 0.017579 0.004257 269.20 81.18
E 14 67 0.022641 0.004373 363.68 0.00
E 14 71 0.021429 0.003443 360.57 4.66
E 14 72 0.017786 0.004587 275.05 18.97
E 14 73 0.017911 0.004070 299.96 16.33
E 14 77 0.022437 0.003158 355.41 166.13
E 14 78 0.018832 0.004052 306.80 24.48
E 14 79 0.022929 0.005335 362.92 0.13
E 14 83 0.022312 0.002896 348.14 0.14
E 14 85 0.022342 0.003976 366.10 18.27
E 14 86 0.021395 0.003076 335.88 0.09
E 14 90 0.018718 0.004070 296.46 11.79
E 15 22 0.017075 0.004810 277.61 1.98
E 15 23 0.019589 0.005122 338.74 4.30
E 15 24 0.014085 0.000678 220.48 2.09
E 15 26 0.015102 0.000678 172.67 202.83
E 15 28 0.018875 0.003378 297.02 3.61
E 15 29 0.014084 0.000678 302.94 155.70
E 15 30 0.014537 0.000678 216.61 509.40
E 15 31 0.020621 0.004853 291.60 0.97
E 15 34 0.019109 0.003670 298.01 11.20
E 15 37 0.019999 0.004143 334.78 4.04
E 15 39 0.016992 0.003803 277.15 44.47
E 15 40 0.017533 0.002573 256.08 9.68
E 15 43 0.022616 0.004266 406.97 37.94
E 15 46 0.016619 0.002786 246.76 55.48
E 15 49 0.020297 0.004028 340.67 52.62
E 15 52 0.018863 0.004515 296.53 10.72
E 15 61 0.022640 0.004900 339.71 8.01
E 15 66 0.007764 0.000544 680.00 1.37
E 15 70 0.017138 0.003393 297.92 6.20
E 15 71 0.019427 0.003851 329.95 1023.99
E 15 79 0.021731 0.003716 347.41 203.19
E 15 83 0.019598 0.003901 429.56 10.43
E 15 86 0.019931 0.004384 311.76 5.61
E 16 19 0.019531 0.002247 291.98 214.18
E 16 20 0.021178 0.004237 342.93 14.37
E 16 21 0.018325 0.000678 302.30 0.51
E 16 23 0.017559 0.004736 1672.00 1.38
E 16 27 0.018432 0.001658 332.62 3.34
E 16 33 0.018430 0.003241 307.53 9.25
E 16 35 0.019143 0.004984 327.59 0.63
E 16 36 0.019086 0.002754 279.19 36.11
E 16 42 0.019212 0.002075 326.34 0.01
E 16 50 0.019371 0.002462 303.20 0.20
E 16 51 0.022565 0.004409 321.31 142.86
E 16 55 0.019539 0.001742 287.16 92.60
E 16 63 0.019748 0.003060 312.15 0.50
E 16 65 0.020481 0.004344 312.49 11.93
E 16 66 0.018190 0.000377 318.78 0.15
E 16 73 0.020049 0.003127 321.77 4.10
E 16 74 0.020132 0.003881 317.14 13.11
E 16 78 0.003810 0.000960 360.00 0.42
E 16 80 0.019308 0.007402 381.58 1.46
E 16 87 0.020989 0.005004 336.62 2.22
E 16 88 0.019369 0.004261 311.81 0.02
E 16 89 0.019426 0.003377 325.69 0.05
E 16 90 0.019914 0.003313 303.20 0.83
E 17 23 0.018050 0.006127 287.13 1.19
E 17 31 0.022028 0.005559 341.33 0.40
E 17 37 0.019290 0.003289 311.07 0.58
E 17 43 0.021303 0.003646 326.33 2.82
E 17 45 0.021042 0.004668 341.46 22.36
E 17 49 0.021151 0.003782 333.40 0.46
E 17 56 0.021751 0.005132 380.48 0.10
E 17 57 0.022148 0.004009 331.03 0.83
E 17 58 0.020164 0.002097 330.98 13.86
E 17 59 0.017331 0.001333 288.73 50.69
E 17 60 0.020082 0.001875 321.90 30.31
E 17 61 0.021236 0.004618 339.66 5.14
E 17 62 0.021178 0.002655 354.43 2.10
E 17 64 0.020861 0.003568 324.05 57.94
E 17 67 0.022057 0.004297 341.93 0.27
E 17 77 0.019931 0.002655 335.46 0.40
E 17 79 0.021396 0.003513 337.02 22.30
E 17 83 0.019466 0.003020 306.10 1.80
E 17 85 0.020737 0.003464 327.36 0.08
E 17 86 0.019427 0.003782 317.24 6.27
E 18 20 0.022234 0.004699 360.97 11.53
E 18 25 0.020526 0.003731 334.08 88.98
E 18 32 0.020654 0.003080 307.06 0.18
E 18 38 0.022607 0.005470 356.47 96.48
E 18 41 0.019547 0.002094 314.91 0.00
E 18 42 0.020308 0.003121 316.04 1.38
E 18 45 0.018381 0.000641 324.21 10.35
E 18 47 0.011519 0.000530 166.17 0.13
E 18 50 0.019423 0.001992 308.35 0.96
E 18 53 0.019535 0.001891 315.47 8.98
E 18 54 0.022023 0.004585 364.58 11.43
E 18 63 0.020953 0.003533 324.40 0.01
E 18 68 0.019436 0.002242 311.89 11.28
E 18 69 0.018452 0.004012 319.16 13.58
E 18 72 0.020952 0.003840 332.17 65.19
E 18 73 0.020818 0.003326 307.54 0.04
E 18 74 0.021179 0.003575 334.69 11.03
E 18 81 0.019613 0.001866 290.20 11.34
E 18 82 0.022607 0.005470 388.23 0.27
E 18 84 0.019300 0.003095 307.94 6.42
E 18 87 0.021519 0.004802 361.34 0.00
E 18 88 0.019999 0.003935 325.68 0.00
E 18 89 0.021125 0.004556 339.94 0.00
E 18 90 0.020625 0.003989 339.44 0.00
E 19 21 0.014064 0.002141 213.27 5.74
E 19 22 0.010853 0.002880 1008.00 0.13
E 19 27 0.016532 0.003001 271.42 0.32
E 19 28 0.017622 0.004313 263.59 3.38
E 19 33 0.016670 0.003453 255.42 16.76
E 19 34 0.018042 0.005060 310.46 0.14
E 19 36 0.017455 0.001956 268.76 0.13
E 19 46 0.015613 0.003353 252.61 0.14
E 19 48 0.016528 0.005147 237.48 0.14
E 19 51 0.016921 0.002419 284.10 0.12
E 19 52 0.016992 0.002568 258.95 0.10
E 19 55 0.015728 0.002748 250.76 0.08
E 19 65 0.021014 0.004229 326.67 20.82
E 19 66 0.015900 0.002971 241.70 1.71
E 19 71 0.020530 0.004410 354.00 7.81
E 19 76 0.014993 0.003162 245.53 12.58
E 19 78 0.016685 0.001526 273.06 9.28
E 19 80 0.014993 0.003162 237.72 6.78
E 20 25 0.022095 0.003836 359.61 31.17
E 20 32 0.021546 0.004719 338.41 15.75
E 20 35 0.020950 0.004872 337.44 28.55
E 20 38 0.021413 0.004704 349.93 26.72
E 20 41 0.021456 0.004597 331.05 18.35
E 20 42 0.021570 0.004869 329.46 1.06
E 20 50 0.021570 0.004869 325.20 29.89
E 20 53 0.023468 0.006709 375.97 1.16
E 20 54 0.021634 0.005547 350.75 0.04
E 20 55 0.022532 0.004579 342.95 0.01
E 20 63 0.021483 0.004844 358.09 110.56
E 20 65 0.021578 0.005024 344.89 74.06
E 20 69 0.022452 0.005347 321.78 0.04
E 20 72 0.021570 0.004869 323.30 183.44
E 20 73 0.021531 0.004945 324.14 27.58
E 20 74 0.021493 0.004975 323.84 0.11
E 20 75 0.021155 0.004129 333.16 2.72
E 20 82 0.021413 0.004542 336.03 75.33
E 20 87 0.021493 0.004975 368.43 1.75
E 20 88 0.021414 0.004533 331.99 3.87
E 20 89 0.021512 0.004729 342.32 1.81
E 20 90 0.021447 0.004780 345.73 1.16
E 21 27 0.013432 0.002270 194.51 56.73
E 21 33 0.015865 0.001781 231.82 2.23
E 21 35 0.017192 0.003257 268.58 0.03
E 21 36 0.017207 0.002496 266.64 12.70
E 21 38 0.017447 0.002621 305.96 0.24
E 21 48 0.013825 0.000622 220.80 9.66
E 21 55 0.017979 0.003140 267.83 18.38
E 21 65 0.019943 0.003300 361.11 0.16
E 21 75 0.018110 0.003343 306.02 0.55
E 21 76 0.015646 0.002573 248.03 0.51
E 21 80 0.015232 0.002318 248.61 0.43
E 21 82 0.016686 0.001018 276.30 4.32
E 21 90 0.021886 0.002940 426.13 1.38
E 22 24 0.014875 0.002657 235.65 0.10
E 22 26 0.014875 0.002657 238.64 28.70
E 22 28 0.018101 0.003486 273.71 10.44
E 22 29 0.014875 0.002657 261.69 170.39
E 22 30 0.014875 0.002657 264.41 47.95
E 22 34 0.018154 0.004395 300.18 1.96
E 22 37 0.019296 0.004053 306.68 1.14
E 22 39 0.016715 0.004811 248.26 63.86
E 22 40 0.017239 0.004340 286.82 16.72
E 22 44 0.014764 0.002278 279.49 10.74
E 22 46 0.015281 0.005145 249.96 1.36
E 22 51 0.016683 0.003920 262.50 3.73
E 22 52 0.016885 0.004415 268.45 2.03
E 22 70 0.016629 0.005993 299.02 0.28
E 22 71 0.017619 0.004335 291.59 283.93
E 22 86 0.017770 0.005374 299.42 9.25
E 23 28 0.019239 0.003324 317.93 3.40
E 23 31 0.018050 0.006127 302.02 2.71
E 23 34 0.018585 0.005324 298.15 31.65
E 23 37 0.019686 0.005287 307.61 0.01
E 23 40 0.018523 0.005546 282.97 0.16
E 23 49 0.018552 0.006935 288.76 2.63
E 23 51 0.018969 0.006094 323.52 20.02
E 23 52 0.019261 0.006298 318.47 32.08
E 23 57 0.022225 0.005096 337.96 120.09
E 23 60 0.019063 0.004628 300.14 1.32
E 23 71 0.018584 0.004885 295.42 0.84
E 23 78 0.018726 0.005435 299.89 0.26
E 23 85 0.001905 0.000000 180.00 0.07
E 23 86 0.018517 0.005150 307.31 25.97
E 24 26 0.012554 0.000205 190.72 1.22
E 24 29 0.012539 0.000328 183.45 160.52
E 24 30 0.013063 0.000914 201.65 0.00
E 24 39 0.016377 0.002255 296.38 3.51
E 24 44 0.013025 0.001240 192.49 9.03
E 24 49 0.002658 0.000000 216.00 1.65
E 24 59 0.016912 0.003354 303.86 0.00
E 24 70 0.012956 0.001265 213.90 0.50
E 24 83 0.001329 0.000000 108.00 37.32
E 25 32 0.020302 0.003657 323.69 80.17
E 25 41 0.020339 0.004561 303.89 0.09
E 25 42 0.020374 0.003731 312.18 1.32
E 25 43 0.017411 0.001676 283.75 168.44
E 25 45 0.018674 0.003271 278.28 5.14
E 25 47 0.018359 0.001187 354.96 37.92
E 25 50 0.021159 0.004232 334.45 6.58
E 25 53 0.020263 0.003678 317.54 0.27
E 25 54 0.021305 0.004559 337.37 21.42
E 25 56 0.019926 0.003469 299.68 7.50
E 25 57 0.021771 0.004236 366.33 4.38
E 25 58 0.016551 0.000689 255.00 43.36
E 25 61 0.018958 0.001696 296.60 42.50
E 25 63 0.020322 0.003807 323.14 0.16
E 25 68 0.020257 0.003663 344.68 32.16
E 25 69 0.020340 0.004561 332.27 34.07
E 25 72 0.021566 0.004749 326.41 46.64
E 25 73 0.020318 0.003041 319.37 95.14
E 25 74 0.021271 0.003901 344.02 34.24
E 25 77 0.018575 0.000565 298.24 0.61
E 25 79 0.018844 0.000909 305.19 47.33
E 25 81 0.020190 0.003513 297.19 0.26
E 25 84 0.020256 0.003663 318.72 1.15
E 25 85 0.019590 0.002914 294.97 0.08
E 25 87 0.021576 0.005058 329.87 0.05
E 25 88 0.019559 0.002617 560.85 0.11
E 25 89 0.020359 0.004561 385.62 0.10
E 25 90 0.021209 0.004719 309.41 0.15
E 26 29 0.012547 0.000345 184.51 0.54
E 26 30 0.013075 0.000925 215.67 5.43
E 26 37 0.008180 0.000320 732.00 0.12
E 26 39 0.016377 0.002255 240.40 1039.34
E 26 44 0.013019 0.001206 204.12 0.48
E 26 49 0.025731 0.009045 367.03 1.10
E 26 59 0.016911 0.003354 301.97 10.77
E 26 70 0.013042 0.001485 189.60 0.39
E 26 83 0.004530 0.000256 392.00 114.36
E 27 33 0.017164 0.003443 298.89 5.37
E 27 35 0.016883 0.003911 278.11 14.35
E 27 36 0.017257 0.003012 303.01 0.58
E 27 46 0.015781 0.002555 260.14 0.68
E 27 48 0.011559 0.000915 167.66 0.63
E 27 55 0.017887 0.003197 269.27 0.28
E 27 65 0.020936 0.004681 292.37 5.55
E 27 66 0.015125 0.002504 249.03 3.98
E 27 76 0.016348 0.004102 247.07 17.09
E 27 80 0.017055 0.004235 265.43 32.32
E 28 31 0.024429 0.004862 404.20 2.61
E 28 34 0.019198 0.003265 369.17 3.72
E 28 39 0.018289 0.006378 305.81 1.09
E 28 40 0.018323 0.002629 266.48 4.17
E 28 43 0.018616 0.001763 287.67 1.61
E 28 46 0.016943 0.002072 294.81 2.75
E 28 49 0.001969 0.000000 188.00 0.78
E 28 51 0.018076 0.002883 280.35 1.35
E 28 52 0.018151 0.002996 284.68 3.72
E 28 56 0.019918 0.003663 302.15 0.87
E 28 57 0.021826 0.004085 338.02 0.39
E 28 58 0.018384 0.001643 305.81 5.59
E 28 61 0.019199 0.002035 301.92 0.34
E 28 66 0.017854 0.003015 357.82 4.76
E 28 67 0.021274 0.003731 348.85 5.80
E 28 71 0.019609 0.004195 298.11 0.27
E 28 77 0.018725 0.001270 310.92 1.33
E 28 78 0.019369 0.003957 313.30 0.39
E 28 79 0.019388 0.001840 282.73 4.93
E 28 83 0.001777 0.000000 164.00 0.24
E 28 86 0.019657 0.004056 308.65 1.34
E 29 30 0.013067 0.000923 199.55 0.09
E 29 37 0.001617 0.000000 144.00 12.40
E 29 39 0.016377 0.002255 276.44 0.19
E 29 44 0.013026 0.001212 199.49 0.06
E 29 59 0.016912 0.003354 252.51 37.74
E 29 70 0.012953 0.001249 203.51 0.46
E 30 37 0.020530 0.000678 278.20 76.22
E 30 39 0.016377 0.002255 236.08 1.11
E 30 44 0.013061 0.001206 211.32 0.14
E 30 49 0.025731 0.009045 419.30 2.46
E 30 59 0.016911 0.003354 273.49 0.02
E 30 70 0.013062 0.001485 212.40 4.44
E 30 83 0.007476 0.000704 644.00 1.45
E 31 37 0.021536 0.005121 335.75 6.80
E 31 43 0.024102 0.004758 343.57 8.86
E 31 49 0.022440 0.005757 360.28 4.29
E 31 56 0.023549 0.005490 343.33 0.30
E 31 57 0.022530 0.005341 364.68 18.94
E 31 59 0.021007 0.005759 327.24 0.51
E 31 60 0.001649 0.000000 148.00 7.98
E 31 61 0.023549 0.005490 337.64 0.90
E 31 62 0.023159 0.005028 337.22 1.31
E 31 64 0.022110 0.005649 343.95 0.47
E 31 71 0.020708 0.005213 326.43 1.33
E 31 77 0.022336 0.005540 336.37 0.56
E 31 79 0.022192 0.005597 366.26 2.32
E 31 83 0.021839 0.005814 360.33 4.45
E 31 85 0.022297 0.005622 349.76 0.74
E 32 38 0.019453 0.004658 321.21 0.00
E 32 41 0.020293 0.002622 327.58 34.07
E 32 42 0.019971 0.002655 331.99 0.33
E 32 45 0.019171 0.001470 278.79 0.00
E 32 50 0.020039 0.002806 311.81 1.81
E 32 53 0.019923 0.002620 325.25 20.23
E 32 54 0.020502 0.004670 327.35 19.11
E 32 60 0.019789 0.004189 320.43 605.55
E 32 63 0.019836 0.003232 313.67 46.02
E 32 68 0.019940 0.002674 321.97 18.61
E 32 69 0.019981 0.004187 312.03 12.84
E 32 72 0.019940 0.002815 319.32 0.04
E 32 73 0.020069 0.002932 336.76 0.05
E 32 74 0.020261 0.003903 316.31 14.69
E 32 81 0.019971 0.002706 327.23 95.65
E 32 82 0.019453 0.002773 293.43 0.70
E 32 84 0.019969 0.003283 318.67 5.24
E 32 87 0.020926 0.004943 342.27 0.00
E 32 88 0.019998 0.003807 321.35 0.00
E 32 89 0.020322 0.004190 313.42 0.00
E 32 90 0.019732 0.003178 337.09 0.00
E 33 34 0.001393 0.000000 116.00 93.15
E 33 35 0.017182 0.003249 265.82 2.10
E 33 36 0.017201 0.002861 297.05 57.39
E 33 55 0.016299 0.003392 252.89 39.20
E 33 65 0.018229 0.003373 288.00 0.13
E 33 66 0.016733 0.003584 260.26 5.00
E 33 75 0.017576 0.003446 275.78 5.74
E 33 76 0.015762 0.002748 254.38 3.98
E 33 80 0.015946 0.003031 271.07 7.94
E 33 90 0.019424 0.003646 317.37 0.00
E 34 37 0.019635 0.004494 310.36 11.97
E 34 40 0.018479 0.004519 288.34 11.41
E 34 43 0.024940 0.006377 399.00 0.23
E 34 49 0.024281 0.005902 353.85 0.23
E 34 57 0.025533 0.006219 400.10 0.04
E 34 60 0.022225 0.005674 355.60 0.00
E 34 71 0.018887 0.004915 320.34 17.16
E 34 78 0.018038 0.004186 289.04 44.76
E 34 83 0.022004 0.005647 335.85 0.13
E 34 85 0.022411 0.005150 377.63 4.84
E 34 86 0.018691 0.004186 322.76 11.14
E 35 36 0.018489 0.005973 312.90 9.91
E 35 38 0.017730 0.005754 273.35 0.46
E 35 48 0.017888 0.005113 302.08 9.15
E 35 55 0.017154 0.003202 274.28 13.56
E 35 63 0.019461 0.003860 315.06 8.36
E 35 65 0.018279 0.003412 288.88 0.24
E 35 74 0.019586 0.004070 308.21 12.16
E 35 75 0.018026 0.003269 297.37 0.96
E 35 76 0.017189 0.003257 277.01 0.48
E 35 80 0.017189 0.003257 274.31 0.19
E 35 82 0.017109 0.002957 275.48 1.12
E 35 87 0.019995 0.004214 310.31 0.24
E 35 90 0.019713 0.003313 301.20 1.61
E 36 55 0.017918 0.003297 276.43 0.06
E 36 63 0.020297 0.002754 310.28 51.66
E 36 65 0.020898 0.004114 338.36 148.44
E 36 66 0.017998 0.004127 292.91 2.00
E 36 73 0.019513 0.000000 247.91 4.40
E 36 75 0.019438 0.003533 326.71 1.97
E 36 76 0.017239 0.002958 289.88 5.95
E 36 80 0.017409 0.005276 284.70 4.10
E 36 86 0.019309 0.001272 284.83 16.64
E 36 90 0.021627 0.004290 362.90 0.80
E 37 40 0.019838 0.003726 303.74 0.17
E 37 43 0.022564 0.005258 353.49 8.60
E 37 49 0.021993 0.004633 343.48 1.79
E 37 51 0.019960 0.004049 294.99 8.35
E 37 52 0.019653 0.003668 299.79 12.06
E 37 57 0.023279 0.005005 352.17 10.35
E 37 59 0.020358 0.007123 395.59 0.25
E 37 60 0.018933 0.002748 266.31 2.08
E 37 61 0.003202 0.000032 284.00 9.86
E 37 64 0.022904 0.009159 363.06 3.59
E 37 67 0.021961 0.004526 350.40 0.18
E 37 71 0.019934 0.003777 333.39 1.08
E 37 77 0.022565 0.002827 321.57 0.18
E 37 78 0.019712 0.003984 333.87 0.19
E 37 79 0.023413 0.005457 394.74 10.22
E 37 83 0.019166 0.003022 313.06 51.41
E 37 85 0.021732 0.003392 441.38 0.04
E 37 86 0.019965 0.003765 312.05 10.06
E 38 41 0.017428 0.003756 273.40 0.27
E 38 47 0.018354 0.003109 336.60 51.93
E 38 50 0.020188 0.002462 340.03 0.62
E 38 53 0.007267 0.000320 676.00 0.18
E 38 54 0.025109 0.002544 697.40 25.54
E 38 63 0.019200 0.004179 320.10 0.14
E 38 69 0.018930 0.002423 345.58 14.45
E 38 72 0.021319 0.002899 330.98 140.47
E 38 73 0.019806 0.004399 318.50 146.23
E 38 74 0.020279 0.004195 319.48 30.84
E 38 75 0.018124 0.003994 299.19 0.39
E 38 82 0.017552 0.003798 276.35 1.65
E 38 87 0.021008 0.004661 330.75 0.12
E 38 88 0.019680 0.003865 329.99 0.15
E 38 89 0.020803 0.004041 329.19 0.15
E 38 90 0.019820 0.004736 302.97 0.35
E 39 40 0.016225 0.002661 260.56 0.02
E 39 44 0.016378 0.002255 249.10 0.36
E 39 46 0.015276 0.003484 218.46 14.84
E 39 70 0.015987 0.003392 253.06 0.24
E 40 43 0.035793 0.005314 507.61 44.64
E 40 49 0.023853 0.005004 366.78 0.87
E 40 51 0.016054 0.002093 249.70 8.38
E 40 52 0.015978 0.002035 247.97 11.53
E 40 57 0.024917 0.005337 376.52 2.19
E 40 59 0.006322 0.001504 616.00 5.07
E 40 60 0.019317 0.003222 307.46 3.29
E 40 61 0.002065 0.000000 200.00 2.25
E 40 71 0.018427 0.003290 299.30 0.05
E 40 78 0.017629 0.003758 291.08 0.07
E 40 79 0.023379 0.005314 509.37 16.65
E 40 83 0.008354 0.001888 812.00 19.37
E 40 85 0.022337 0.005314 466.83 29.24
E 40 86 0.018457 0.002489 297.97 10.31
E 41 42 0.020786 0.003384 351.09 0.40
E 41 47 0.017964 0.001462 274.02 353.29
E 41 50 0.020134 0.001611 317.08 142.82
E 41 53 0.018650 0.002078 318.89 0.93
E 41 54 0.021949 0.004846 337.57 12.84
E 41 63 0.021546 0.002374 509.56 0.32
E 41 68 0.018773 0.001165 301.51 17.05
E 41 69 0.019413 0.003797 303.13 11.54
E 41 72 0.021196 0.004006 332.83 2.85
E 41 73 0.021488 0.004230 342.92 0.00
E 41 74 0.021091 0.003625 331.18 18.96
E 41 75 0.017711 0.003646 281.80 9.44
E 41 81 0.019824 0.001696 292.53 0.42
E 41 82 0.016059 0.001921 248.83 17.96
E 41 84 0.018674 0.003013 300.64 1.36
E 41 87 0.020984 0.003710 318.55 0.09
E 41 88 0.019863 0.004188 318.11 0.17
E 41 89 0.020720 0.004022 351.65 0.14
E 42 47 0.021292 0.003816 329.31 2.60
E 42 50 0.019498 0.002242 312.25 29.85
E 42 53 0.019115 0.002183 311.60 8.07
E 42 54 0.020501 0.004670 313.32 0.88
E 42 63 0.019682 0.003235 325.61 34.14
E 42 68 0.019115 0.002142 306.64 0.98
E 42 69 0.019136 0.004099 309.67 0.92
E 42 72 0.019648 0.002936 324.57 0.22
E 42 73 0.020038 0.003117 326.09 5.61
E 42 74 0.020291 0.003968 312.62 1.12
E 42 81 0.019152 0.002198 320.91 3.13
E 42 84 0.019114 0.003202 306.88 0.52
E 42 87 0.020925 0.004943 334.90 1.97
E 42 88 0.019631 0.003948 316.80 10.14
E 42 89 0.020305 0.003957 314.70 7.06
E 42 90 0.019603 0.003134 318.32 7.19
E 43 45 0.020170 0.005010 339.34 609.39
E 43 49 0.023243 0.005972 389.10 1.61
E 43 52 0.024940 0.006377 363.02 0.05
E 43 56 0.020936 0.004473 340.32 442.66
E 43 57 0.022174 0.003775 360.51 0.10
E 43 58 0.019291 0.002710 302.00 0.08
E 43 59 0.020191 0.000000 274.03 7.04
E 43 60 0.022852 0.005597 370.22 30.26
E 43 61 0.020720 0.004226 337.44 2.84
E 43 62 0.018796 0.002250 279.76 12.35
E 43 64 0.021370 0.004820 374.44 9.93
E 43 67 0.021931 0.003819 347.47 0.05
E 43 77 0.019730 0.002999 326.44 428.88
E 43 79 0.021555 0.003897 361.96 0.11
E 43 83 0.022955 0.004827 347.38 0.19
E 43 85 0.020673 0.003309 341.70 28.38
E 44 70 0.013034 0.001295 216.18 0.14
E 45 53 0.003714 0.000160 348.00 17.63
E 45 56 0.020694 0.004344 327.96 4.06
E 45 57 0.022077 0.004246 350.92 163.43
E 45 58 0.020164 0.004609 309.41 2.29
E 45 60 0.019511 0.002680 363.53 0.00
E 45 61 0.020295 0.004079 337.22 0.00
E 45 64 0.021261 0.004399 335.00 4.49
E 45 67 0.021839 0.004549 361.51 1.46
E 45 73 0.018493 0.001357 263.30 25.63
E 45 77 0.020295 0.004737 309.01 60.46
E 45 79 0.021204 0.004099 342.10 3.40
E 45 85 0.020597 0.003864 323.81 11.23
E 46 55 0.014946 0.000834 231.31 0.09
E 46 66 0.014835 0.003346 228.43 14.13
E 46 71 0.019653 0.005201 359.71 17.77
E 46 76 0.014869 0.001784 222.38 8.77
E 46 80 0.013547 0.000251 211.71 6.12
E 47 50 0.020168 0.001420 343.81 1.84
E 47 53 0.018833 0.000763 393.89 5.08
E 47 54 0.021886 0.002374 358.97 15.54
E 47 68 0.016052 0.000533 375.88 14.65
E 47 69 0.019335 0.003685 320.84 12.77
E 47 72 0.020187 0.001510 322.55 0.34
E 47 81 0.015915 0.000452 294.65 4.46
E 47 82 0.019004 0.002544 339.57 0.19
E 47 84 0.018281 0.002163 257.82 61.33
E 47 87 0.018749 0.000170 457.81 958.82
E 47 88 0.021343 0.004388 384.03 99.88
E 47 89 0.022828 0.004759 348.98 169.93
E 48 55 0.017674 0.002290 315.67 0.07
E 48 75 0.019193 0.003279 313.74 1.78
E 48 76 0.016366 0.003151 263.21 5.43
E 48 80 0.017431 0.005096 276.55 3.77
E 49 52 0.023948 0.005597 367.38 0.58
E 49 56 0.021703 0.004345 322.30 3.48
E 49 57 0.022431 0.005402 355.30 0.06
E 49 59 0.022514 0.005464 383.08 4.07
E 49 60 0.010803 0.002976 1060.00 0.03
E 49 61 0.021703 0.004345 310.51 3.46
E 49 62 0.024962 0.006467 456.90 4.04
E 49 64 0.022628 0.005464 366.99 14.38
E 49 71 0.020575 0.002420 326.39 0.99
E 49 77 0.021983 0.004155 365.86 0.97
E 49 79 0.022218 0.004897 341.06 0.62
E 49 83 0.022632 0.005560 353.53 3.53
E 49 85 0.022368 0.005314 345.77 0.65
E 49 86 0.021388 0.003212 381.99 0.64
E 50 53 0.019516 0.002100 305.21 1.95
E 50 54 0.020278 0.004573 305.65 46.06
E 50 63 0.019732 0.003218 319.20 261.37
E 50 68 0.019455 0.002048 326.11 45.59
E 50 69 0.019559 0.004209 334.47 40.43
E 50 72 0.019694 0.002916 318.81 4.12
E 50 73 0.020050 0.003127 315.97 1.52
E 50 74 0.020312 0.004015 322.33 39.91
E 50 75 0.021160 0.001987 299.00 1.23
E 50 81 0.019421 0.002268 305.47 1.16
E 50 82 0.020149 0.002607 295.16 0.61
E 50 84 0.019455 0.003029 302.97 1069.38
E 50 87 0.020925 0.004943 324.81 5.63
E 50 88 0.020145 0.004405 328.00 7.53
E 50 89 0.020792 0.003975 322.43 8.55
E 50 90 0.019822 0.003301 317.32 7.16
E 51 63 0.019988 0.003477 416.21 23.78
E 51 65 0.018834 0.001899 274.49 523.50
E 51 66 0.017439 0.002111 270.56 2.00
E 51 71 0.018680 0.003316 295.79 10.02
E 51 73 0.018088 0.000543 259.84 60.63
E 51 78 0.016297 0.002584 257.90 54.87
E 51 86 0.018425 0.002765 302.77 11.36
E 52 57 0.025806 0.006369 413.81 0.04
E 52 59 0.003234 0.000000 288.00 17.43
E 52 60 0.020450 0.003157 313.10 0.00
E 52 71 0.018588 0.003488 307.13 17.26
E 52 78 0.017601 0.004323 295.69 45.43
E 52 83 0.019511 0.002663 304.29 0.12
E 52 85 0.020451 0.003157 362.00 4.87
E 52 86 0.018138 0.002309 266.53 52.56
E 53 54 0.020474 0.004672 338.56 1.55
E 53 63 0.019579 0.001696 336.59 1.19
E 53 68 0.016412 0.001329 262.73 2.24
E 53 69 0.018060 0.004400 282.25 2.37
E 53 72 0.019736 0.003007 313.84 5.04
E 53 73 0.019003 0.001145 319.79 13.16
E 53 74 0.022104 0.004579 306.25 2.43
E 53 81 0.016416 0.001197 256.04 0.08
E 53 84 0.016787 0.002937 266.52 0.71
E 53 87 0.020979 0.004781 327.82 0.39
E 53 88 0.019599 0.003937 310.41 0.15
E 53 89 0.020308 0.004030 316.09 0.21
E 53 90 0.005458 0.000288 508.00 0.14
E 54 63 0.019910 0.004237 320.45 325.91
E 54 68 0.020476 0.004672 322.85 0.09
E 54 69 0.021633 0.004623 336.89 0.09
E 54 72 0.020396 0.004694 322.23 30.99
E 54 73 0.020359 0.004689 313.58 20.01
E 54 74 0.020505 0.004629 328.96 0.09
E 54 81 0.022049 0.004702 361.92 4.78
E 54 84 0.020475 0.004672 317.31 0.71
E 54 87 0.021119 0.005219 329.82 1.87
E 54 88 0.021271 0.004070 344.24 2.59
E 54 89 0.023580 0.005838 380.45 1.39
E 54 90 0.020622 0.005407 349.68 1.35
E 55 63 0.020321 0.002833 305.68 69.66
E 55 65 0.018227 0.003296 290.68 127.21
E 55 66 0.015788 0.003254 252.74 2.51
E 55 73 0.019611 0.002744 312.21 12.42
E 55 74 0.023117 0.005512 371.36 0.01
E 55 75 0.018009 0.003388 296.81 2.01
E 55 76 0.015923 0.002425 240.79 1.00
E 55 80 0.015943 0.002153 256.10 1.02
E 55 90 0.019996 0.003455 308.70 0.53
E 56 57 0.022182 0.004783 339.18 3.53
E 56 58 0.021480 0.005369 352.85 253.73
E 56 60 0.032397 0.002629 376.40 5.20
E 56 61 0.020773 0.004280 324.10 1.06
E 56 62 0.020865 0.004237 313.93 0.46
E 56 64 0.021093 0.004466 322.50 190.87
E 56 67 0.021843 0.005228 329.00 0.14
E 56 77 0.021164 0.004886 324.67 8.22
E 56 79 0.021495 0.004815 328.34 240.04
E 56 85 0.021124 0.004676 328.92 84.15
E 57 58 0.022029 0.003714 349.93 0.10
E 57 60 0.023702 0.004891 374.77 5.81
E 57 61 0.022182 0.004366 366.98 2.14
E 57 62 0.023039 0.003019 341.18 16.60
E 57 64 0.024754 0.006537 406.90 8.01
E 57 67 0.022474 0.004101 338.34 72.03
E 57 71 0.022847 0.004815 345.66 1.77
E 57 77 0.022328 0.003828 368.97 8.04
E 57 78 0.020798 0.003606 362.73 1.90
E 57 79 0.022515 0.003910 365.01 0.08
E 57 83 0.022037 0.004950 371.87 0.19
E 57 85 0.022499 0.004047 350.86 2.22
E 57 86 0.023358 0.004895 374.77 0.04
E 58 60 0.020029 0.003271 320.11 0.00
E 58 61 0.020845 0.004274 335.99 21.63
E 58 67 0.021953 0.004044 376.20 1.39
E 58 77 0.019618 0.001413 312.64 147.68
E 58 85 0.022395 0.003986 315.85 13.04
E 59 60 0.006194 0.002688 600.00 300.86
E 59 62 0.020163 0.002166 313.83 0.03
E 59 64 0.020800 0.003736 335.48 2.95
E 59 79 0.024940 0.006445 351.73 78.43
E 59 83 0.019585 0.003097 326.11 3.17
E 59 85 0.021661 0.002216 339.86 7.95
E 60 61 0.022225 0.002629 503.43 162.96
E 60 64 0.008193 0.002720 792.00 4.94
E 60 65 0.017767 0.002943 323.60 53.55
E 60 67 0.021319 0.002544 351.84 3.43
E 60 73 0.019062 0.003026 296.04 1225.90
E 60 77 0.020957 0.002465 358.27 41.62
E 60 78 0.018267 0.003150 288.06 6.18
E 60 79 0.022425 0.003799 402.45 0.00
E 60 85 0.023016 0.003166 365.39 6.49
E 60 86 0.018475 0.002589 294.34 1.18
E 61 62 0.020513 0.003582 332.15 0.14
E 61 64 0.020934 0.004048 340.92 38.56
E 61 67 0.021843 0.004044 359.31 0.47
E 61 77 0.020536 0.003720 317.88 51.51
E 61 79 0.021495 0.003586 331.12 19.16
E 61 85 0.020740 0.003436 323.74 847.22
E 62 64 0.020694 0.003589 341.89 24.87
E 62 79 0.021242 0.003044 358.79 28.81
E 62 83 0.019981 0.002270 362.40 4.88
E 62 85 0.020825 0.003727 338.94 9.26
E 63 65 0.019812 0.003726 304.85 6.72
E 63 69 0.021208 0.000000 379.28 246.07
E 63 72 0.019622 0.003266 307.11 18.53
E 63 73 0.020007 0.003569 319.46 0.00
E 63 74 0.020293 0.003772 307.36 162.71
E 63 75 0.019533 0.003420 311.53 7.19
E 63 76 0.020147 0.003336 297.96 14.17
E 63 80 0.020608 0.006720 310.25 14.35
E 63 82 0.019593 0.003200 316.38 3.01
E 63 87 0.020979 0.004779 349.98 0.81
E 63 88 0.019528 0.003144 325.28 2.12
E 63 89 0.019615 0.003254 315.52 1.83
E 63 90 0.019971 0.003503 326.08 3.53
E 64 67 0.022310 0.004181 370.40 5.69
E 64 77 0.020466 0.003895 325.67 0.47
E 64 79 0.021303 0.003827 339.27 42.20
E 64 83 0.020738 0.003986 323.63 3.82
E 64 85 0.020768 0.003920 337.31 18.98
E 65 66 0.020836 0.004267 352.39 5.86
E 65 73 0.019940 0.003731 317.60 0.21
E 65 74 0.020445 0.004415 336.39 157.85
E 65 75 0.018217 0.003568 294.10 2.69
E 65 76 0.017966 0.003179 294.77 5.54
E 65 80 0.018026 0.003099 301.61 1.39
E 65 87 0.020621 0.004182 330.51 2.81
E 65 90 0.020004 0.003717 327.83 8.04
E 66 71 0.018381 0.001809 287.78 0.19
E 66 76 0.015139 0.003829 234.19 0.58
E 66 78 0.001297 0.000000 104.00 2.71
E 66 80 0.014683 0.003829 214.29 0.49
E 67 77 0.021841 0.003983 326.94 10.79
E 67 79 0.021762 0.003813 357.11 0.38
E 67 85 0.022037 0.004266 343.96 0.11
E 67 86 0.021249 0.004193 342.17 0.74
E 68 72 0.019738 0.003007 308.51 30.02
E 68 81 0.015442 0.001089 236.53 4.06
E 68 84 0.016873 0.003065 272.31 0.66
E 68 87 0.019625 0.001583 358.39 2.45
E 68 88 0.019491 0.004070 313.43 3.69
E 68 89 0.020493 0.003899 331.97 1.83
E 69 72 0.019687 0.004245 314.92 49.76
E 69 81 0.017970 0.004136 282.35 3.53
E 69 82 0.018930 0.002976 299.33 80.94
E 69 84 0.018210 0.004440 291.32 0.79
E 69 87 0.021047 0.003874 360.64 2.40
E 69 88 0.019832 0.004371 320.03 2.40
E 69 89 0.020461 0.004318 338.20 1.21
E 71 78 0.018557 0.003913 303.99 1.04
E 71 83 0.017802 0.002480 279.37 1.94
E 71 86 0.018551 0.003424 303.08 17.17
E 72 73 0.020038 0.003117 314.68 0.75
E 72 74 0.020260 0.003903 337.15 128.97
E 72 81 0.019762 0.002887 322.34 6.13
E 72 82 0.021320 0.002487 333.72 1.46
E 72 84 0.019737 0.003146 298.81 19.79
E 72 87 0.020925 0.004943 360.14 0.14
E 72 88 0.019787 0.004059 322.30 9.10
E 72 89 0.020292 0.003903 314.07 0.99
E 72 90 0.019731 0.003178 322.81 0.00
E 73 74 0.020183 0.003716 308.52 25.63
E 73 75 0.019928 0.003230 327.82 2.44
E 73 82 0.020039 0.003259 341.55 27.02
E 73 87 0.020968 0.004787 340.45 0.00
E 73 88 0.020032 0.004647 329.78 0.00
E 73 89 0.020322 0.004054 318.67 0.00
E 73 90 0.020035 0.003722 322.41 0.00
E 74 75 0.020100 0.004291 315.63 4.90
E 74 82 0.020260 0.003930 310.54 81.22
E 74 87 0.020967 0.004787 330.12 1.79
E 74 88 0.020312 0.004353 325.35 3.58
E 74 89 0.020504 0.004119 325.80 1.70
E 74 90 0.020259 0.003822 324.39 1.01
E 75 76 0.018108 0.003343 286.76 0.04
E 75 80 0.018022 0.003235 301.74 0.24
E 75 82 0.018124 0.003370 304.81 18.62
E 75 87 0.020519 0.004037 313.95 5.67
E 75 90 0.019748 0.003418 333.40 2.55
E 76 80 0.015503 0.002413 247.55 0.21
E 77 79 0.021493 0.003476 312.10 143.13
E 77 83 0.019452 0.002749 300.59 50.76
E 77 85 0.020717 0.003259 321.30 0.46
E 78 86 0.018682 0.003629 298.08 141.66
E 79 83 0.021162 0.003197 333.80 0.38
E 79 85 0.021281 0.003338 339.11 11.15
E 81 84 0.016859 0.003037 248.52 1.90
E 81 87 0.018747 0.000170 298.38 0.15
E 81 88 0.019019 0.001449 289.49 0.23
E 81 89 0.021242 0.003731 334.03 0.23
E 82 87 0.020877 0.004445 324.38 1.69
E 82 88 0.019680 0.003668 307.61 0.45
E 82 89 0.020670 0.004002 329.48 0.54
E 82 90 0.019866 0.003497 329.93 0.24
E 83 85 0.020447 0.003087 320.14 115.00
E 83 86 0.018156 0.002043 301.61 0.38
E 84 87 0.019625 0.001583 355.24 0.23
E 84 88 0.019673 0.004415 293.44 0.14
E 84 89 0.020492 0.003899 329.05 0.12
E 85 86 0.020191 0.000339 279.35 13.62
E 87 88 0.020978 0.004781 339.74 135.77
E 87 89 0.020977 0.004781 336.41 13.76
E 87 90 0.020979 0.004779 333.66 136.28
E 88 89 0.020432 0.003901 318.92 1.23
E 89 90 0.019847 0.003348 312.25 46.24
END

SECTION Terminals
Root 38
Terminals 43
T 72
T 46
T 40
T 47
T 45
T 60
T 9
T 78
T 44
T 8
T 15
T 86
T 36
T 17
T 29
T 25
T 37
T 2
T 24
T 43
T 61
T 88
T 76
T 79
T 73
T 42
T 23
T 18
T 7
T 19
T 82
T 13
T 39
T 49
T 83
T 4
T 52
T 48
T 5
T 41
T 26
T 69
T 35
END

EOF