SECTION Comment
CREATOR "Carlos Araujo"
REMARK "Instance for QoS Multicast Routing Problem"
QoS METRICS "delay, jitter, bandwidth and estimate of link duration"
END

SECTION Graph
Nodes 30
Edges 210

E 1 3 0.024394 0.000640 340.57 0.00
E 1 4 0.028012 0.003126 418.23 13.55
E 1 7 0.024776 0.005418 403.03 2.76
E 1 9 0.028363 0.002597 441.19 79.98
E 1 11 0.029163 0.003456 431.05 55.52
E 1 13 0.028939 0.002521 401.48 1.08
E 1 17 0.033533 0.003675 418.32 2.64
E 1 19 0.024578 0.003995 400.36 0.93
E 1 20 0.024984 0.003251 424.68 3.97
E 1 21 0.024984 0.002801 383.70 65.01
E 1 23 0.032000 0.002544 433.93 3.90
E 1 25 0.025036 0.002863 397.08 1.93
E 2 5 0.025708 0.003148 388.83 71.27
E 2 6 0.034356 0.006041 516.55 2.43
E 2 8 0.025549 0.002965 368.41 69.26
E 2 10 0.026958 0.003097 393.08 23.19
E 2 11 0.030076 0.002084 461.51 2.12
E 2 12 0.027846 0.002573 429.39 0.71
E 2 14 0.023299 0.002488 374.02 0.79
E 2 15 0.024710 0.003438 406.67 0.54
E 2 16 0.020274 0.001357 299.32 1.68
E 2 23 0.030565 0.003669 448.25 246.67
E 2 27 0.024853 0.002084 414.72 0.50
E 2 29 0.032040 0.002985 445.47 1.40
E 2 30 0.023300 0.003392 336.09 13.06
E 3 7 0.026099 0.002858 368.24 0.00
E 3 11 0.026829 0.002956 504.55 5.65
E 3 17 0.001809 0.000000 168.00 7.59
E 3 19 0.023717 0.007191 321.07 321.98
E 3 20 0.023072 0.006106 347.97 0.01
E 3 21 0.021493 0.000783 348.31 47.49
E 3 25 0.024297 0.000641 339.27 1.60
E 4 5 0.028138 0.001187 465.32 1.67
E 4 6 0.034972 0.005361 452.25 0.85
E 4 8 0.029726 0.003412 459.25 2.76
E 4 9 0.028267 0.001442 414.29 106.97
E 4 10 0.027971 0.001174 412.57 1.56
E 4 11 0.028010 0.002242 416.77 133.03
E 4 13 0.029426 0.002269 483.33 1.04
E 4 17 0.029933 0.002705 421.92 2.60
E 4 18 0.028095 0.001379 404.65 0.21
E 4 21 0.027366 0.002035 377.91 69.37
E 4 22 0.028112 0.000964 423.33 0.70
E 4 23 0.031344 0.003901 452.69 1.16
E 4 24 0.028064 0.001090 414.54 5.05
E 4 26 0.028405 0.002092 408.73 25.80
E 4 29 0.031870 0.003053 472.27 1.18
E 4 30 0.028317 0.000678 380.26 12.12
E 5 6 0.035019 0.005682 497.55 0.57
E 5 8 0.027681 0.002657 433.28 7.12
E 5 10 0.027678 0.001736 406.83 3.03
E 5 12 0.027666 0.002437 410.70 2.22
E 5 13 0.033841 0.004720 463.62 0.64
E 5 14 0.025483 0.001746 398.81 1.21
E 5 17 0.029815 0.002827 448.31 5.28
E 5 18 0.027991 0.001476 441.71 1.72
E 5 22 0.027991 0.001204 404.53 2.49
E 5 23 0.031463 0.003706 463.57 1.83
E 5 26 0.029550 0.002086 469.40 3.49
E 5 29 0.032166 0.002767 469.65 0.93
E 5 30 0.025472 0.001721 386.48 2.06
E 6 7 0.037490 0.006081 488.54 1.27
E 6 8 0.035150 0.005528 491.01 2.13
E 6 9 0.034266 0.005571 512.75 1.29
E 6 10 0.035149 0.005528 496.19 2.14
E 6 11 0.035061 0.006723 460.97 2.67
E 6 12 0.035084 0.005825 494.67 56.17
E 6 13 0.034970 0.005361 524.44 5.07
E 6 14 0.036045 0.003096 506.82 2.44
E 6 17 0.035122 0.005657 485.42 1.86
E 6 18 0.033635 0.005073 438.08 1.04
E 6 19 0.034251 0.005797 454.93 1.01
E 6 20 0.034265 0.005545 539.19 91.65
E 6 21 0.035061 0.006206 472.58 28.06
E 6 22 0.033635 0.005073 504.06 5.43
E 6 23 0.035147 0.005528 457.55 3.38
E 6 26 0.034972 0.005361 495.71 1.42
E 6 29 0.035147 0.005528 459.10 5.50
E 6 30 0.033223 0.000679 510.46 0.88
E 7 9 0.028924 0.004046 431.48 57.70
E 7 11 0.029164 0.005574 391.45 22.94
E 7 13 0.030514 0.004394 457.58 1.32
E 7 17 0.033533 0.004308 503.00 3.28
E 7 19 0.023773 0.005786 372.52 6.68
E 7 20 0.023569 0.005540 340.47 239.50
E 7 21 0.023831 0.005876 368.80 10.78
E 7 25 0.023590 0.005692 354.18 0.20
E 8 10 0.027789 0.003094 446.16 0.82
E 8 11 0.032289 0.003505 480.52 6.94
E 8 12 0.027691 0.003189 443.85 5.86
E 8 13 0.033840 0.004720 477.86 0.35
E 8 14 0.027366 0.003117 412.96 0.69
E 8 17 0.029841 0.002689 433.53 3.59
E 8 18 0.031703 0.005352 501.48 11.17
E 8 22 0.031703 0.005352 468.28 84.17
E 8 23 0.031463 0.003706 483.30 0.07
E 8 26 0.028440 0.002736 400.11 0.12
E 8 29 0.032165 0.002767 451.08 0.41
E 8 30 0.027262 0.003252 418.15 0.43
E 9 10 0.028367 0.000930 403.96 286.30
E 9 11 0.028994 0.002817 421.73 0.30
E 9 13 0.029245 0.002112 449.55 7.17
E 9 17 0.028987 0.001474 410.10 1.22
E 9 18 0.028137 0.001509 425.29 102.58
E 9 20 0.027419 0.005699 435.17 1.62
E 9 21 0.028344 0.000952 376.52 59.64
E 9 22 0.028137 0.001322 431.73 24.70
E 9 23 0.030491 0.003915 464.90 12.33
E 9 24 0.028009 0.001332 408.17 0.00
E 9 26 0.028317 0.002374 421.75 19.12
E 10 11 0.028599 0.002660 466.32 3.50
E 10 12 0.027696 0.002503 423.45 6.66
E 10 13 0.030048 0.002713 428.67 0.37
E 10 14 0.027661 0.001174 395.03 0.66
E 10 17 0.029741 0.002465 429.48 3.44
E 10 18 0.027673 0.001450 404.78 1.52
E 10 22 0.027673 0.001118 444.76 3.58
E 10 23 0.031238 0.003425 464.68 0.08
E 10 26 0.028437 0.002264 426.87 0.35
E 10 29 0.032214 0.002842 447.07 0.82
E 10 30 0.027675 0.001144 409.92 0.42
E 11 12 0.028494 0.002999 423.44 5.14
E 11 13 0.028935 0.003208 493.45 53.20
E 11 17 0.028856 0.003512 424.00 1.14
E 11 19 0.029116 0.003683 421.92 0.37
E 11 20 0.029115 0.003282 411.12 0.82
E 11 21 0.029114 0.003282 433.29 0.08
E 11 23 0.031402 0.004130 466.50 3.09
E 11 25 0.029114 0.003282 430.04 0.51
E 11 26 0.028599 0.002803 427.04 1.94
E 11 29 0.032061 0.003512 438.15 0.09
E 12 13 0.036383 0.005597 462.86 6.65
E 12 14 0.027786 0.002490 409.74 2.18
E 12 15 0.027925 0.004012 416.04 1.92
E 12 16 0.029463 0.001809 394.80 0.59
E 12 17 0.029761 0.002874 410.82 0.68
E 12 19 0.004418 0.000032 436.00 7.12
E 12 23 0.031380 0.003613 447.17 6.27
E 12 25 0.030480 0.001809 376.93 1.32
E 12 26 0.005410 0.000192 560.00 4.98
E 12 27 0.027926 0.002817 426.28 3.84
E 12 29 0.032236 0.002902 468.57 0.47
E 12 30 0.033081 0.000000 447.34 1.97
E 13 14 0.036385 0.005597 530.47 0.06
E 13 17 0.029837 0.002740 460.93 0.21
E 13 18 0.029407 0.002229 427.16 0.41
E 13 19 0.034210 0.007191 463.74 3.28
E 13 20 0.028303 0.003053 380.66 2.44
E 13 21 0.028302 0.001180 437.69 6.03
E 13 22 0.029407 0.002229 450.77 1.26
E 13 23 0.031344 0.003795 499.49 0.40
E 13 25 0.028937 0.001357 426.10 1.64
E 13 26 0.029406 0.002394 451.70 0.27
E 13 29 0.032182 0.002807 464.43 7.39
E 13 30 0.034210 0.001131 447.35 5.64
E 14 15 0.024260 0.003731 409.34 0.10
E 14 17 0.029804 0.002956 441.33 0.11
E 14 23 0.032922 0.003079 469.22 0.71
E 14 27 0.003586 0.000032 332.00 1.91
E 14 29 0.034163 0.001651 465.09 15.61
E 14 30 0.018574 0.000739 341.43 29.86
E 15 16 0.019858 0.004519 277.29 0.86
E 15 23 0.035879 0.006106 591.42 4.27
E 15 27 0.020103 0.004509 317.47 2.14
E 15 29 0.034312 0.005495 459.02 6.40
E 16 19 0.022469 0.005185 357.11 2.20
E 16 25 0.023365 0.000630 345.13 5.36
E 16 27 0.017294 0.000984 281.83 0.37
E 16 29 0.009394 0.000064 1000.00 0.99
E 17 18 0.029933 0.002705 413.22 0.73
E 17 19 0.009379 0.001984 940.00 1.37
E 17 21 0.030876 0.000424 659.34 1.68
E 17 22 0.029933 0.002705 429.19 1.58
E 17 23 0.031287 0.003425 441.15 3.76
E 17 24 0.033079 0.000001 422.21 0.26
E 17 25 0.036133 0.003053 554.90 10.57
E 17 26 0.029932 0.002705 418.47 1.32
E 17 29 0.032020 0.002921 485.76 1.58
E 17 30 0.029861 0.002979 468.48 5.44
E 18 22 0.026660 0.001520 401.32 0.08
E 18 23 0.031345 0.003901 435.96 5.11
E 18 24 0.026480 0.001303 390.36 64.03
E 18 26 0.028365 0.002076 422.13 5.36
E 18 29 0.031871 0.003053 468.83 469.24
E 18 30 0.026457 0.001318 393.60 683.96
E 19 20 0.021305 0.003803 350.30 0.31
E 19 21 0.022195 0.004184 342.11 1.14
E 19 23 0.035879 0.007191 457.52 2.57
E 19 25 0.021646 0.004090 330.93 5.50
E 19 29 0.035600 0.007191 414.07 2.09
E 20 21 0.022195 0.002926 367.14 10.52
E 20 25 0.021469 0.002802 359.06 4.58
E 21 23 0.030807 0.003776 433.58 6.67
E 21 25 0.022201 0.000502 366.24 0.31
E 21 29 0.031071 0.003216 451.05 0.07
E 22 23 0.031345 0.003901 438.67 20.81
E 22 24 0.025807 0.000579 403.93 10.19
E 22 26 0.028365 0.002076 435.29 11.84
E 22 29 0.031406 0.003030 439.64 3.11
E 22 30 0.025795 0.000603 368.12 1.94
E 23 25 0.031241 0.003865 467.69 0.40
E 23 26 0.031344 0.003901 453.22 0.09
E 23 29 0.032212 0.003955 473.49 0.55
E 23 30 0.034980 0.004885 479.57 0.44
E 24 26 0.028441 0.002264 409.84 1.76
E 25 29 0.032117 0.003173 458.97 0.14
E 26 29 0.031983 0.002830 455.68 0.43
E 26 30 0.028441 0.002264 413.59 0.30
E 27 29 0.035599 0.001309 538.31 0.02
E 29 30 0.035600 0.001308 679.57 0.02
END

SECTION Terminals
Root 18
Terminals 15
T 6
T 1
T 14
T 7
T 5
T 2
T 27
T 17
T 12
T 13
T 4
T 19
T 25
T 15
T 23
END

EOF