SECTION Comment
CREATOR "Carlos Araujo"
REMARK "Instance for QoS Multicast Routing Problem"
QoS METRICS "delay, jitter, bandwidth and estimate of link duration"
END

SECTION Graph
Nodes 100
Edges 1896

E 1 2 0.027048 0.005357 400.50 2.12
E 1 4 0.030931 0.005993 442.00 4.39
E 1 5 0.028178 0.004930 417.98 4.39
E 1 6 0.028290 0.005751 400.89 11.23
E 1 7 0.026047 0.005691 385.80 207.44
E 1 8 0.028400 0.005964 442.30 12.92
E 1 9 0.028695 0.006424 448.76 8.50
E 1 10 0.027749 0.005579 438.65 12.28
E 1 13 0.029009 0.005604 408.18 12.88
E 1 17 0.026149 0.006644 377.66 0.35
E 1 18 0.028382 0.005533 416.34 6.63
E 1 19 0.028517 0.005258 392.48 5.16
E 1 20 0.026901 0.005356 391.51 1.45
E 1 23 0.028669 0.005831 396.42 7.58
E 1 24 0.026428 0.005552 406.37 0.91
E 1 26 0.028039 0.004070 479.38 0.68
E 1 29 0.028252 0.004736 402.14 6.18
E 1 30 0.027343 0.005641 380.88 2.22
E 1 33 0.028077 0.004777 393.10 3.80
E 1 34 0.026861 0.005960 390.44 0.91
E 1 35 0.031889 0.008916 463.76 3.73
E 1 36 0.027623 0.008084 420.89 3.44
E 1 37 0.026787 0.005254 408.20 0.39
E 1 39 0.026714 0.005446 402.86 1.14
E 1 41 0.026582 0.005519 410.91 1.39
E 1 42 0.027328 0.004610 397.81 3.55
E 1 44 0.026830 0.004817 391.61 12.42
E 1 45 0.028005 0.005154 406.30 3.45
E 1 46 0.027328 0.004610 424.78 4.39
E 1 47 0.025251 0.004654 343.27 4.14
E 1 48 0.027040 0.005255 413.63 276.06
E 1 49 0.028727 0.004636 381.64 1.85
E 1 50 0.026418 0.005345 422.23 2.38
E 1 51 0.027337 0.005461 415.81 1.94
E 1 52 0.027357 0.005386 395.92 2.98
E 1 54 0.027573 0.006125 404.99 3.68
E 1 57 0.027081 0.005373 397.21 0.57
E 1 58 0.026998 0.004700 369.77 8.92
E 1 59 0.026432 0.005270 404.83 1.77
E 1 60 0.026706 0.005235 399.52 11.23
E 1 61 0.026826 0.005450 405.14 12.42
E 1 64 0.026097 0.004627 383.86 12.83
E 1 65 0.027339 0.006466 413.10 2.44
E 1 66 0.027022 0.005356 426.71 11.60
E 1 67 0.026567 0.002883 495.37 1.01
E 1 68 0.027124 0.005400 396.72 11.17
E 1 71 0.026568 0.002883 385.69 13.58
E 1 73 0.028126 0.006106 427.86 11.77
E 1 74 0.027882 0.006728 426.94 0.22
E 1 75 0.027008 0.005293 415.42 10.23
E 1 76 0.026511 0.004795 419.35 12.30
E 1 77 0.027033 0.005345 438.21 3.85
E 1 79 0.040543 0.000000 509.49 3.48
E 1 80 0.027719 0.006614 412.50 0.27
E 1 82 0.030704 0.007651 459.45 0.99
E 1 85 0.026107 0.005676 402.77 13.98
E 1 88 0.025843 0.004523 374.47 1.15
E 1 90 0.032741 0.007801 346.69 1.26
E 1 92 0.027068 0.005327 412.71 2.10
E 1 94 0.027731 0.005242 412.18 1.98
E 1 95 0.027928 0.005653 427.51 5.41
E 1 97 0.027068 0.005327 408.17 1.82
E 1 98 0.025816 0.005964 410.41 1.71
E 1 100 0.027124 0.005400 403.18 0.00
E 2 4 0.002161 0.000000 212.00 20.31
E 2 6 0.023375 0.002449 352.33 0.31
E 2 7 0.024820 0.003087 416.09 2.29
E 2 9 0.026901 0.005984 356.06 2.28
E 2 10 0.029994 0.005156 418.87 1.40
E 2 18 0.025286 0.005552 406.65 0.57
E 2 19 0.023420 0.002508 339.83 0.58
E 2 20 0.023418 0.002395 363.51 3.13
E 2 22 0.025384 0.003535 380.79 1.52
E 2 23 0.023439 0.002423 356.92 0.43
E 2 24 0.022487 0.002462 364.92 6.51
E 2 26 0.023073 0.004494 313.74 5.69
E 2 29 0.028557 0.002827 382.56 18.05
E 2 30 0.023414 0.002588 376.21 4.14
E 2 34 0.027396 0.004334 375.26 1.00
E 2 35 0.025617 0.005597 381.97 20.77
E 2 37 0.031344 0.004797 529.89 1.41
E 2 39 0.023375 0.002339 366.75 0.26
E 2 42 0.023455 0.002453 356.71 0.43
E 2 45 0.025600 0.004240 418.70 0.17
E 2 46 0.023455 0.002453 388.10 0.26
E 2 47 0.025532 0.002968 373.40 7.40
E 2 48 0.025320 0.003518 391.02 2.20
E 2 50 0.004354 0.000032 428.00 0.90
E 2 51 0.026057 0.005244 389.64 2.02
E 2 52 0.025882 0.004027 398.01 15.08
E 2 54 0.023761 0.002923 350.27 0.47
E 2 57 0.024455 0.004104 370.30 3.83
E 2 60 0.025867 0.004602 386.43 0.62
E 2 61 0.025557 0.004381 401.55 0.82
E 2 65 0.026489 0.007128 399.77 0.23
E 2 66 0.027076 0.005500 428.57 0.82
E 2 68 0.023445 0.002415 387.03 0.69
E 2 73 0.027942 0.006045 431.08 0.88
E 2 74 0.004930 0.000800 500.00 40.25
E 2 75 0.026749 0.002968 537.96 1.99
E 2 77 0.023400 0.002478 370.79 0.63
E 2 80 0.025750 0.005408 379.51 2.71
E 2 82 0.023402 0.002382 352.59 0.41
E 2 90 0.023489 0.003041 372.36 0.82
E 2 92 0.024407 0.002885 370.66 1.32
E 2 94 0.027098 0.004625 416.08 1.37
E 3 4 0.016057 0.001592 280.16 22.13
E 3 5 0.020529 0.004388 317.60 1.62
E 3 11 0.016932 0.003504 265.90 0.92
E 3 15 0.022656 0.005991 355.16 41.02
E 3 16 0.018857 0.001927 283.38 1.12
E 3 22 0.024174 0.005004 420.23 10.50
E 3 25 0.021122 0.003816 332.28 0.07
E 3 26 0.020989 0.002670 329.59 30.10
E 3 27 0.002513 0.000000 256.00 0.26
E 3 28 0.020678 0.002644 316.52 50.75
E 3 31 0.017121 0.003770 276.94 0.04
E 3 33 0.020264 0.000791 299.57 8.23
E 3 43 0.022864 0.005201 353.71 2.90
E 3 45 0.021252 0.005103 336.58 2.04
E 3 49 0.022869 0.005020 338.39 1.06
E 3 55 0.022055 0.004578 316.27 0.00
E 3 56 0.022788 0.004259 341.42 1.96
E 3 62 0.016120 0.001778 266.58 68.66
E 3 63 0.026635 0.000000 405.33 0.23
E 3 67 0.024006 0.007547 398.81 0.28
E 3 71 0.018940 0.003308 315.62 0.29
E 3 72 0.026635 0.000000 351.73 0.15
E 3 74 0.025955 0.004578 492.48 0.44
E 3 78 0.019209 0.001575 273.90 0.94
E 3 81 0.022112 0.006558 609.65 0.17
E 3 83 0.019779 0.003300 307.18 30.07
E 3 87 0.021442 0.004158 334.06 278.63
E 3 89 0.015281 0.002977 256.24 7.39
E 3 93 0.021352 0.005800 354.48 0.51
E 3 95 0.026838 0.004308 418.47 0.00
E 3 96 0.026635 0.000000 507.75 0.00
E 4 5 0.024879 0.004900 356.71 0.11
E 4 10 0.009618 0.003488 1028.00 1.74
E 4 11 0.018335 0.004530 296.87 1.79
E 4 16 0.019896 0.002329 298.01 0.00
E 4 19 0.002129 0.000000 208.00 0.00
E 4 22 0.027733 0.008183 397.87 0.66
E 4 25 0.021206 0.003913 324.30 56.50
E 4 26 0.021304 0.002784 348.45 10.78
E 4 27 0.021827 0.002183 341.26 2.39
E 4 29 0.021921 0.002915 363.05 0.15
E 4 30 0.025956 0.000339 618.67 0.27
E 4 31 0.019044 0.004441 308.22 0.18
E 4 33 0.022336 0.004457 362.27 0.30
E 4 35 0.022211 0.005604 363.63 0.20
E 4 37 0.013939 0.001664 1452.00 48.26
E 4 43 0.022092 0.002998 359.25 4.65
E 4 44 0.025616 0.002968 353.84 1.51
E 4 48 0.002513 0.000000 256.00 4.36
E 4 49 0.021436 0.002902 346.90 0.31
E 4 51 0.025953 0.002568 393.25 243.33
E 4 52 0.006242 0.001152 664.00 6.33
E 4 54 0.006546 0.000032 644.00 2.25
E 4 56 0.021679 0.002600 325.21 5.29
E 4 57 0.010947 0.001088 1136.00 48.44
E 4 60 0.002833 0.000000 296.00 5.84
E 4 62 0.016086 0.001481 266.74 0.08
E 4 63 0.021688 0.005070 320.04 2.43
E 4 67 0.023513 0.005380 357.54 0.67
E 4 69 0.004897 0.000064 496.00 1.66
E 4 71 0.020344 0.004221 346.13 1.70
E 4 72 0.024891 0.004070 399.79 1.72
E 4 74 0.024224 0.006479 357.29 3.50
E 4 76 0.002577 0.000000 264.00 1.69
E 4 78 0.020865 0.004477 344.27 5.87
E 4 79 0.021981 0.002904 357.78 12.00
E 4 81 0.021500 0.002770 351.14 2.13
E 4 83 0.020736 0.004178 316.55 19.93
E 4 87 0.021454 0.004294 327.42 1.55
E 4 89 0.014747 0.002823 232.86 2.02
E 4 93 0.022000 0.005594 335.14 26.79
E 4 95 0.022267 0.003415 353.27 229.30
E 5 9 0.027266 0.006128 390.64 0.00
E 5 11 0.025234 0.006868 360.11 1.71
E 5 16 0.007186 0.002560 724.00 8.74
E 5 18 0.024170 0.005177 380.86 0.78
E 5 22 0.025729 0.004366 409.15 23.10
E 5 23 0.004482 0.000032 444.00 0.00
E 5 25 0.022555 0.004089 368.88 0.40
E 5 26 0.022544 0.004015 394.35 3.47
E 5 27 0.025236 0.006869 400.99 0.00
E 5 28 0.023039 0.003692 365.57 1.16
E 5 29 0.022474 0.003547 362.53 0.01
E 5 30 0.022904 0.000763 371.20 0.61
E 5 31 0.020221 0.003053 323.27 4.34
E 5 33 0.022385 0.004897 358.77 0.63
E 5 36 0.024466 0.006550 398.03 65.71
E 5 43 0.023343 0.004723 344.38 3.96
E 5 45 0.022135 0.004399 351.28 5.14
E 5 48 0.025515 0.002374 396.16 3.83
E 5 49 0.022580 0.004240 375.16 0.13
E 5 50 0.021450 0.004033 343.02 0.17
E 5 52 0.025727 0.003871 398.06 1.32
E 5 55 0.023346 0.004723 376.58 13.64
E 5 56 0.023343 0.004723 327.43 3.70
E 5 61 0.004482 0.000032 444.00 0.05
E 5 62 0.023493 0.005060 365.09 2.39
E 5 63 0.025235 0.006869 397.76 0.00
E 5 67 0.023389 0.004346 385.86 0.56
E 5 69 0.020967 0.003040 343.29 0.30
E 5 71 0.021867 0.004386 331.58 2.64
E 5 72 0.025236 0.006869 434.64 0.02
E 5 74 0.024170 0.005669 399.62 0.88
E 5 77 0.027766 0.001809 470.17 0.04
E 5 78 0.025234 0.006868 395.62 4.82
E 5 79 0.023346 0.004723 350.90 3.01
E 5 81 0.023346 0.004723 378.60 0.00
E 5 83 0.021559 0.004532 335.80 13.05
E 5 87 0.021968 0.005304 359.70 0.49
E 5 93 0.022647 0.004397 356.73 22.32
E 5 95 0.022587 0.003821 355.37 73.00
E 5 96 0.023347 0.004723 400.83 50.09
E 6 7 0.025987 0.004346 436.49 2.15
E 6 9 0.028340 0.006463 401.23 2.18
E 6 10 0.029774 0.005597 466.96 0.05
E 6 18 0.025075 0.005752 386.31 0.33
E 6 19 0.021299 0.000517 355.31 0.40
E 6 20 0.023343 0.002254 369.01 0.49
E 6 23 0.021277 0.001373 342.56 0.33
E 6 24 0.022430 0.002374 368.15 48.77
E 6 26 0.023357 0.003166 723.85 186.91
E 6 29 0.028558 0.002827 418.99 0.03
E 6 30 0.022285 0.001005 354.66 5.76
E 6 34 0.023930 0.004803 392.92 1.08
E 6 35 0.024259 0.004325 345.12 0.18
E 6 37 0.027798 0.004434 395.06 0.81
E 6 39 0.021754 0.001241 355.64 0.18
E 6 42 0.021232 0.000464 336.83 0.29
E 6 45 0.026889 0.003816 369.77 0.86
E 6 46 0.021232 0.000464 329.05 0.18
E 6 47 0.023073 0.001017 430.24 57.62
E 6 48 0.025291 0.003402 418.41 0.39
E 6 51 0.028087 0.006377 402.05 0.64
E 6 52 0.026503 0.004194 427.12 3.74
E 6 54 0.022428 0.001068 347.67 4.13
E 6 57 0.024242 0.003852 369.57 227.11
E 6 60 0.025729 0.004484 390.13 0.65
E 6 61 0.025699 0.004423 398.85 3.73
E 6 65 0.026560 0.007227 388.54 0.34
E 6 66 0.027296 0.006083 427.93 0.09
E 6 68 0.022377 0.001122 362.62 0.15
E 6 73 0.030147 0.007204 434.84 0.08
E 6 77 0.023292 0.002560 370.92 0.29
E 6 80 0.024686 0.004160 348.36 1.26
E 6 82 0.021375 0.000632 333.35 0.25
E 6 90 0.021187 0.002553 336.03 2.07
E 6 92 0.024800 0.003307 393.91 774.90
E 6 94 0.028135 0.004194 413.20 0.28
E 6 97 0.023084 0.001736 374.33 758.43
E 6 100 0.024811 0.004188 387.29 279.17
E 7 8 0.027370 0.005201 411.96 2.47
E 7 9 0.027564 0.005268 410.78 0.05
E 7 10 0.026506 0.005046 410.46 3.02
E 7 13 0.028624 0.006037 410.15 2.48
E 7 17 0.025315 0.007243 370.42 25.73
E 7 18 0.026478 0.003015 394.96 0.25
E 7 19 0.026153 0.004482 402.98 2.50
E 7 20 0.025274 0.003991 398.42 2.88
E 7 22 0.025083 0.003366 404.59 2.34
E 7 23 0.026190 0.004458 432.69 4.74
E 7 24 0.026172 0.005255 404.69 13.37
E 7 30 0.024875 0.003627 381.23 4.42
E 7 32 0.026994 0.004261 360.95 0.26
E 7 34 0.026642 0.005210 400.04 0.68
E 7 36 0.024006 0.006805 416.03 2.41
E 7 37 0.025505 0.004508 376.10 3.39
E 7 38 0.028516 0.005343 407.35 2.26
E 7 39 0.025339 0.003782 368.91 3.53
E 7 40 0.029516 0.006566 447.73 2.38
E 7 41 0.027503 0.005354 408.92 0.20
E 7 42 0.026138 0.004371 402.79 1.46
E 7 44 0.021887 0.004494 364.07 1.92
E 7 45 0.030907 0.006105 491.64 0.74
E 7 46 0.026018 0.004070 400.63 2.02
E 7 47 0.026962 0.004420 410.37 2.95
E 7 48 0.025271 0.003556 376.23 0.08
E 7 50 0.023836 0.003477 373.28 0.21
E 7 51 0.026796 0.005821 380.14 4.77
E 7 52 0.025968 0.004551 383.37 0.69
E 7 54 0.024811 0.003612 401.29 1.56
E 7 57 0.025392 0.004258 391.87 4.45
E 7 58 0.028922 0.006137 409.71 0.57
E 7 59 0.026717 0.004606 420.23 1.02
E 7 60 0.026602 0.004933 397.01 0.48
E 7 61 0.025590 0.004356 420.73 1.16
E 7 64 0.024497 0.002934 382.35 2.50
E 7 65 0.026116 0.006111 385.80 2.55
E 7 66 0.027639 0.006629 394.99 2.85
E 7 68 0.025407 0.004095 392.59 4.35
E 7 73 0.027813 0.005778 421.54 2.74
E 7 75 0.023896 0.004011 329.92 1.79
E 7 76 0.024137 0.003543 400.52 3.52
E 7 77 0.025472 0.004177 380.85 3.83
E 7 80 0.025463 0.004135 404.34 21.23
E 7 82 0.025352 0.003865 391.03 1.75
E 7 85 0.029008 0.004876 401.21 3.29
E 7 88 0.028481 0.007171 404.76 12.72
E 7 90 0.025594 0.004104 389.98 3.12
E 7 92 0.025396 0.004095 394.77 0.32
E 7 94 0.027680 0.004948 399.57 3.36
E 7 97 0.025248 0.003796 381.80 0.00
E 7 98 0.021699 0.002186 368.59 0.84
E 8 9 0.027998 0.005922 409.31 1.52
E 8 17 0.024998 0.005659 380.43 17.53
E 8 20 0.023979 0.003279 433.74 0.52
E 8 24 0.028808 0.007538 434.82 21.78
E 8 32 0.026623 0.004497 400.03 7.48
E 8 37 0.026872 0.004588 406.11 1.31
E 8 38 0.026844 0.004737 397.64 6.17
E 8 41 0.028871 0.006317 436.22 78.16
E 8 45 0.028533 0.004749 391.85 1.30
E 8 47 0.025955 0.004288 373.72 26.97
E 8 48 0.026615 0.004499 393.71 15.14
E 8 50 0.022217 0.004003 340.19 3.19
E 8 51 0.027997 0.006784 404.26 5.57
E 8 52 0.026707 0.003574 421.83 19.78
E 8 53 0.027031 0.005060 409.42 1.25
E 8 57 0.027364 0.004071 430.48 64.44
E 8 58 0.021350 0.003314 341.15 0.89
E 8 59 0.027045 0.003863 378.59 6.67
E 8 60 0.030014 0.005942 420.79 1.89
E 8 61 0.028949 0.005663 453.23 11.80
E 8 69 0.021017 0.002509 324.33 6.56
E 8 70 0.018050 0.001994 292.52 22.34
E 8 75 0.025074 0.005457 369.31 0.43
E 8 84 0.021698 0.002796 343.82 27.77
E 8 86 0.002033 0.000000 196.00 6.77
E 8 88 0.026019 0.006040 378.18 2.10
E 8 91 0.021703 0.003752 352.29 5.10
E 8 94 0.028182 0.005035 411.36 1.43
E 8 98 0.022102 0.003015 351.44 5.34
E 8 99 0.019770 0.004888 359.11 3.16
E 9 10 0.027796 0.005402 430.98 4.39
E 9 13 0.026427 0.005732 389.48 2.27
E 9 17 0.027774 0.004936 427.61 12.05
E 9 18 0.021377 0.004965 310.10 0.75
E 9 19 0.028605 0.005569 420.74 24.38
E 9 22 0.027742 0.005688 391.78 0.20
E 9 24 0.028714 0.007939 428.31 1.34
E 9 26 0.020561 0.004409 349.52 0.78
E 9 30 0.028134 0.006007 418.62 0.06
E 9 32 0.027642 0.004757 419.97 0.39
E 9 33 0.019592 0.003074 294.19 0.28
E 9 34 0.028126 0.005427 378.37 2.19
E 9 35 0.019595 0.003074 290.69 24.48
E 9 36 0.025574 0.006801 447.32 0.46
E 9 37 0.027736 0.005233 415.98 9.73
E 9 38 0.027614 0.005042 403.18 2.54
E 9 39 0.028127 0.004839 390.89 24.90
E 9 40 0.028366 0.005670 433.76 2.04
E 9 41 0.029609 0.006654 436.39 0.08
E 9 44 0.026837 0.006072 440.60 19.81
E 9 45 0.022968 0.004956 364.12 2.09
E 9 46 0.028651 0.006285 398.41 2.13
E 9 47 0.028229 0.006077 438.75 4.78
E 9 49 0.019537 0.003440 317.17 0.07
E 9 50 0.027421 0.007145 388.00 0.15
E 9 52 0.025319 0.004679 384.20 1.24
E 9 53 0.026363 0.003949 417.16 5.92
E 9 57 0.026900 0.005427 404.52 4.86
E 9 58 0.027399 0.004053 413.84 0.74
E 9 59 0.028135 0.006070 429.56 0.51
E 9 60 0.029436 0.005657 433.96 0.69
E 9 61 0.027803 0.005494 432.79 1.86
E 9 64 0.028017 0.005434 416.88 2.35
E 9 66 0.029534 0.006436 429.88 3.52
E 9 71 0.020378 0.004221 339.92 0.52
E 9 73 0.030061 0.006859 436.76 4.68
E 9 75 0.024972 0.005283 370.72 44.30
E 9 76 0.027897 0.005936 419.22 4.53
E 9 85 0.028215 0.005434 426.15 1.74
E 9 86 0.030366 0.000000 732.88 3.94
E 9 88 0.028254 0.006343 434.87 44.96
E 9 91 0.024262 0.000113 434.10 38.53
E 9 92 0.027974 0.006046 421.96 3.40
E 9 97 0.028057 0.005932 403.09 0.41
E 9 100 0.028472 0.006745 401.31 0.00
E 10 17 0.025141 0.005757 378.47 17.25
E 10 18 0.030070 0.005300 528.22 3.01
E 10 20 0.027913 0.005088 408.95 0.77
E 10 24 0.028380 0.007115 453.37 51.04
E 10 26 0.031382 0.006727 398.90 24.02
E 10 29 0.031380 0.006727 544.73 0.04
E 10 32 0.022302 0.003115 342.03 1.73
E 10 34 0.031385 0.006727 389.04 1.30
E 10 37 0.026375 0.004824 390.65 1.01
E 10 38 0.024717 0.006003 352.03 4.43
E 10 41 0.029035 0.006076 445.06 47.63
E 10 42 0.005122 0.000032 524.00 0.68
E 10 45 0.029344 0.005766 399.32 1.00
E 10 46 0.017765 0.003808 1872.00 0.24
E 10 47 0.025861 0.005041 362.23 39.79
E 10 48 0.027791 0.005262 439.33 5.70
E 10 50 0.024654 0.004952 400.61 3.04
E 10 51 0.026780 0.005619 397.50 1.53
E 10 52 0.027362 0.005275 398.95 18.71
E 10 53 0.031328 0.006784 467.98 2.02
E 10 54 0.028162 0.004862 483.43 6.22
E 10 57 0.029768 0.005597 489.61 96.89
E 10 58 0.024156 0.004209 370.17 1.19
E 10 59 0.027317 0.005347 412.27 5.52
E 10 60 0.030287 0.005843 421.16 1.77
E 10 61 0.028330 0.004763 424.40 12.28
E 10 65 0.029773 0.009116 374.86 0.29
E 10 69 0.023961 0.004832 381.84 6.15
E 10 70 0.022980 0.004671 369.29 26.33
E 10 75 0.025062 0.005503 398.59 0.30
E 10 80 0.030452 0.005851 421.55 3.14
E 10 84 0.023765 0.004728 328.13 14.48
E 10 88 0.025993 0.007373 368.07 2.42
E 10 91 0.024381 0.004975 387.95 4.87
E 10 94 0.027792 0.004947 420.19 1.92
E 10 98 0.024503 0.004786 371.93 5.09
E 10 99 0.020375 0.004285 319.42 3.10
E 11 15 0.022695 0.006002 381.35 0.11
E 11 16 0.018989 0.004497 279.67 7.40
E 11 22 0.024174 0.005003 461.73 0.37
E 11 25 0.021122 0.003816 311.73 0.15
E 11 26 0.020770 0.005807 335.12 0.04
E 11 27 0.020190 0.001357 242.52 141.64
E 11 28 0.020519 0.002626 338.53 1.30
E 11 31 0.017149 0.003807 273.22 0.76
E 11 33 0.020486 0.004353 321.57 1.61
E 11 43 0.022863 0.005201 366.99 5.41
E 11 45 0.021043 0.004931 300.00 0.67
E 11 49 0.022508 0.004212 408.84 230.57
E 11 55 0.019782 0.000611 329.61 239.05
E 11 56 0.022357 0.003968 387.82 4.59
E 11 62 0.016803 0.003366 270.52 3.09
E 11 63 0.021377 0.003562 333.52 132.23
E 11 67 0.024648 0.008286 445.01 1.03
E 11 71 0.018963 0.005088 302.32 7.79
E 11 72 0.021377 0.003562 323.10 127.42
E 11 74 0.025954 0.000000 335.31 0.75
E 11 78 0.019110 0.004489 347.84 6.00
E 11 79 0.020191 0.000170 524.62 2.30
E 11 81 0.020698 0.005766 380.02 129.16
E 11 83 0.019779 0.004721 299.65 0.39
E 11 87 0.021486 0.004799 340.77 13.93
E 12 17 0.025347 0.005463 375.07 14.32
E 12 24 0.028889 0.007941 453.07 41.01
E 12 32 0.016955 0.002515 274.69 1.84
E 12 36 0.022315 0.004579 353.58 3.02
E 12 38 0.017267 0.003928 284.48 1.53
E 12 41 0.024600 0.006954 404.29 29.57
E 12 47 0.018066 0.005615 297.01 53.26
E 12 50 0.022395 0.004787 328.32 3.49
E 12 51 0.027814 0.006186 428.00 10.48
E 12 53 0.018807 0.002958 293.83 0.88
E 12 57 0.028738 0.002307 428.28 31.62
E 12 58 0.020968 0.004141 326.92 2.42
E 12 59 0.025618 0.000339 419.17 5.10
E 12 60 0.032159 0.005621 428.22 2.00
E 12 69 0.020647 0.003750 333.68 7.49
E 12 70 0.020934 0.003869 335.82 64.02
E 12 75 0.026489 0.005944 368.25 0.65
E 12 84 0.020881 0.003959 343.41 15.62
E 12 86 0.017916 0.002967 297.23 6.66
E 12 88 0.016788 0.004280 268.87 2.64
E 12 91 0.021055 0.005121 340.07 3.20
E 12 98 0.022001 0.004023 360.16 3.06
E 12 99 0.020551 0.005850 338.20 2.08
E 13 17 0.024666 0.005005 383.53 17.49
E 13 20 0.002865 0.000000 300.00 0.54
E 13 24 0.028161 0.007705 409.40 21.79
E 13 26 0.020734 0.007530 357.94 8.42
E 13 32 0.024578 0.003186 356.14 7.67
E 13 33 0.019173 0.003925 342.13 118.18
E 13 37 0.027931 0.004692 461.35 1.27
E 13 38 0.024892 0.003460 373.76 6.54
E 13 41 0.030323 0.008122 433.04 76.33
E 13 45 0.022697 0.004666 339.91 1.27
E 13 47 0.024482 0.004260 406.79 27.21
E 13 48 0.027063 0.003668 394.43 13.89
E 13 50 0.023410 0.005009 377.87 3.18
E 13 51 0.030039 0.007024 421.77 4.80
E 13 52 0.026592 0.003443 391.12 19.70
E 13 53 0.024895 0.005280 372.63 1.26
E 13 57 0.027266 0.004308 428.61 66.46
E 13 58 0.023944 0.004091 375.32 0.89
E 13 59 0.027575 0.003952 397.07 6.59
E 13 60 0.031320 0.007123 482.58 1.89
E 13 61 0.028669 0.005471 470.13 11.80
E 13 69 0.023052 0.002987 366.98 6.53
E 13 70 0.024007 0.003350 332.19 22.88
E 13 75 0.025014 0.005199 366.55 0.41
E 13 84 0.023536 0.003085 389.86 25.30
E 13 88 0.024599 0.006181 390.25 2.12
E 13 91 0.023564 0.004517 374.12 5.07
E 13 94 0.029503 0.004107 428.11 1.47
E 13 98 0.023564 0.003796 377.21 5.31
E 13 99 0.022417 0.005682 380.87 3.15
E 14 17 0.025347 0.005760 365.89 14.27
E 14 24 0.028889 0.007941 408.50 41.76
E 14 32 0.020918 0.005156 307.24 1.84
E 14 36 0.023318 0.005956 381.40 1.31
E 14 38 0.021718 0.005289 344.66 1.54
E 14 41 0.024600 0.000000 501.51 28.56
E 14 47 0.020951 0.005633 320.24 53.05
E 14 50 0.022782 0.005766 350.74 3.45
E 14 51 0.027814 0.007335 400.62 10.11
E 14 53 0.021583 0.005251 338.16 0.91
E 14 57 0.028738 0.002374 482.15 32.96
E 14 58 0.022114 0.006095 335.26 2.48
E 14 59 0.025618 0.002827 390.26 5.12
E 14 60 0.032158 0.007420 389.54 1.99
E 14 69 0.022415 0.006305 323.80 7.12
E 14 70 0.022725 0.005783 337.26 64.34
E 14 75 0.026249 0.005970 420.37 0.62
E 14 84 0.022516 0.006127 352.45 15.56
E 14 86 0.021217 0.005575 315.22 6.75
E 14 88 0.020441 0.005147 361.19 2.65
E 14 91 0.022575 0.006031 339.03 3.25
E 14 98 0.022382 0.006094 363.72 3.09
E 14 99 0.022394 0.006253 358.95 2.10
E 15 16 0.022334 0.005599 348.19 21.77
E 15 22 0.022754 0.005879 325.67 0.26
E 15 25 0.022598 0.005878 336.76 0.14
E 15 27 0.022361 0.004871 324.98 986.37
E 15 28 0.023258 0.006106 367.74 166.29
E 15 31 0.022546 0.005906 344.32 6.23
E 15 33 0.022776 0.005970 361.95 8.27
E 15 36 0.024342 0.007236 361.70 0.53
E 15 43 0.022735 0.002374 384.41 3.96
E 15 45 0.023403 0.005870 392.19 0.32
E 15 49 0.022265 0.005088 357.64 0.00
E 15 51 0.023583 0.005050 389.38 8.08
E 15 57 0.021368 0.003457 334.09 55.96
E 15 67 0.022696 0.005942 381.23 4.96
E 15 71 0.022624 0.005703 348.77 116.69
E 15 74 0.023330 0.006360 378.74 0.17
E 15 75 0.024156 0.004757 399.59 0.86
E 15 78 0.023181 0.002991 371.77 0.83
E 15 81 0.023108 0.002646 304.87 1665.66
E 15 83 0.022721 0.005835 362.69 0.43
E 15 87 0.022683 0.005918 362.27 9.72
E 15 89 0.022474 0.006106 346.03 2.24
E 16 18 0.020493 0.002374 315.50 4.69
E 16 25 0.019851 0.002699 310.32 13.74
E 16 26 0.021296 0.003187 313.24 5.46
E 16 27 0.018268 0.001272 366.27 4.01
E 16 31 0.018809 0.004360 307.48 0.00
E 16 33 0.020944 0.002945 309.59 2.61
E 16 35 0.018714 0.000878 323.55 1.35
E 16 36 0.022632 0.005902 328.75 11.50
E 16 43 0.018740 0.003572 296.72 21.02
E 16 44 0.023375 0.004519 332.05 3.35
E 16 45 0.021997 0.005628 340.68 26.87
E 16 49 0.018728 0.001552 303.34 4.56
E 16 56 0.016664 0.000463 276.04 35.68
E 16 62 0.019405 0.003036 320.20 54.67
E 16 63 0.020396 0.005643 317.12 3.95
E 16 67 0.022339 0.005108 338.19 25.07
E 16 69 0.023922 0.009023 409.43 6.10
E 16 71 0.019994 0.004445 324.94 2.97
E 16 74 0.023664 0.004907 376.38 24.94
E 16 78 0.019524 0.003783 299.70 3.34
E 16 79 0.016410 0.000308 246.04 4.29
E 16 81 0.017255 0.000631 298.36 1.92
E 16 83 0.020747 0.004494 289.09 4.88
E 16 87 0.021268 0.003991 324.19 0.13
E 16 89 0.018699 0.003816 302.39 0.06
E 16 93 0.021653 0.005402 342.19 10.31
E 16 95 0.022225 0.005736 343.33 485.40
E 17 21 0.024936 0.005131 414.49 14.33
E 17 24 0.027802 0.006566 418.93 0.50
E 17 32 0.025286 0.005662 394.14 3.46
E 17 37 0.025284 0.004906 390.11 2.49
E 17 38 0.024243 0.005472 393.02 7.06
E 17 40 0.024707 0.005123 392.11 17.89
E 17 41 0.027009 0.005509 432.10 2.51
E 17 44 0.025100 0.006696 385.34 17.25
E 17 47 0.025096 0.006049 385.55 4.63
E 17 48 0.024614 0.005450 382.40 41.72
E 17 50 0.025408 0.006148 393.29 1.64
E 17 51 0.027682 0.007029 403.07 1.42
E 17 52 0.024938 0.008050 373.71 6.89
E 17 53 0.024870 0.005165 388.79 0.76
E 17 57 0.028738 0.004635 482.57 1.89
E 17 58 0.024819 0.005946 373.70 4.43
E 17 59 0.026026 0.005801 417.47 1.93
E 17 60 0.026952 0.006132 389.49 1.86
E 17 64 0.025224 0.005873 378.71 17.43
E 17 66 0.025199 0.007423 385.93 24.79
E 17 69 0.025337 0.006843 402.39 0.11
E 17 70 0.024894 0.004980 363.81 0.62
E 17 73 0.026860 0.005990 424.91 18.33
E 17 75 0.024458 0.005352 390.38 18.74
E 17 76 0.025609 0.006167 395.59 17.03
E 17 84 0.024911 0.006280 371.97 0.51
E 17 85 0.025041 0.005742 382.02 45.25
E 17 86 0.024204 0.003915 384.86 4.09
E 17 88 0.025948 0.006571 417.62 0.62
E 17 91 0.025064 0.006477 386.23 0.37
E 17 92 0.023838 0.006848 401.63 4.30
E 17 94 0.027095 0.005993 409.10 1.36
E 17 97 0.023838 0.006848 410.99 2.40
E 17 98 0.025032 0.006268 376.12 0.84
E 17 99 0.024953 0.006507 417.08 1.49
E 18 19 0.024475 0.004869 371.43 0.82
E 18 20 0.025428 0.005752 406.03 2.18
E 18 23 0.024329 0.004893 348.54 0.93
E 18 25 0.019083 0.002976 288.83 1.01
E 18 26 0.021814 0.004713 304.22 2.38
E 18 27 0.019252 0.002748 317.84 1.22
E 18 28 0.020269 0.003053 309.30 0.96
E 18 29 0.019180 0.002770 322.14 8.53
E 18 30 0.024125 0.004493 436.91 23.63
E 18 33 0.019322 0.003075 321.39 2.67
E 18 34 0.025759 0.006444 375.28 0.88
E 18 35 0.021738 0.003405 343.29 6.60
E 18 37 0.031344 0.004033 423.62 2.92
E 18 39 0.024566 0.004980 350.78 0.46
E 18 42 0.024816 0.005050 405.59 0.42
E 18 43 0.018945 0.004730 330.52 0.80
E 18 45 0.025600 0.004350 444.80 0.15
E 18 46 0.024815 0.005050 396.90 0.55
E 18 47 0.024033 0.001017 359.77 1.78
E 18 48 0.027628 0.004655 410.55 0.39
E 18 49 0.018854 0.002533 314.45 1.57
E 18 51 0.026918 0.004410 421.66 2.37
E 18 52 0.026494 0.004029 400.53 3.55
E 18 54 0.024118 0.004636 379.34 1.94
E 18 55 0.019060 0.002614 286.83 0.86
E 18 56 0.018853 0.002533 307.13 7.82
E 18 57 0.025376 0.004496 385.93 3.79
E 18 59 0.027293 0.005242 454.01 2.90
E 18 60 0.029184 0.005918 443.99 0.89
E 18 61 0.028390 0.005246 447.53 0.97
E 18 63 0.019141 0.004896 350.94 1.23
E 18 65 0.027965 0.007929 414.10 0.38
E 18 66 0.030944 0.006992 466.08 1.52
E 18 67 0.021297 0.004308 343.65 1.62
E 18 68 0.024660 0.004670 414.37 1.11
E 18 72 0.018566 0.002447 290.20 0.83
E 18 73 0.030394 0.006756 453.74 1.65
E 18 74 0.021685 0.003966 379.89 6.29
E 18 75 0.024940 0.001187 493.32 4.98
E 18 77 0.025429 0.004945 377.90 0.97
E 18 79 0.018853 0.002533 292.36 49.96
E 18 80 0.026489 0.006444 432.54 4.04
E 18 81 0.019060 0.002614 306.16 1.22
E 18 82 0.024505 0.004784 350.32 0.22
E 18 90 0.024717 0.004955 403.37 0.36
E 18 92 0.026632 0.004670 418.21 7.54
E 18 94 0.029128 0.004410 426.45 0.14
E 18 95 0.022491 0.007452 330.03 0.18
E 19 20 0.023363 0.002278 368.91 809.82
E 19 22 0.027483 0.005062 445.54 396.91
E 19 23 0.021065 0.001299 336.96 0.72
E 19 24 0.022299 0.002247 353.81 49.84
E 19 26 0.022564 0.000000 578.04 141.59
E 19 29 0.028558 0.002827 447.89 1.97
E 19 30 0.022280 0.001001 360.09 21.28
E 19 34 0.023930 0.004803 351.84 1.95
E 19 35 0.024259 0.004325 363.47 97.73
E 19 37 0.027963 0.004636 428.20 0.45
E 19 39 0.021747 0.001241 347.79 2.43
E 19 41 0.029593 0.005634 452.58 2.26
E 19 42 0.020439 0.000421 317.44 7.15
E 19 45 0.026889 0.003816 410.30 1.72
E 19 46 0.020461 0.000417 329.38 9.19
E 19 47 0.023582 0.001951 434.33 18.25
E 19 48 0.025325 0.003461 409.38 0.64
E 19 51 0.027928 0.006508 402.76 0.22
E 19 52 0.026308 0.003702 419.54 3.54
E 19 54 0.022437 0.001048 356.08 1.78
E 19 57 0.024408 0.004149 380.25 9.43
E 19 59 0.028340 0.004609 460.47 12.09
E 19 60 0.025877 0.004427 407.79 1.32
E 19 61 0.025700 0.004423 406.59 5.56
E 19 65 0.026778 0.007495 409.00 0.40
E 19 66 0.027329 0.006165 425.93 1.19
E 19 68 0.022374 0.001144 363.63 1.88
E 19 73 0.030511 0.007453 481.99 1.11
E 19 77 0.023321 0.002614 354.61 0.25
E 19 80 0.024881 0.004410 396.83 0.75
E 19 82 0.020760 0.000595 330.21 1.69
E 19 90 0.020350 0.002714 320.31 72.61
E 19 92 0.024801 0.003307 382.63 103.65
E 19 94 0.029270 0.004866 469.79 2.64
E 19 97 0.023098 0.001755 357.93 101.51
E 19 100 0.024712 0.004092 369.81 2.74
E 20 23 0.023363 0.002278 390.15 2.34
E 20 30 0.023404 0.002371 370.94 0.00
E 20 34 0.025435 0.004803 386.11 0.41
E 20 35 0.025905 0.004325 414.89 48.18
E 20 37 0.027797 0.004434 381.90 0.83
E 20 39 0.023337 0.002212 351.88 2.37
E 20 41 0.026433 0.004396 373.13 0.00
E 20 42 0.023383 0.002261 349.67 0.80
E 20 45 0.026888 0.005106 426.25 1.06
E 20 46 0.023372 0.002220 360.58 17.30
E 20 47 0.025616 0.001865 364.32 2.66
E 20 48 0.025303 0.003402 383.24 2.09
E 20 50 0.023922 0.000000 378.00 0.00
E 20 51 0.026580 0.005552 397.28 0.37
E 20 54 0.023409 0.002324 361.46 0.00
E 20 60 0.026379 0.004811 388.70 5.81
E 20 61 0.025738 0.004479 389.32 0.12
E 20 64 0.029915 0.007010 636.75 5.99
E 20 65 0.026646 0.006604 388.17 0.43
E 20 66 0.027432 0.006244 392.80 5.24
E 20 68 0.023314 0.002141 365.45 4.51
E 20 73 0.027954 0.005912 438.18 5.34
E 20 75 0.026749 0.003505 457.47 6.11
E 20 77 0.023292 0.002636 365.20 2.31
E 20 80 0.024776 0.004029 354.98 0.71
E 20 82 0.023382 0.002261 364.32 1.70
E 20 90 0.023384 0.003150 364.91 1.88
E 20 92 0.024779 0.003294 390.85 4.46
E 20 94 0.027420 0.004741 410.09 4.52
E 20 97 0.023308 0.002135 368.34 4.51
E 21 24 0.029039 0.007678 462.02 41.09
E 21 32 0.015051 0.002442 228.28 1.84
E 21 36 0.022149 0.004532 350.14 2.79
E 21 38 0.014595 0.003645 228.60 1.53
E 21 41 0.025860 0.008577 620.57 29.85
E 21 47 0.020153 0.004711 311.55 53.04
E 21 50 0.022264 0.004566 356.06 3.45
E 21 51 0.027528 0.005891 388.67 10.42
E 21 53 0.016618 0.002347 268.57 0.88
E 21 57 0.028738 0.002307 536.76 32.68
E 21 58 0.021303 0.004389 330.38 2.36
E 21 59 0.025505 0.005736 408.97 5.09
E 21 60 0.032158 0.007462 445.41 2.00
E 21 69 0.020620 0.004118 310.67 7.37
E 21 70 0.020408 0.004018 336.15 63.62
E 21 75 0.026770 0.006241 371.55 0.63
E 21 84 0.021026 0.004437 336.27 15.50
E 21 86 0.016004 0.002241 248.76 6.67
E 21 88 0.018862 0.007575 286.02 2.63
E 21 91 0.021364 0.005173 350.40 3.22
E 21 98 0.022905 0.004557 351.50 3.09
E 21 99 0.020573 0.005189 331.99 2.10
E 22 23 0.026716 0.003990 398.53 2.56
E 22 25 0.024356 0.003683 357.20 7.52
E 22 26 0.025070 0.002441 480.11 1.28
E 22 27 0.021547 0.002035 302.83 7.66
E 22 28 0.028961 0.007172 481.04 1.26
E 22 29 0.025583 0.003477 412.62 6.88
E 22 30 0.025357 0.003484 384.22 268.59
E 22 31 0.024175 0.005004 459.39 181.44
E 22 33 0.025249 0.003012 372.32 0.30
E 22 35 0.024841 0.007074 473.87 0.01
E 22 36 0.025311 0.007123 403.02 0.05
E 22 39 0.025342 0.003497 407.91 12.35
E 22 41 0.025146 0.003660 403.17 0.00
E 22 42 0.027144 0.004636 370.46 321.93
E 22 43 0.024554 0.003223 344.34 14.60
E 22 44 0.025205 0.004816 399.41 3.67
E 22 45 0.026621 0.004945 409.73 19.37
E 22 49 0.024300 0.005065 375.55 151.70
E 22 50 0.024963 0.003702 399.64 12.88
E 22 51 0.027044 0.004887 385.87 27.56
E 22 55 0.024175 0.005003 353.09 78.71
E 22 56 0.024554 0.003460 402.01 25.31
E 22 58 0.013139 0.002144 1352.00 1.82
E 22 59 0.025991 0.004795 400.45 0.06
E 22 60 0.025846 0.004610 404.95 7.61
E 22 62 0.024553 0.003223 339.11 0.08
E 22 63 0.021547 0.000339 402.29 7.44
E 22 67 0.025035 0.006207 349.03 6.37
E 22 69 0.002129 0.000000 208.00 8.44
E 22 71 0.026388 0.006290 412.49 0.01
E 22 72 0.004065 0.000064 392.00 9.62
E 22 74 0.026579 0.005297 383.69 115.80
E 22 77 0.025459 0.003618 371.60 10.11
E 22 78 0.024174 0.005004 480.98 94.51
E 22 79 0.024065 0.003004 371.85 0.31
E 22 80 0.023615 0.005040 437.49 4.59
E 22 81 0.024175 0.006558 359.02 6.68
E 22 82 0.023583 0.002337 371.77 9.90
E 22 83 0.016084 0.002432 1604.00 1.37
E 22 87 0.024302 0.004313 311.01 0.00
E 23 24 0.022315 0.002155 323.08 35.56
E 23 26 0.022480 0.000594 309.92 290.22
E 23 29 0.029689 0.001696 320.62 8.20
E 23 30 0.022259 0.001630 345.51 107.03
E 23 34 0.023792 0.005141 356.06 1.04
E 23 35 0.024259 0.004325 406.59 0.77
E 23 37 0.027963 0.004636 409.18 0.58
E 23 39 0.021774 0.001617 351.48 1.29
E 23 42 0.020775 0.001164 340.62 0.46
E 23 45 0.026889 0.003816 445.55 1.07
E 23 46 0.020746 0.001162 313.23 0.29
E 23 47 0.023073 0.001017 419.69 56.89
E 23 48 0.025326 0.003490 412.46 0.94
E 23 51 0.028297 0.004410 416.98 0.14
E 23 52 0.026018 0.003707 397.49 2.53
E 23 54 0.022545 0.001749 382.79 5.54
E 23 57 0.024069 0.004070 386.32 404.54
E 23 59 0.027394 0.003419 385.60 10.43
E 23 60 0.025806 0.004545 373.77 2.15
E 23 61 0.025661 0.004545 388.36 7.42
E 23 65 0.026778 0.007495 419.10 0.28
E 23 66 0.027329 0.006165 425.50 0.93
E 23 68 0.022395 0.001639 387.00 1.66
E 23 73 0.030467 0.006886 448.25 0.85
E 23 77 0.023327 0.002585 338.74 0.46
E 23 80 0.024804 0.004427 380.50 0.64
E 23 82 0.021195 0.001334 327.65 0.32
E 23 90 0.020707 0.002610 335.44 8.92
E 23 94 0.029142 0.004690 424.63 1.01
E 24 30 0.022549 0.002557 386.70 171.76
E 24 32 0.028797 0.006796 386.82 0.86
E 24 34 0.024140 0.004527 370.80 3.50
E 24 36 0.030267 0.008452 405.66 0.55
E 24 37 0.025528 0.004937 371.33 1.54
E 24 38 0.027718 0.006614 416.99 0.19
E 24 39 0.022486 0.002462 354.97 10.33
E 24 40 0.029139 0.007516 437.67 20.99
E 24 41 0.027735 0.005766 415.01 1.00
E 24 42 0.021367 0.001325 370.79 49.21
E 24 45 0.028501 0.005936 504.63 3.98
E 24 46 0.021361 0.001368 350.19 41.56
E 24 47 0.027644 0.005950 430.84 3.89
E 24 48 0.025014 0.005019 365.27 1.35
E 24 50 0.029327 0.008406 420.88 1.62
E 24 51 0.027726 0.006205 436.53 4.10
E 24 53 0.025557 0.006030 399.23 2.41
E 24 54 0.021575 0.002742 346.29 1734.18
E 24 57 0.029010 0.002883 450.21 34.78
E 24 58 0.028020 0.006599 405.30 7.21
E 24 59 0.026648 0.005118 415.85 0.37
E 24 60 0.026688 0.005434 418.53 2.36
E 24 61 0.025096 0.004438 393.24 6.89
E 24 64 0.028592 0.007566 430.15 21.80
E 24 65 0.024321 0.003790 403.60 79.76
E 24 66 0.026461 0.005461 400.92 57.49
E 24 68 0.022695 0.002568 355.60 68.87
E 24 69 0.031347 0.010704 395.24 0.58
E 24 70 0.027170 0.006417 436.55 0.31
E 24 73 0.027926 0.005720 399.49 56.10
E 24 75 0.028670 0.008039 410.13 5.30
E 24 76 0.030156 0.007944 407.12 50.83
E 24 77 0.022487 0.002462 368.05 49.41
E 24 80 0.025016 0.005169 386.52 0.91
E 24 82 0.021339 0.001514 316.34 2.07
E 24 84 0.028489 0.008084 394.49 0.14
E 24 85 0.028408 0.007311 425.38 20.31
E 24 86 0.025012 0.004334 344.59 0.45
E 24 88 0.028099 0.006748 449.62 0.74
E 24 90 0.021367 0.002650 327.64 2.79
E 24 91 0.028489 0.008084 463.79 2.83
E 24 92 0.022488 0.002462 351.04 192.43
E 24 97 0.023771 0.002906 355.35 0.00
E 24 100 0.024356 0.005373 376.80 0.00
E 25 26 0.021242 0.003124 346.18 1.30
E 25 27 0.019004 0.001842 333.21 278.14
E 25 28 0.020909 0.002908 335.29 77.30
E 25 31 0.021121 0.004527 339.27 0.16
E 25 33 0.020896 0.002917 332.47 244.45
E 25 35 0.019290 0.002281 303.92 1077.90
E 25 36 0.005074 0.000032 460.00 2.72
E 25 43 0.020291 0.005276 330.51 3.34
E 25 45 0.022581 0.005279 332.64 4.74
E 25 49 0.019699 0.002645 326.05 10.26
E 25 55 0.018973 0.001773 320.74 23.30
E 25 56 0.019117 0.001908 316.50 2.18
E 25 62 0.021121 0.003816 355.55 9.17
E 25 63 0.019627 0.005999 316.63 272.61
E 25 67 0.022304 0.005051 355.36 0.14
E 25 69 0.001681 0.000000 152.00 0.23
E 25 71 0.020389 0.003508 328.52 223.69
E 25 72 0.019215 0.001039 356.71 257.03
E 25 74 0.022477 0.004606 337.53 0.25
E 25 78 0.019914 0.002996 312.84 0.81
E 25 79 0.018951 0.001753 299.37 253.60
E 25 81 0.019234 0.002024 311.98 250.43
E 25 83 0.020781 0.003482 325.40 0.80
E 25 87 0.021078 0.003763 325.54 15.93
E 25 89 0.020906 0.003628 345.77 40.32
E 25 96 0.018972 0.002502 290.69 0.00
E 26 27 0.021988 0.004161 347.47 123.99
E 26 28 0.021273 0.003198 344.72 3.48
E 26 29 0.021394 0.003188 330.76 216.87
E 26 30 0.023468 0.002781 339.12 23.15
E 26 31 0.020528 0.003188 309.60 126.97
E 26 33 0.021332 0.003233 348.06 3.02
E 26 35 0.021328 0.003343 343.83 0.56
E 26 37 0.029550 0.003528 508.17 3.48
E 26 42 0.001937 0.000000 184.00 273.43
E 26 43 0.021787 0.003392 361.93 4.05
E 26 44 0.023921 0.003411 414.12 29.25
E 26 45 0.022157 0.005039 358.22 3.33
E 26 46 0.001937 0.000000 184.00 168.62
E 26 47 0.023582 0.001018 381.67 2.43
E 26 48 0.026974 0.001018 357.72 0.71
E 26 49 0.021382 0.003058 322.73 4.70
E 26 50 0.023989 0.003731 325.26 0.52
E 26 51 0.024059 0.002572 367.38 7.13
E 26 52 0.031788 0.006852 445.81 0.29
E 26 54 0.023468 0.003780 431.51 87.18
E 26 55 0.021447 0.003153 339.71 697.83
E 26 56 0.021338 0.003130 353.03 2.62
E 26 57 0.028626 0.002781 440.22 105.96
E 26 60 0.031552 0.001526 803.43 2.90
E 26 62 0.021417 0.002907 347.06 1.82
E 26 63 0.021570 0.004372 315.99 126.65
E 26 65 0.003842 0.000032 364.00 87.34
E 26 66 0.027200 0.002781 347.17 30.17
E 26 67 0.022189 0.004677 356.27 3.56
E 26 68 0.001937 0.000000 184.00 90.64
E 26 69 0.018742 0.001856 1820.00 0.54
E 26 71 0.020792 0.003486 343.91 15.71
E 26 73 0.028781 0.002781 366.25 28.17
E 26 74 0.022668 0.004776 351.68 0.54
E 26 75 0.026805 0.002186 420.04 4.87
E 26 76 0.026925 0.003779 430.45 25.74
E 26 77 0.022855 0.000145 629.92 176.78
E 26 78 0.021184 0.003691 316.89 1.27
E 26 79 0.021963 0.003961 367.49 0.06
E 26 80 0.033759 0.005766 481.01 1.03
E 26 81 0.021402 0.003392 306.12 113.13
E 26 83 0.021355 0.003533 329.27 0.06
E 26 87 0.021365 0.004107 341.13 10.68
E 26 89 0.020826 0.002756 352.13 0.03
E 26 92 0.026183 0.001583 382.69 63.63
E 26 97 0.024261 0.000226 367.09 0.00
E 26 100 0.003121 0.000000 332.00 0.00
E 27 28 0.019921 0.002546 316.18 154.00
E 27 29 0.018633 0.001003 295.14 3.38
E 27 33 0.021189 0.003547 340.20 117.80
E 27 35 0.019323 0.002468 298.72 13.72
E 27 43 0.018922 0.003401 306.02 2.08
E 27 49 0.017993 0.001071 285.59 819.18
E 27 55 0.016914 0.000734 273.81 0.66
E 27 56 0.017117 0.000754 274.81 5.46
E 27 62 0.020406 0.001542 320.22 5.86
E 27 67 0.022407 0.004799 338.39 288.53
E 27 72 0.016860 0.000703 275.80 0.16
E 27 74 0.021538 0.003630 342.17 21.54
E 27 78 0.018916 0.002764 304.89 28.68
E 27 79 0.016916 0.000728 257.87 352.18
E 27 81 0.017669 0.001190 274.77 23.53
E 27 95 0.022027 0.005589 333.40 5.27
E 27 96 0.018827 0.003826 303.22 2.65
E 28 31 0.020796 0.004282 320.52 9.57
E 28 33 0.021104 0.003383 319.39 0.55
E 28 35 0.020425 0.002495 326.44 1.82
E 28 36 0.021839 0.002762 357.13 1.50
E 28 43 0.020112 0.004603 344.46 5.53
E 28 49 0.020601 0.002796 319.07 0.89
E 28 55 0.019419 0.001987 296.59 87.71
E 28 56 0.019657 0.002105 344.19 7.26
E 28 62 0.020010 0.002314 324.13 5.47
E 28 63 0.019349 0.003731 327.94 140.06
E 28 67 0.022257 0.004451 371.58 218.31
E 28 72 0.018963 0.001946 279.72 134.26
E 28 74 0.022492 0.004603 345.13 141.61
E 28 78 0.020260 0.003097 321.70 21.99
E 28 79 0.019917 0.002494 299.08 0.43
E 28 81 0.019945 0.002452 333.44 129.56
E 28 83 0.020628 0.003270 337.26 0.11
E 28 87 0.021160 0.003702 320.60 4.93
E 28 89 0.022226 0.003901 327.98 1.23
E 28 93 0.020824 0.004933 373.96 0.00
E 28 95 0.022322 0.005258 359.81 0.00
E 28 96 0.019961 0.004762 306.03 0.00
E 29 30 0.030422 0.005597 435.88 0.01
E 29 33 0.020987 0.003081 331.94 2.79
E 29 34 0.028671 0.000000 578.60 5.29
E 29 35 0.019626 0.001906 305.25 34.03
E 29 37 0.029005 0.003816 501.54 14.00
E 29 39 0.002641 0.000000 272.00 359.51
E 29 42 0.002641 0.000000 272.00 10.49
E 29 43 0.018768 0.003824 325.47 3.15
E 29 44 0.026701 0.004511 400.39 1.91
E 29 45 0.024193 0.005126 373.74 4.12
E 29 46 0.002641 0.000000 272.00 0.04
E 29 47 0.027991 0.001018 383.73 0.62
E 29 48 0.028558 0.002827 469.26 16.26
E 29 49 0.018984 0.001642 312.57 0.91
E 29 50 0.028896 0.003731 534.68 3.29
E 29 51 0.026404 0.004681 395.66 67.84
E 29 52 0.027068 0.004240 497.89 16.06
E 29 54 0.029518 0.003647 453.15 4.26
E 29 56 0.018661 0.000822 299.13 3.15
E 29 57 0.028441 0.003816 433.92 0.11
E 29 58 0.002225 0.000000 220.00 22.31
E 29 60 0.031551 0.003816 545.04 12.27
E 29 61 0.006177 0.000768 656.00 1.21
E 29 62 0.022130 0.002809 388.42 4.19
E 29 63 0.019221 0.005266 283.85 3.45
E 29 64 0.002161 0.000000 212.00 2.12
E 29 65 0.028558 0.002827 435.35 0.77
E 29 66 0.027906 0.003816 396.53 1.64
E 29 68 0.027992 0.000000 385.08 2.16
E 29 69 0.018196 0.003552 1868.00 0.83
E 29 71 0.020812 0.002853 334.84 2.37
E 29 72 0.017242 0.000324 272.62 2.85
E 29 73 0.028780 0.003816 561.64 1.68
E 29 74 0.022623 0.004722 324.27 11.53
E 29 75 0.026805 0.005224 555.03 116.41
E 29 76 0.027906 0.003816 476.97 1.76
E 29 77 0.028558 0.002827 411.26 4.02
E 29 78 0.018916 0.002958 309.68 4.42
E 29 79 0.017926 0.000982 282.27 103.32
E 29 80 0.033758 0.005766 492.78 12.13
E 29 81 0.018643 0.000811 289.29 2.90
E 29 82 0.005778 0.000032 548.00 21.17
E 29 87 0.021898 0.003948 336.86 14.17
E 29 92 0.028873 0.002827 494.22 2.81
E 29 93 0.022224 0.006428 343.60 1.80
E 29 94 0.031975 0.004325 493.24 0.00
E 29 95 0.022416 0.005745 362.29 0.00
E 29 97 0.027992 0.005563 350.38 0.00
E 30 34 0.023716 0.004862 379.31 8.60
E 30 35 0.025241 0.005869 335.68 16.25
E 30 37 0.026774 0.004625 405.35 21.25
E 30 39 0.022181 0.001340 352.46 83.54
E 30 45 0.026634 0.003912 426.58 43.99
E 30 46 0.022222 0.001031 354.11 0.08
E 30 48 0.025173 0.003241 378.04 27.05
E 30 51 0.026580 0.005552 410.89 26.07
E 30 52 0.025424 0.003923 378.89 26.43
E 30 54 0.022443 0.001149 347.34 1.97
E 30 57 0.023852 0.003962 352.50 0.52
E 30 60 0.025804 0.004540 383.53 8.76
E 30 61 0.025277 0.004322 379.24 1.15
E 30 62 0.001873 0.000000 176.00 3.69
E 30 65 0.026346 0.006423 418.49 0.21
E 30 66 0.027439 0.006327 406.99 4.06
E 30 68 0.022298 0.001109 359.08 1.52
E 30 73 0.027931 0.006047 437.66 8.17
E 30 74 0.024430 0.004919 388.99 1.32
E 30 77 0.023290 0.002746 362.23 7.00
E 30 79 0.023806 0.000113 478.96 82.21
E 30 80 0.024486 0.003672 392.36 20.87
E 30 82 0.022256 0.001039 354.33 11.10
E 30 90 0.022173 0.002400 369.09 17.75
E 30 92 0.024616 0.003353 366.48 75.07
E 30 94 0.026816 0.004540 386.94 0.16
E 30 95 0.023583 0.002488 413.65 0.00
E 30 97 0.022897 0.001464 356.46 0.00
E 30 100 0.024718 0.004190 392.65 0.00
E 31 33 0.020427 0.001526 291.78 7.14
E 31 36 0.024777 0.007418 361.85 36.03
E 31 43 0.022320 0.004555 307.66 2.21
E 31 45 0.021133 0.004973 344.99 1.44
E 31 49 0.022111 0.003675 383.66 0.22
E 31 55 0.020190 0.003561 367.84 0.03
E 31 56 0.022788 0.004259 341.79 1.88
E 31 62 0.017362 0.004244 272.56 0.00
E 31 63 0.025957 0.000000 596.01 7.00
E 31 67 0.024472 0.007505 409.79 0.17
E 31 71 0.019024 0.003968 281.85 0.11
E 31 72 0.002449 0.000000 248.00 5.53
E 31 74 0.025955 0.000000 452.17 0.62
E 31 78 0.017983 0.001235 452.13 0.90
E 31 81 0.022113 0.006558 380.64 6.25
E 31 83 0.019778 0.004940 322.63 159.93
E 31 87 0.021231 0.004862 322.65 95.77
E 31 89 0.017052 0.003817 266.32 11.20
E 31 93 0.021270 0.005681 322.52 20.14
E 31 95 0.024854 0.004452 503.05 165.15
E 31 96 0.002449 0.000000 248.00 115.59
E 32 34 0.024040 0.003641 364.32 0.34
E 32 37 0.026084 0.005071 399.90 15.46
E 32 38 0.016798 0.002710 258.04 8.29
E 32 40 0.018906 0.004382 304.74 5.49
E 32 41 0.031382 0.007345 412.32 1.50
E 32 46 0.001457 0.000000 124.00 2.27
E 32 48 0.028429 0.004628 377.58 0.79
E 32 53 0.015038 0.002485 240.62 4.64
E 32 58 0.027088 0.004183 372.75 1.72
E 32 59 0.028838 0.004681 443.78 4.45
E 32 61 0.027382 0.004160 391.59 0.32
E 32 64 0.024052 0.001670 374.95 7.84
E 32 68 0.024375 0.000848 460.72 4.80
E 32 73 0.029169 0.004161 415.02 7.78
E 32 80 0.023963 0.003053 373.87 73.73
E 32 85 0.016354 0.003556 277.23 5.79
E 32 86 0.015124 0.002368 229.38 28.48
E 32 88 0.017485 0.005195 280.88 2.01
E 32 92 0.028219 0.002827 469.97 0.00
E 32 98 0.022650 0.001781 333.78 8.07
E 33 35 0.021117 0.003356 331.45 0.17
E 33 36 0.022564 0.000781 366.62 5.70
E 33 43 0.021016 0.003896 358.58 6.70
E 33 44 0.029052 0.005088 492.27 85.42
E 33 45 0.021797 0.005286 329.56 4.68
E 33 49 0.020907 0.002916 330.63 0.17
E 33 51 0.022966 0.002775 491.25 13.34
E 33 52 0.025678 0.005578 429.80 1.27
E 33 55 0.020891 0.002911 321.91 12.71
E 33 56 0.020967 0.002977 319.96 2.72
E 33 62 0.021296 0.001785 362.31 0.15
E 33 63 0.019910 0.006077 342.51 115.43
E 33 67 0.022180 0.004659 343.68 4.72
E 33 69 0.015622 0.000416 1488.00 6.15
E 33 71 0.021094 0.003702 341.90 68.42
E 33 74 0.022615 0.004766 356.13 115.29
E 33 78 0.020929 0.003092 318.02 110.09
E 33 79 0.019894 0.001660 301.97 0.96
E 33 81 0.021012 0.003227 339.64 109.74
E 33 83 0.020998 0.003479 310.11 1.48
E 33 87 0.021339 0.003961 342.28 78.88
E 33 89 0.020428 0.000780 292.18 0.00
E 33 93 0.021309 0.005806 332.79 0.88
E 33 95 0.022505 0.005366 367.43 21.94
E 34 35 0.026803 0.004410 370.32 6.62
E 34 37 0.022571 0.005752 352.68 17.39
E 34 38 0.024811 0.003533 390.44 9.50
E 34 39 0.023241 0.005363 407.78 1.12
E 34 40 0.024649 0.004652 414.75 2.04
E 34 41 0.031778 0.007886 469.46 4.61
E 34 42 0.024667 0.005556 336.03 0.42
E 34 45 0.028602 0.003562 443.15 0.83
E 34 46 0.024667 0.005556 386.78 2.65
E 34 47 0.020274 0.004925 330.72 2.45
E 34 48 0.027769 0.004918 394.27 0.74
E 34 52 0.027251 0.004928 371.63 56.18
E 34 54 0.024767 0.004163 406.50 1.85
E 34 57 0.027096 0.003971 450.84 1.17
E 34 59 0.028064 0.005215 419.34 6.32
E 34 60 0.029386 0.006426 436.39 0.40
E 34 61 0.025512 0.005416 386.38 0.78
E 34 65 0.029133 0.008289 449.80 0.91
E 34 66 0.030462 0.007947 418.73 1.22
E 34 68 0.025096 0.005427 401.91 1.11
E 34 73 0.030122 0.005875 462.04 1.23
E 34 77 0.025737 0.004985 380.69 1.14
E 34 80 0.024769 0.005435 370.28 7.39
E 34 82 0.023819 0.005601 356.38 1.88
E 34 88 0.015536 0.004258 282.08 3.14
E 34 90 0.024555 0.005293 394.65 7.35
E 34 92 0.027649 0.005588 406.66 1.70
E 34 94 0.030218 0.004876 464.19 1.40
E 34 97 0.024241 0.005534 383.05 0.25
E 35 37 0.029551 0.003528 505.50 11.19
E 35 39 0.024371 0.005314 674.03 23.26
E 35 42 0.024371 0.005314 507.40 118.26
E 35 43 0.019356 0.004070 312.87 12.02
E 35 45 0.022791 0.003617 353.07 6.65
E 35 46 0.024371 0.005314 379.54 48.25
E 35 47 0.001969 0.000000 188.00 0.30
E 35 48 0.028879 0.005314 450.87 2.17
E 35 51 0.024430 0.001950 433.99 47.92
E 35 52 0.026748 0.004070 410.02 1.46
E 35 54 0.022789 0.002290 375.08 2.17
E 35 55 0.019325 0.002468 304.10 184.03
E 35 56 0.019390 0.002621 309.32 21.84
E 35 57 0.025116 0.003691 350.54 0.51
E 35 63 0.019104 0.005580 336.00 14.21
E 35 65 0.027801 0.008777 404.05 88.21
E 35 66 0.027314 0.000849 539.90 9.55
E 35 68 0.024372 0.005314 507.86 8.33
E 35 72 0.019126 0.002300 317.69 18.54
E 35 73 0.029687 0.001696 508.30 9.84
E 35 74 0.022516 0.004537 347.27 0.00
E 35 77 0.024259 0.004325 358.63 3.09
E 35 78 0.018935 0.002803 300.07 86.88
E 35 79 0.019527 0.002717 323.68 0.41
E 35 80 0.032964 0.005314 451.18 15.92
E 35 81 0.019346 0.002493 307.86 13.60
E 35 82 0.024372 0.005314 367.16 227.19
E 35 90 0.025278 0.004410 327.10 11.32
E 35 92 0.028215 0.005314 507.86 2.93
E 35 94 0.029010 0.001356 341.82 145.57
E 35 95 0.022453 0.005784 369.78 274.29
E 35 96 0.019367 0.004362 313.11 2.45
E 35 97 0.024824 0.005314 402.27 268.37
E 35 100 0.026124 0.005314 390.97 29.05
E 36 41 0.025228 0.006477 400.45 0.02
E 36 44 0.023686 0.006075 357.88 0.35
E 36 48 0.025788 0.003788 480.58 3.10
E 36 49 0.006834 0.001568 680.00 25.38
E 36 51 0.026917 0.006197 389.56 13.76
E 36 52 0.025248 0.006888 379.67 12.25
E 36 58 0.023733 0.006094 379.80 15.12
E 36 59 0.026251 0.006602 387.76 0.65
E 36 60 0.029078 0.004749 431.42 0.26
E 36 67 0.024734 0.005834 358.46 8.08
E 36 69 0.023348 0.005732 379.59 3.68
E 36 70 0.022150 0.004492 382.36 10.03
E 36 71 0.023527 0.006491 374.84 2.51
E 36 74 0.024224 0.006671 407.83 8.65
E 36 75 0.024820 0.005776 400.25 291.14
E 36 76 0.024103 0.005879 354.97 6.77
E 36 83 0.024392 0.006784 390.90 2.57
E 36 84 0.023278 0.005609 356.56 2.86
E 36 87 0.024392 0.006784 379.29 31.24
E 36 98 0.023464 0.005836 372.70 0.00
E 37 38 0.027591 0.005398 415.17 0.60
E 37 39 0.029191 0.004253 376.40 0.78
E 37 40 0.027668 0.004778 377.37 1.42
E 37 41 0.031163 0.007565 480.86 4.38
E 37 42 0.028384 0.004427 423.07 1.75
E 37 44 0.030069 0.004028 460.88 1.93
E 37 45 0.030360 0.003515 433.79 2.81
E 37 46 0.028839 0.004452 417.66 0.28
E 37 47 0.022972 0.005084 351.35 7.41
E 37 48 0.027747 0.004311 426.75 3.75
E 37 50 0.028821 0.008013 415.70 3.52
E 37 51 0.028551 0.005088 422.73 0.12
E 37 52 0.029231 0.004070 439.76 0.70
E 37 54 0.028134 0.004035 407.73 4.70
E 37 57 0.028214 0.003109 424.38 5.97
E 37 58 0.028062 0.003757 449.26 1.35
E 37 59 0.028265 0.004730 432.86 1.75
E 37 60 0.030298 0.006575 457.57 2.10
E 37 61 0.025923 0.004656 391.18 99.63
E 37 64 0.027501 0.004491 397.81 1.23
E 37 65 0.031145 0.008395 476.45 0.36
E 37 66 0.030352 0.007649 443.43 0.86
E 37 68 0.027827 0.004293 400.67 1.58
E 37 69 0.013939 0.001664 1452.00 0.47
E 37 73 0.028071 0.005546 424.12 0.84
E 37 75 0.029548 0.007801 487.71 0.40
E 37 76 0.027638 0.004433 411.62 1.07
E 37 77 0.027878 0.004523 418.08 0.38
E 37 80 0.024896 0.004893 372.96 0.11
E 37 82 0.031346 0.004033 431.52 2.02
E 37 85 0.022121 0.005433 354.38 6.52
E 37 88 0.022321 0.005152 357.76 2.29
E 37 92 0.027949 0.004484 471.11 0.54
E 37 94 0.029684 0.004382 415.07 0.77
E 37 97 0.026819 0.004584 397.24 1.76
E 37 98 0.030070 0.006445 462.11 1.60
E 37 100 0.027034 0.004583 417.75 0.00
E 38 40 0.019064 0.004236 301.33 4.07
E 38 41 0.031302 0.007582 486.47 1.31
E 38 46 0.001457 0.000000 124.00 1.31
E 38 48 0.026674 0.001168 426.84 2.95
E 38 53 0.014632 0.003231 243.28 0.22
E 38 58 0.022826 0.003575 359.08 59.50
E 38 59 0.028725 0.004862 386.91 0.90
E 38 61 0.028131 0.004480 410.21 11.50
E 38 64 0.023978 0.002092 342.27 7.07
E 38 68 0.024465 0.000882 454.66 3.91
E 38 73 0.025559 0.003616 2672.00 1.42
E 38 80 0.024288 0.002374 361.43 0.22
E 38 85 0.017956 0.003660 284.95 4.26
E 38 86 0.014734 0.003364 232.23 0.72
E 38 88 0.019355 0.005443 304.94 2.11
E 38 92 0.028219 0.002827 424.43 3.29
E 38 97 0.026466 0.003519 514.84 0.00
E 38 100 0.024827 0.002601 496.95 0.00
E 39 41 0.024674 0.003251 395.31 0.18
E 39 42 0.021724 0.001384 338.63 11.31
E 39 45 0.027531 0.006911 420.74 0.44
E 39 46 0.021769 0.001449 345.50 0.99
E 39 47 0.030028 0.007802 373.05 38.81
E 39 48 0.025204 0.003162 399.44 3.27
E 39 51 0.025896 0.005427 392.12 0.27
E 39 52 0.025840 0.004137 393.33 4.31
E 39 54 0.022445 0.001400 366.32 36.36
E 39 57 0.023914 0.004018 370.09 45.31
E 39 59 0.025940 0.004679 392.48 8.14
E 39 60 0.025381 0.004328 401.27 0.96
E 39 61 0.025533 0.004310 413.20 5.78
E 39 65 0.026238 0.006229 378.37 0.26
E 39 66 0.027072 0.005829 422.18 2.41
E 39 68 0.022503 0.001370 353.36 1.63
E 39 73 0.027949 0.005978 416.28 0.90
E 39 77 0.023240 0.002508 352.91 0.21
E 39 80 0.025156 0.004642 385.82 0.61
E 39 82 0.021752 0.001454 349.74 0.15
E 39 90 0.021672 0.003187 339.83 0.54
E 39 92 0.024800 0.003307 354.08 1.27
E 39 94 0.026984 0.004958 374.01 5.33
E 40 41 0.030889 0.008179 403.02 85.23
E 40 45 0.028533 0.003494 477.04 1.42
E 40 47 0.019227 0.004975 311.30 26.30
E 40 48 0.027044 0.001803 388.27 15.85
E 40 50 0.022316 0.003311 359.20 3.25
E 40 52 0.028453 0.005396 382.47 20.01
E 40 53 0.019145 0.004504 297.67 1.36
E 40 57 0.027453 0.002600 383.47 57.01
E 40 58 0.024564 0.004348 351.66 0.93
E 40 59 0.027735 0.003166 400.89 6.94
E 40 60 0.031947 0.006106 415.48 1.93
E 40 61 0.028442 0.005257 417.70 11.69
E 40 75 0.030153 0.006996 477.59 0.49
E 40 80 0.022252 0.002061 334.93 4.32
E 40 84 0.021963 0.003361 411.41 26.91
E 40 86 0.017759 0.005673 276.81 6.75
E 40 88 0.019318 0.004728 306.49 2.03
E 40 91 0.022354 0.005213 358.07 5.30
E 40 94 0.030555 0.004304 475.69 1.32
E 40 98 0.023179 0.003951 333.19 5.60
E 41 42 0.030875 0.006869 427.02 2.14
E 41 44 0.024079 0.004228 352.99 314.33
E 41 45 0.029602 0.004834 384.08 5.15
E 41 46 0.030875 0.006869 414.37 27.63
E 41 47 0.031268 0.007881 476.96 0.91
E 41 48 0.027164 0.004986 409.38 1.02
E 41 50 0.025818 0.004881 396.79 0.26
E 41 51 0.027684 0.006570 390.43 12.36
E 41 52 0.025962 0.004579 422.20 0.93
E 41 53 0.028443 0.007067 389.24 4.37
E 41 57 0.026239 0.004474 402.40 44.15
E 41 58 0.031810 0.008344 466.82 5.60
E 41 59 0.027257 0.005427 400.77 0.05
E 41 60 0.027286 0.005020 407.11 3.26
E 41 61 0.027662 0.005060 424.12 3.22
E 41 64 0.027345 0.005710 382.59 244.80
E 41 65 0.025738 0.006073 396.88 226.00
E 41 66 0.027183 0.005814 404.41 281.41
E 41 68 0.026694 0.004290 398.41 307.69
E 41 73 0.028052 0.005903 420.59 276.65
E 41 75 0.025698 0.005032 389.74 6.32
E 41 76 0.026690 0.005153 366.18 277.93
E 41 80 0.027265 0.005052 409.40 1.58
E 41 85 0.031206 0.008246 437.81 221.71
E 41 86 0.028670 0.000000 348.60 0.39
E 41 88 0.031207 0.008246 431.19 1.26
E 41 91 0.024601 0.009837 336.79 18.53
E 41 92 0.026525 0.004349 439.10 2.59
E 41 97 0.026693 0.004290 409.62 0.00
E 41 100 0.026694 0.005575 408.15 0.00
E 42 45 0.026889 0.003816 365.93 0.27
E 42 46 0.019856 0.000488 322.78 5.32
E 42 47 0.023073 0.001017 371.23 12.06
E 42 48 0.025495 0.003490 382.57 0.65
E 42 51 0.025618 0.001102 435.05 0.77
E 42 52 0.026066 0.003581 353.61 13.58
E 42 54 0.022498 0.001174 361.48 3.36
E 42 57 0.024335 0.004025 399.74 33.56
E 42 59 0.028708 0.003373 466.17 6.92
E 42 60 0.025807 0.004545 416.92 0.45
E 42 61 0.025688 0.004603 421.03 1.96
E 42 65 0.026843 0.007276 389.68 0.12
E 42 66 0.027251 0.006073 416.77 2.19
E 42 68 0.022538 0.001383 332.01 1.55
E 42 73 0.030942 0.006784 483.67 0.93
E 42 77 0.023303 0.002630 362.99 0.17
E 42 80 0.025219 0.005129 381.46 2.13
E 42 82 0.019629 0.000494 314.54 0.10
E 42 90 0.020256 0.003295 332.46 0.10
E 42 92 0.024816 0.003344 364.30 1.53
E 42 94 0.029433 0.003533 423.25 3.54
E 42 97 0.023280 0.001904 373.98 1.71
E 43 49 0.018943 0.003640 298.67 1.68
E 43 55 0.019064 0.003791 313.15 1.12
E 43 56 0.019181 0.003859 301.83 0.16
E 43 62 0.020330 0.002332 374.46 16.72
E 43 63 0.019065 0.005161 300.89 1.77
E 43 67 0.022563 0.004793 355.03 2.62
E 43 72 0.019111 0.003600 288.71 1.00
E 43 74 0.022006 0.004290 334.31 1.48
E 43 78 0.019499 0.003787 318.93 9.46
E 43 79 0.019034 0.003621 297.93 5.79
E 43 81 0.019110 0.003760 293.44 1.46
E 43 83 0.005970 0.000416 572.00 6.61
E 43 87 0.022507 0.004919 414.12 0.22
E 43 93 0.022055 0.005325 310.63 0.72
E 43 95 0.022540 0.005508 355.24 1.20
E 43 96 0.018949 0.003500 311.57 0.33
E 44 45 0.023475 0.004658 370.87 1.46
E 44 47 0.023583 0.001018 476.35 48.08
E 44 48 0.027240 0.005122 455.39 32.85
E 44 49 0.027517 0.002883 500.29 152.80
E 44 50 0.023690 0.004916 377.96 3.14
E 44 51 0.026786 0.005332 422.94 1.23
E 44 52 0.026079 0.004728 401.72 20.48
E 44 57 0.028669 0.003138 439.03 157.19
E 44 58 0.023321 0.004636 328.48 5.16
E 44 60 0.029219 0.004878 421.59 1.94
E 44 62 0.006450 0.000032 632.00 0.00
E 44 67 0.029155 0.005233 449.90 53.41
E 44 69 0.023656 0.004740 394.85 5.70
E 44 70 0.023813 0.005146 356.37 113.99
E 44 74 0.025278 0.005767 359.84 10.39
E 44 75 0.024483 0.004996 369.19 0.41
E 44 83 0.023755 0.004591 372.31 11.32
E 44 84 0.023716 0.004894 378.58 32.44
E 44 87 0.023762 0.004927 370.51 0.11
E 44 91 0.023690 0.004916 371.15 4.91
E 44 93 0.023852 0.006052 386.16 0.60
E 44 94 0.026837 0.004711 373.60 1.24
E 44 98 0.023741 0.004972 369.05 5.30
E 44 99 0.023672 0.006132 374.96 3.05
E 45 46 0.026889 0.003816 415.71 1.08
E 45 47 0.029220 0.003307 452.15 2.15
E 45 48 0.028806 0.004903 454.56 1.19
E 45 50 0.022979 0.004297 400.67 0.25
E 45 51 0.027049 0.004179 477.72 2.16
E 45 52 0.025704 0.005007 393.69 9.14
E 45 54 0.026888 0.003816 422.45 0.38
E 45 57 0.026444 0.004101 416.72 2.47
E 45 58 0.026769 0.003957 429.09 0.27
E 45 59 0.028610 0.004869 474.29 14.21
E 45 60 0.032239 0.008231 460.73 0.16
E 45 61 0.029497 0.005201 382.93 0.22
E 45 64 0.026506 0.003731 419.79 1.23
E 45 65 0.027821 0.006784 403.14 0.51
E 45 66 0.029864 0.005223 440.54 0.92
E 45 67 0.021413 0.005386 318.09 1.65
E 45 68 0.026889 0.003816 397.28 1.58
E 45 69 0.023430 0.004480 2464.00 0.86
E 45 71 0.021795 0.004986 333.16 0.86
E 45 73 0.031662 0.006822 442.85 0.91
E 45 75 0.024681 0.004966 399.87 1.30
E 45 76 0.024859 0.005206 379.55 1.02
E 45 77 0.026889 0.003816 400.60 0.77
E 45 80 0.030478 0.005031 456.25 4.41
E 45 82 0.029221 0.003307 403.13 0.34
E 45 83 0.021160 0.005071 302.88 10.62
E 45 92 0.028857 0.004184 445.50 4.19
E 45 93 0.021222 0.005284 337.41 0.00
E 45 94 0.031944 0.004500 425.82 0.48
E 45 95 0.022164 0.005653 369.55 0.14
E 45 98 0.029873 0.005088 429.10 0.76
E 46 47 0.023073 0.001017 350.16 25.69
E 46 48 0.025495 0.003490 384.49 0.58
E 46 51 0.009667 0.000416 976.00 0.18
E 46 52 0.026199 0.003954 362.45 2.33
E 46 54 0.022485 0.001174 370.96 1.46
E 46 57 0.024168 0.003697 390.34 7.06
E 46 59 0.028263 0.003324 381.80 3.82
E 46 60 0.025878 0.004427 396.24 0.87
E 46 61 0.025653 0.004554 384.90 3.75
E 46 65 0.026843 0.007276 408.64 0.68
E 46 66 0.027298 0.006083 397.01 0.36
E 46 68 0.022547 0.001403 350.91 0.57
E 46 73 0.030942 0.006784 415.47 0.34
E 46 77 0.023302 0.002630 357.67 0.24
E 46 80 0.025079 0.005141 389.47 0.68
E 46 82 0.019980 0.000502 316.42 2.04
E 46 90 0.020097 0.003295 321.94 22.73
E 46 92 0.024795 0.003329 387.36 0.36
E 46 94 0.030433 0.005156 419.89 96.94
E 46 97 0.023268 0.001891 341.50 0.37
E 46 100 0.024833 0.004454 387.81 0.01
E 47 48 0.028565 0.004984 415.22 2.30
E 47 50 0.025227 0.005766 344.77 0.68
E 47 51 0.024429 0.001018 451.32 4.88
E 47 52 0.027625 0.004482 382.56 2.53
E 47 54 0.023526 0.001357 355.96 1.33
E 47 57 0.027695 0.002125 412.86 0.82
E 47 58 0.026632 0.005484 419.32 7.44
E 47 59 0.028780 0.004834 454.56 2.77
E 47 60 0.030432 0.004206 484.87 2.94
E 47 61 0.027142 0.003948 398.40 0.68
E 47 64 0.025953 0.002374 403.66 27.54
E 47 65 0.035906 0.013116 535.87 22.70
E 47 66 0.028593 0.003806 431.36 36.30
E 47 68 0.025024 0.003223 410.14 45.96
E 47 69 0.004450 0.000192 440.00 5.59
E 47 73 0.030121 0.005875 440.18 35.53
E 47 75 0.026748 0.001923 531.09 16.89
E 47 76 0.026632 0.003307 417.03 41.08
E 47 77 0.023073 0.001017 370.33 46.70
E 47 80 0.023963 0.003089 387.48 7.09
E 47 82 0.023582 0.001018 316.05 28.47
E 47 85 0.019205 0.004854 317.83 8.07
E 47 88 0.019227 0.004801 329.11 119.16
E 47 92 0.028216 0.002827 391.20 28.35
E 47 94 0.030896 0.005281 465.67 3.54
E 47 97 0.026112 0.003157 382.65 5.49
E 47 98 0.026042 0.003562 593.63 1.58
E 47 100 0.024797 0.002488 484.70 10.93
E 48 50 0.026975 0.001018 503.86 0.25
E 48 51 0.027019 0.006164 392.10 5.18
E 48 52 0.025725 0.003896 399.52 0.53
E 48 54 0.025501 0.003582 394.95 1.13
E 48 57 0.025356 0.003915 408.19 7.35
E 48 58 0.027233 0.005258 409.34 12.63
E 48 59 0.026782 0.004803 403.45 2.45
E 48 60 0.026629 0.005114 392.53 1.08
E 48 61 0.025643 0.004131 404.57 2.29
E 48 64 0.028151 0.003877 433.54 12.42
E 48 65 0.026117 0.006100 388.61 0.50
E 48 66 0.027289 0.005851 419.33 2.78
E 48 68 0.025265 0.003402 354.34 2.10
E 48 73 0.028123 0.005847 418.46 2.97
E 48 75 0.028176 0.007140 406.61 2.61
E 48 76 0.025006 0.004331 380.74 8.17
E 48 77 0.025399 0.003368 383.44 0.72
E 48 80 0.025382 0.004099 385.76 4.83
E 48 82 0.025494 0.003490 408.44 0.98
E 48 90 0.024631 0.003208 375.98 3.49
E 48 92 0.025255 0.003334 404.41 29.21
E 48 94 0.028176 0.005656 418.90 3.50
E 48 97 0.025317 0.003368 403.90 0.00
E 48 98 0.027484 0.002442 380.90 0.85
E 49 51 0.023582 0.002035 350.19 2.47
E 49 55 0.018598 0.001277 286.96 26.03
E 49 56 0.018703 0.001477 299.63 2.20
E 49 62 0.021832 0.003392 346.57 0.42
E 49 63 0.019538 0.005847 317.67 801.05
E 49 67 0.022453 0.004778 340.42 0.42
E 49 69 0.006834 0.001568 680.00 0.67
E 49 71 0.022243 0.004391 336.74 281.72
E 49 72 0.017173 0.000490 286.41 478.73
E 49 74 0.022767 0.005097 364.97 0.68
E 49 78 0.019194 0.003230 325.99 1.25
E 49 79 0.018475 0.001186 276.87 30.94
E 49 81 0.018695 0.001380 317.55 801.76
E 49 83 0.021287 0.003430 341.22 56.19
E 49 87 0.021227 0.003749 319.27 86.71
E 49 93 0.022409 0.006913 365.61 5.15
E 49 95 0.022523 0.005372 359.14 7.28
E 49 96 0.018810 0.002989 318.01 26.01
E 50 51 0.026855 0.005230 372.57 2.67
E 50 52 0.026251 0.004347 399.88 0.59
E 50 53 0.023364 0.007185 359.34 11.05
E 50 57 0.027716 0.005554 442.16 0.74
E 50 58 0.021449 0.003930 329.21 1.24
E 50 59 0.026765 0.006092 388.55 0.56
E 50 60 0.031349 0.005714 473.63 0.24
E 50 61 0.029279 0.005766 452.62 0.51
E 50 64 0.023176 0.003963 342.94 3.17
E 50 66 0.028881 0.005597 446.46 3.16
E 50 69 0.021277 0.003805 338.35 1.26
E 50 70 0.021545 0.004004 344.92 1.29
E 50 73 0.027166 0.005023 421.46 3.13
E 50 75 0.025074 0.005306 392.93 0.79
E 50 76 0.024376 0.004575 377.81 3.01
E 50 84 0.021437 0.004144 331.50 1.13
E 50 91 0.021542 0.004167 341.55 153.64
E 50 94 0.027303 0.004329 393.68 0.07
E 50 98 0.021497 0.003969 349.03 0.00
E 50 99 0.021549 0.005843 345.66 0.00
E 51 52 0.027464 0.005459 419.09 2.17
E 51 54 0.026635 0.005116 397.40 5.47
E 51 57 0.026332 0.005134 411.31 21.42
E 51 58 0.026848 0.005802 419.32 2.01
E 51 59 0.027993 0.006604 409.60 10.55
E 51 60 0.026978 0.005594 406.93 1.56
E 51 61 0.026984 0.005968 434.08 23.18
E 51 62 0.024429 0.000169 438.66 84.96
E 51 64 0.027043 0.005818 379.79 3.96
E 51 65 0.026456 0.006015 424.42 0.14
E 51 66 0.027044 0.005727 411.13 1.37
E 51 68 0.026654 0.005776 397.04 3.27
E 51 69 0.026667 0.005110 423.45 2.15
E 51 70 0.006019 0.000320 520.00 5.28
E 51 71 0.025793 0.004380 391.54 1.95
E 51 73 0.027955 0.006042 419.65 1.43
E 51 74 0.024080 0.003935 371.88 3.15
E 51 75 0.026931 0.005214 416.30 0.61
E 51 76 0.027252 0.005674 394.16 1.42
E 51 77 0.026521 0.005861 400.72 0.08
E 51 80 0.026738 0.006241 455.56 0.36
E 51 83 0.017958 0.002880 1780.00 4.36
E 51 84 0.027025 0.005369 388.04 6.64
E 51 87 0.022728 0.003392 2260.00 0.25
E 51 91 0.027025 0.005369 457.00 1.61
E 51 92 0.026580 0.005552 385.62 1.30
E 51 93 0.010484 0.001472 1020.00 0.93
E 51 94 0.027873 0.006013 444.96 0.43
E 51 95 0.024133 0.006954 344.39 0.51
E 51 97 0.026580 0.005552 392.32 1.42
E 51 98 0.027062 0.005556 393.03 0.43
E 51 100 0.026664 0.005886 379.50 38.80
E 52 54 0.025818 0.004233 378.42 2.24
E 52 57 0.025966 0.004267 396.23 2.85
E 52 58 0.027626 0.004618 420.10 12.43
E 52 59 0.026988 0.005138 416.16 0.96
E 52 60 0.026633 0.004749 399.80 2.48
E 52 61 0.026507 0.005282 392.19 9.97
E 52 64 0.027627 0.004482 423.45 19.59
E 52 65 0.026706 0.006744 391.68 2.35
E 52 66 0.027065 0.005119 420.66 17.22
E 52 68 0.025740 0.003976 396.15 19.70
E 52 69 0.012451 0.003040 1324.00 4.58
E 52 73 0.028016 0.005866 401.86 17.52
E 52 74 0.025230 0.003566 390.87 187.87
E 52 75 0.025861 0.005277 386.00 1.33
E 52 76 0.025842 0.003744 396.87 18.95
E 52 77 0.025715 0.003896 371.73 2.19
E 52 80 0.026279 0.003717 430.39 1.16
E 52 82 0.026200 0.003953 403.72 20.75
E 52 90 0.024527 0.002665 412.15 5.38
E 52 92 0.025940 0.004414 407.39 11.14
E 52 97 0.025738 0.003997 383.35 0.00
E 52 100 0.025741 0.004274 394.66 0.00
E 53 58 0.023446 0.003668 358.09 1.40
E 53 59 0.027016 0.003844 358.39 1.33
E 53 60 0.035200 0.004410 546.52 2.43
E 53 64 0.025990 0.003949 374.08 1.28
E 53 70 0.020681 0.004664 294.45 1.97
E 53 75 0.027654 0.000000 584.38 2.68
E 53 76 0.027653 0.003780 400.24 2.06
E 53 84 0.022834 0.004839 318.86 1.84
E 53 85 0.020889 0.005756 338.74 1.47
E 53 86 0.014653 0.001814 246.28 1.76
E 53 88 0.021164 0.006535 339.45 2.19
E 53 91 0.022684 0.005742 357.20 1.20
E 53 98 0.023997 0.006181 347.20 0.29
E 53 99 0.020121 0.005278 304.38 0.47
E 54 57 0.023861 0.003876 362.27 2.40
E 54 60 0.025802 0.004216 386.79 0.82
E 54 61 0.025640 0.004592 364.76 0.48
E 54 65 0.026534 0.007297 396.08 4.74
E 54 66 0.027284 0.006132 424.93 5.46
E 54 68 0.022483 0.001257 350.61 5.98
E 54 73 0.028036 0.006054 456.42 5.41
E 54 77 0.023562 0.002995 362.27 6.45
E 54 80 0.023541 0.002830 368.01 8.90
E 54 82 0.022477 0.001186 352.04 131.38
E 54 90 0.022480 0.003568 364.61 38.00
E 54 92 0.024633 0.003195 381.89 247.40
E 54 94 0.027313 0.004305 435.78 0.00
E 54 97 0.022900 0.001491 366.37 4.77
E 54 100 0.024818 0.004511 365.72 0.00
E 55 56 0.016874 0.000541 278.56 1.59
E 55 62 0.020528 0.001995 339.11 8.68
E 55 63 0.018942 0.005065 287.47 0.63
E 55 67 0.022327 0.004613 361.77 79.89
E 55 72 0.015959 0.000387 245.65 0.71
E 55 74 0.024126 0.005767 403.29 3.55
E 55 78 0.019215 0.003082 296.51 1.15
E 55 79 0.015899 0.000370 262.54 50.58
E 55 81 0.017656 0.001132 290.82 0.21
E 55 95 0.022604 0.003392 345.19 0.00
E 55 96 0.018800 0.003580 314.52 13.43
E 56 62 0.020488 0.001884 330.89 11.78
E 56 63 0.018979 0.005185 301.18 5.09
E 56 67 0.022520 0.004740 342.77 1.46
E 56 72 0.016762 0.000461 262.58 2.31
E 56 74 0.024939 0.007250 379.83 1.14
E 56 78 0.019156 0.003155 296.64 0.92
E 56 79 0.016680 0.000342 261.82 5.28
E 56 81 0.017526 0.001026 273.68 2.71
E 56 83 0.010163 0.001632 980.00 3.24
E 56 87 0.022508 0.004919 363.34 0.16
E 56 93 0.021716 0.005325 359.02 0.68
E 56 95 0.022447 0.005322 369.73 1.09
E 56 96 0.018863 0.003684 312.31 0.31
E 57 58 0.026414 0.003877 397.34 10.75
E 57 59 0.026902 0.005077 394.58 0.00
E 57 60 0.026485 0.004285 401.00 3.69
E 57 61 0.025859 0.004558 385.32 1.48
E 57 64 0.026614 0.002167 384.83 69.23
E 57 65 0.026689 0.007314 399.65 19.10
E 57 66 0.027063 0.005269 408.87 86.24
E 57 68 0.024324 0.003974 368.26 33.21
E 57 69 0.013490 0.001088 1396.00 0.19
E 57 73 0.028035 0.006054 391.15 90.71
E 57 75 0.029541 0.008771 431.68 49.25
E 57 76 0.026970 0.003607 410.52 120.48
E 57 77 0.024270 0.003839 389.95 59.47
E 57 80 0.024484 0.003964 362.61 6.64
E 57 82 0.023972 0.004099 370.55 13.06
E 57 88 0.005314 0.000288 548.00 3.28
E 57 90 0.023587 0.003925 343.56 751.76
E 57 91 0.028737 0.002307 387.78 9.67
E 57 92 0.024634 0.003847 401.08 36.65
E 57 94 0.027520 0.004201 407.54 45.64
E 57 97 0.024294 0.003890 366.50 0.00
E 58 59 0.027914 0.004647 454.15 9.41
E 58 60 0.030806 0.004097 384.35 0.28
E 58 61 0.028643 0.006137 416.98 1.99
E 58 64 0.022989 0.003779 356.55 0.90
E 58 66 0.028216 0.004229 401.88 1.54
E 58 69 0.018691 0.003731 312.78 2.28
E 58 70 0.018904 0.003624 294.87 4.75
E 58 73 0.030584 0.005665 439.12 1.38
E 58 75 0.025007 0.005467 382.96 1.26
E 58 76 0.024519 0.004569 361.55 1.30
E 58 84 0.019598 0.003788 313.91 6.75
E 58 85 0.024937 0.002766 358.13 1.40
E 58 88 0.025135 0.006256 346.85 1.12
E 58 91 0.019771 0.004101 330.81 0.69
E 58 92 0.006338 0.000160 676.00 66.23
E 58 94 0.030342 0.004261 424.94 1.42
E 58 98 0.021598 0.003447 341.63 5.29
E 58 99 0.019857 0.005427 328.36 3.13
E 59 60 0.027002 0.004989 402.72 10.28
E 59 61 0.026731 0.004621 396.50 18.36
E 59 64 0.026573 0.004489 371.33 12.64
E 59 65 0.026771 0.005293 400.53 20.96
E 59 66 0.027197 0.005802 405.04 14.37
E 59 68 0.026703 0.004783 399.56 15.77
E 59 73 0.028016 0.005869 435.89 14.14
E 59 75 0.027143 0.005917 415.88 4.26
E 59 76 0.026830 0.005088 394.75 14.14
E 59 77 0.026745 0.004854 389.78 5.83
E 59 80 0.026689 0.004760 397.75 1.09
E 59 85 0.028183 0.003731 403.52 12.97
E 59 86 0.008178 0.001120 848.00 0.18
E 59 88 0.028184 0.005879 476.84 0.39
E 59 91 0.025618 0.000339 665.80 0.97
E 59 92 0.026773 0.004792 408.37 6.22
E 59 97 0.026644 0.004673 390.34 0.00
E 59 100 0.026690 0.005030 389.41 0.00
E 60 61 0.026307 0.004529 411.24 0.49
E 60 64 0.032186 0.005724 478.77 1.88
E 60 65 0.025930 0.005790 385.79 0.67
E 60 66 0.027524 0.006538 425.17 1.87
E 60 68 0.025707 0.004348 386.79 2.58
E 60 69 0.013907 0.000960 1448.00 2.19
E 60 70 0.031045 0.001018 396.01 1.37
E 60 73 0.027918 0.005556 421.63 1.85
E 60 75 0.032933 0.007072 479.23 3.51
E 60 76 0.027311 0.004892 422.95 1.78
E 60 77 0.025596 0.004348 376.67 1.71
E 60 80 0.025747 0.004158 409.96 13.25
E 60 82 0.025282 0.004410 346.66 0.25
E 60 84 0.028128 0.000882 362.05 23.49
E 60 88 0.005666 0.000000 592.00 0.94
E 60 90 0.024426 0.003424 390.24 0.01
E 60 91 0.031270 0.004711 466.10 0.86
E 60 92 0.026414 0.004749 420.53 0.62
E 60 94 0.028299 0.005503 437.71 0.30
E 60 98 0.030738 0.005682 394.31 5.02
E 61 64 0.029007 0.004897 461.70 11.82
E 61 65 0.026115 0.006111 421.11 3.50
E 61 66 0.027367 0.006228 439.19 12.15
E 61 68 0.025624 0.004489 426.27 12.89
E 61 73 0.027942 0.005808 410.53 12.04
E 61 75 0.029498 0.005201 597.28 14.10
E 61 76 0.029348 0.005012 453.07 12.55
E 61 77 0.025698 0.004603 403.54 7.37
E 61 80 0.025438 0.004185 400.05 12.95
E 61 82 0.025524 0.004219 396.11 1.01
E 61 85 0.029348 0.005003 416.93 12.59
E 61 88 0.029347 0.007462 477.57 2.24
E 61 90 0.025090 0.003913 384.65 9.80
E 61 92 0.025662 0.004545 384.83 11.20
E 61 94 0.027688 0.004933 410.97 0.13
E 61 97 0.025624 0.004498 400.43 0.48
E 62 63 0.020710 0.004772 340.72 4.01
E 62 67 0.022849 0.004802 420.71 3.69
E 62 71 0.019064 0.003189 312.61 3.15
E 62 72 0.020529 0.001662 343.31 6.47
E 62 74 0.023612 0.005951 388.21 37.34
E 62 78 0.020865 0.004868 339.82 17.47
E 62 79 0.020608 0.001955 304.16 1.49
E 62 81 0.020358 0.001941 334.54 3.65
E 62 83 0.019856 0.003386 303.21 4.96
E 62 87 0.021342 0.004175 335.57 0.01
E 62 89 0.014911 0.002456 250.00 0.18
E 62 93 0.021248 0.005691 334.48 21.21
E 62 95 0.023312 0.004174 349.44 62.99
E 62 96 0.020656 0.002078 302.28 39.85
E 63 67 0.022408 0.005917 355.38 281.57
E 63 72 0.018904 0.004957 292.03 0.18
E 63 74 0.025957 0.000000 614.47 21.43
E 63 78 0.019123 0.004800 312.66 27.71
E 63 79 0.018994 0.005157 302.55 363.33
E 63 81 0.018781 0.005102 304.05 24.81
E 63 96 0.018866 0.004927 305.85 2.79
E 64 69 0.022707 0.004054 342.72 6.50
E 64 70 0.022417 0.003452 365.27 23.59
E 64 75 0.025126 0.005329 396.43 0.40
E 64 84 0.022931 0.003820 343.71 22.18
E 64 88 0.025989 0.006072 371.63 2.15
E 64 91 0.023144 0.003876 354.15 5.03
E 64 94 0.027790 0.004963 444.95 1.51
E 64 98 0.023015 0.003765 370.45 5.26
E 64 99 0.022451 0.005953 378.33 3.14
E 65 66 0.027206 0.006010 441.13 0.26
E 65 68 0.026238 0.006229 385.06 0.22
E 65 73 0.028036 0.006054 404.08 0.27
E 65 77 0.026315 0.006619 395.79 0.17
E 65 80 0.026189 0.006200 393.05 0.65
E 65 82 0.026680 0.007400 411.98 0.38
E 65 90 0.026659 0.007048 397.01 1.99
E 65 92 0.026238 0.006229 396.78 0.43
E 65 94 0.027313 0.006068 411.41 0.06
E 65 97 0.026238 0.006229 400.83 0.98
E 66 69 0.005154 0.000064 528.00 6.30
E 66 75 0.027896 0.008219 469.86 0.37
E 66 77 0.027295 0.006083 393.87 0.16
E 66 80 0.027348 0.006242 435.98 1.77
E 66 82 0.027132 0.005912 407.66 0.34
E 66 90 0.026825 0.005957 407.15 4.90
E 66 94 0.028300 0.005631 431.21 2.00
E 66 98 0.029204 0.006236 456.26 5.97
E 67 69 0.003905 0.000032 372.00 1.39
E 67 71 0.021513 0.004009 348.96 90.12
E 67 74 0.022573 0.004980 363.03 1.11
E 67 78 0.022140 0.004337 360.62 0.99
E 67 81 0.022242 0.004494 341.50 279.04
E 67 83 0.022362 0.005008 334.29 15.47
E 67 87 0.022361 0.005008 356.83 18.60
E 67 89 0.024473 0.007505 424.15 6.21
E 67 93 0.022436 0.005806 335.91 169.40
E 67 95 0.022591 0.005514 376.47 0.00
E 68 77 0.023233 0.002536 355.29 0.28
E 68 80 0.025089 0.004601 391.08 1.38
E 68 82 0.022539 0.001424 355.84 0.26
E 68 90 0.022734 0.002734 341.12 1.79
E 68 94 0.027622 0.004952 385.82 5.47
E 69 70 0.018193 0.002532 303.24 28.52
E 69 71 0.021787 0.008626 362.41 5.83
E 69 73 0.005505 0.000416 572.00 6.29
E 69 75 0.025013 0.004918 388.15 2.41
E 69 76 0.024219 0.004405 374.60 6.05
E 69 83 0.003522 0.000096 324.00 1.55
E 69 84 0.018155 0.002499 291.63 6.49
E 69 87 0.032741 0.000000 332.20 2.94
E 69 91 0.019836 0.004462 309.61 1.28
E 69 93 0.006898 0.002848 688.00 3.60
E 69 94 0.012067 0.001632 1276.00 1.34
E 69 98 0.021597 0.003447 353.10 7.33
E 69 99 0.020081 0.005676 334.68 162.14
E 70 75 0.028670 0.008039 389.79 20.96
E 70 76 0.027059 0.004749 405.09 113.93
E 70 84 0.017979 0.001249 294.86 0.09
E 70 91 0.020162 0.004753 325.41 0.18
E 70 98 0.021573 0.003374 320.17 1.04
E 70 99 0.019528 0.005236 299.53 1.62
E 71 74 0.022160 0.003715 337.47 9.65
E 71 75 0.024813 0.005570 397.18 1.42
E 71 83 0.019908 0.003438 319.83 14.42
E 71 87 0.021706 0.004664 324.20 0.14
E 71 93 0.021061 0.005623 302.01 1.02
E 71 95 0.022322 0.005214 370.61 0.90
E 72 74 0.002449 0.000000 248.00 19.39
E 72 78 0.019430 0.003053 316.53 25.06
E 72 79 0.015659 0.000278 256.64 387.48
E 72 81 0.017632 0.001084 269.40 0.10
E 72 96 0.018802 0.003580 305.49 2.38
E 73 75 0.027550 0.005579 405.21 0.35
E 73 77 0.027954 0.005912 408.54 0.15
E 73 80 0.027853 0.005749 407.73 1.87
E 73 82 0.032486 0.007844 420.48 0.22
E 73 94 0.028669 0.005945 425.05 2.08
E 73 98 0.027535 0.004710 387.26 5.81
E 74 75 0.024800 0.006002 400.91 24.11
E 74 78 0.022603 0.004603 343.85 0.07
E 74 79 0.025277 0.000677 431.98 2.07
E 74 81 0.022550 0.004579 343.75 20.41
E 74 83 0.022163 0.004014 349.53 1.68
E 74 87 0.022265 0.004245 338.16 5.15
E 74 93 0.022304 0.005872 340.23 0.76
E 74 95 0.022582 0.005664 370.64 0.84
E 74 96 0.022550 0.004648 365.02 1.79
E 75 76 0.025014 0.005316 387.70 0.29
E 75 83 0.024148 0.004240 369.85 7.49
E 75 84 0.024986 0.005082 379.24 5.52
E 75 91 0.024986 0.005082 406.24 3.06
E 75 92 0.028219 0.002827 487.43 1.12
E 75 94 0.026858 0.005683 390.10 1.98
E 75 97 0.026805 0.004022 418.98 35.95
E 75 98 0.025082 0.005288 364.26 27.23
E 76 84 0.024111 0.004473 364.59 32.87
E 76 91 0.024228 0.004440 372.56 4.75
E 76 94 0.027537 0.004507 473.60 1.84
E 76 98 0.024324 0.004617 382.01 4.95
E 76 99 0.024336 0.004579 380.63 3.03
E 77 80 0.024615 0.003809 364.51 0.50
E 77 82 0.023247 0.002585 368.81 0.28
E 77 90 0.023332 0.002940 352.06 3.98
E 77 92 0.024779 0.003294 370.20 0.33
E 77 94 0.027505 0.005065 388.49 1.05
E 78 79 0.019475 0.003240 311.24 17.58
E 78 81 0.019228 0.003300 304.75 26.89
E 78 83 0.003425 0.000000 312.00 6.99
E 78 87 0.021064 0.004183 320.35 26.59
E 78 93 0.021556 0.006146 341.98 0.00
E 78 95 0.022511 0.005443 345.21 0.00
E 78 96 0.019151 0.003522 315.78 0.00
E 79 81 0.017521 0.001026 273.27 344.44
E 79 95 0.023980 0.003412 406.12 0.00
E 80 82 0.025047 0.004819 400.95 1.00
E 80 90 0.025142 0.004988 389.03 0.75
E 80 92 0.024916 0.003884 381.71 0.34
E 80 94 0.027445 0.004633 406.13 1.05
E 80 97 0.024806 0.003917 376.30 0.65
E 80 100 0.025062 0.004703 381.72 0.00
E 81 95 0.022496 0.005451 338.08 5.03
E 81 96 0.018721 0.003411 297.98 2.72
E 82 90 0.020061 0.003226 309.28 1.19
E 82 92 0.024815 0.003344 392.12 0.19
E 82 94 0.031977 0.004325 415.86 7.21
E 82 97 0.023231 0.001946 355.09 0.09
E 82 100 0.024871 0.004387 393.03 0.37
E 83 87 0.021280 0.004070 324.57 2.20
E 83 89 0.019781 0.003300 306.93 2.53
E 83 93 0.021154 0.005488 352.55 9.31
E 84 91 0.020225 0.005009 332.45 0.38
E 84 94 0.025852 0.002968 390.23 1.64
E 85 86 0.020303 0.003618 292.48 6.34
E 85 88 0.017531 0.004976 289.33 1.67
E 86 88 0.018766 0.005020 342.28 0.03
E 86 98 0.007858 0.001216 808.00 3.21
E 86 99 0.018446 0.004991 280.56 139.32
E 87 89 0.021258 0.004070 343.06 2.48
E 87 93 0.021387 0.005471 333.75 0.12
E 87 95 0.022440 0.005219 362.81 0.05
E 89 93 0.021394 0.005872 344.28 206.91
E 90 92 0.024911 0.003426 394.51 1.82
E 90 97 0.023230 0.002734 349.12 0.71
E 91 94 0.026734 0.003454 420.33 2.99
E 91 98 0.021570 0.004339 355.79 12.72
E 91 99 0.019985 0.005590 320.82 0.00
E 92 94 0.028113 0.005579 417.64 1.15
E 93 95 0.022397 0.005794 344.69 4.11
E 94 97 0.028113 0.005579 439.53 7.85
E 94 98 0.027059 0.003808 397.34 4.42
E 95 96 0.022497 0.005451 333.65 3.30
E 98 99 0.021572 0.005621 330.16 1.42
END

SECTION Terminals
Root 18
Terminals 52
T 74
T 88
T 21
T 20
T 6
T 81
T 94
T 72
T 56
T 69
T 87
T 8
T 10
T 58
T 15
T 28
T 95
T 35
T 49
T 38
T 86
T 36
T 62
T 42
T 44
T 90
T 97
T 99
T 53
T 92
T 12
T 33
T 11
T 83
T 23
T 1
T 100
T 7
T 37
T 50
T 34
T 41
T 30
T 75
T 63
T 47
T 79
T 71
T 77
T 16
T 19
T 14
END

EOF