SECTION Comment
CREATOR "Carlos Araujo"
REMARK "Instance for QoS Multicast Routing Problem"
QoS METRICS "delay, jitter, bandwidth and estimate of link duration"
END

SECTION Graph
Nodes 80
Edges 882

E 1 2 0.023880 0.005653 383.61 26.66
E 1 5 0.023432 0.005497 376.58 3.19
E 1 6 0.020867 0.004304 354.99 5.00
E 1 10 0.022968 0.005386 364.29 6.36
E 1 11 0.023196 0.005235 360.71 7.12
E 1 12 0.022968 0.005386 370.98 6.35
E 1 13 0.023454 0.005554 333.31 0.46
E 1 14 0.023623 0.005847 359.01 0.26
E 1 17 0.022822 0.004971 358.19 3.51
E 1 23 0.022313 0.004152 329.80 266.24
E 1 25 0.021460 0.004671 330.31 4.44
E 1 28 0.021128 0.003282 320.87 0.00
E 1 31 0.023182 0.006264 351.99 3.11
E 1 34 0.024328 0.005156 344.51 0.55
E 1 37 0.022029 0.004590 368.48 69.45
E 1 40 0.023976 0.006765 394.51 1.24
E 1 43 0.022889 0.005194 348.06 0.03
E 1 45 0.022834 0.004699 333.29 24.88
E 1 49 0.022647 0.004821 362.77 3.08
E 1 51 0.021353 0.002792 331.43 0.55
E 1 52 0.019935 0.001781 314.14 1.76
E 1 56 0.023001 0.005020 362.56 0.38
E 1 57 0.022749 0.005258 353.70 3.30
E 1 58 0.022455 0.004330 353.58 3.13
E 1 60 0.021453 0.002749 336.56 54.74
E 1 61 0.023376 0.005224 361.07 0.03
E 1 67 0.022751 0.005001 353.25 1.46
E 1 71 0.023936 0.006170 397.17 0.53
E 1 77 0.022789 0.004863 345.75 28.75
E 1 78 0.023109 0.005044 349.96 18.11
E 1 79 0.022983 0.005176 362.11 2.37
E 2 3 0.002097 0.000000 204.00 0.78
E 2 4 0.019510 0.002985 311.01 0.04
E 2 5 0.021755 0.004097 338.64 0.74
E 2 7 0.020970 0.002714 323.33 5.46
E 2 9 0.022022 0.003596 367.76 5.79
E 2 10 0.021940 0.004924 329.01 0.81
E 2 11 0.024869 0.006581 380.26 0.31
E 2 12 0.023676 0.005221 375.24 0.80
E 2 13 0.008340 0.000960 752.00 3.62
E 2 14 0.022411 0.005716 360.94 3.05
E 2 18 0.019114 0.001753 323.05 1.05
E 2 20 0.020700 0.003137 300.59 2.82
E 2 25 0.019846 0.003406 375.15 0.80
E 2 28 0.024740 0.006501 376.58 0.01
E 2 32 0.022167 0.005257 367.23 0.79
E 2 37 0.023846 0.006973 356.93 0.10
E 2 42 0.023015 0.008216 392.12 0.90
E 2 43 0.021413 0.004101 300.64 46.60
E 2 45 0.021546 0.005427 373.54 90.23
E 2 49 0.022473 0.005114 326.41 0.31
E 2 53 0.019040 0.002348 293.42 1.17
E 2 54 0.023870 0.007365 353.91 2.27
E 2 56 0.022957 0.006596 401.08 0.21
E 2 57 0.021863 0.004849 343.93 7.37
E 2 58 0.020327 0.003093 319.30 1.39
E 2 59 0.014442 0.002337 235.67 0.02
E 2 61 0.021662 0.004579 361.24 5.77
E 2 64 0.020977 0.004070 324.11 0.09
E 2 67 0.022746 0.005030 362.94 2.18
E 2 68 0.019041 0.002348 288.33 1.73
E 2 71 0.019399 0.005330 281.51 1.09
E 2 72 0.021351 0.005476 288.41 1.30
E 2 73 0.022176 0.004749 390.48 0.49
E 2 74 0.023073 0.006190 420.98 6.38
E 2 77 0.021745 0.004692 333.27 2.92
E 2 79 0.022037 0.005272 344.89 32.25
E 3 7 0.021022 0.002991 341.35 2.07
E 3 9 0.020529 0.003543 311.98 2.09
E 3 16 0.022201 0.003707 393.09 0.95
E 3 18 0.019191 0.005203 316.10 11.08
E 3 20 0.021163 0.004658 342.11 0.78
E 3 25 0.001617 0.000000 144.00 565.56
E 3 32 0.019907 0.004853 319.36 0.05
E 3 38 0.017877 0.004275 296.08 760.52
E 3 41 0.017940 0.004455 270.01 8.14
E 3 42 0.021107 0.004904 324.88 2.03
E 3 47 0.018987 0.004944 305.61 1.64
E 3 50 0.020223 0.004357 350.52 0.60
E 3 53 0.021110 0.004200 373.83 50.44
E 3 54 0.022354 0.004801 336.86 1.19
E 3 63 0.020675 0.003271 361.82 9.98
E 3 68 0.021239 0.004361 321.05 2.02
E 3 69 0.018943 0.004907 316.79 3.71
E 3 72 0.020476 0.004465 319.92 0.38
E 3 73 0.021652 0.004266 316.47 0.08
E 3 74 0.020828 0.004846 346.54 2.09
E 3 75 0.017286 0.004282 274.10 6.92
E 4 5 0.016687 0.001390 270.01 0.02
E 4 6 0.017265 0.001719 278.34 0.10
E 4 8 0.018096 0.002329 254.84 0.30
E 4 10 0.019244 0.001150 295.96 20.30
E 4 12 0.020839 0.002949 339.76 9.16
E 4 15 0.022526 0.006558 366.14 1.50
E 4 28 0.016508 0.001832 253.82 30.23
E 4 31 0.021303 0.005784 325.17 1.36
E 4 43 0.017860 0.000724 281.19 0.72
E 4 49 0.022304 0.005113 345.57 0.28
E 4 57 0.021020 0.004625 462.67 0.58
E 4 59 0.016040 0.002119 252.39 0.37
E 4 62 0.017807 0.003018 297.54 13.00
E 4 64 0.020900 0.003313 318.95 0.47
E 4 77 0.018690 0.001372 298.35 0.00
E 5 6 0.021575 0.003361 314.43 0.04
E 5 8 0.022076 0.004070 395.34 0.16
E 5 10 0.022634 0.003268 356.10 42.89
E 5 11 0.022721 0.004175 363.22 43.24
E 5 12 0.023029 0.004057 404.31 201.28
E 5 13 0.021352 0.002956 300.22 0.95
E 5 14 0.022605 0.003464 357.27 4.34
E 5 17 0.021062 0.002517 346.35 152.03
E 5 31 0.023775 0.005463 391.27 2.03
E 5 34 0.022516 0.003877 495.59 0.74
E 5 37 0.021511 0.003925 342.19 7.40
E 5 40 0.003522 0.000544 324.00 202.61
E 5 43 0.021024 0.002660 390.24 1.09
E 5 45 0.019497 0.002975 308.82 7.48
E 5 49 0.023406 0.006023 354.56 0.37
E 5 52 0.019851 0.000000 308.25 2.10
E 5 56 0.021560 0.004551 355.98 66.33
E 5 57 0.022963 0.004007 378.85 8.98
E 5 58 0.022848 0.002374 376.08 4.30
E 5 59 0.016857 0.005707 317.79 0.75
E 5 60 0.019850 0.000622 447.55 9.87
E 5 61 0.021684 0.004498 361.45 4.82
E 5 62 0.019150 0.003957 278.12 10.28
E 5 64 0.021100 0.003244 345.22 0.02
E 5 67 0.023719 0.005131 392.39 22.73
E 5 77 0.020847 0.002358 371.02 0.69
E 5 79 0.023130 0.005055 354.42 0.60
E 6 8 0.018127 0.003016 289.65 0.06
E 6 10 0.022393 0.002968 330.29 8.45
E 6 11 0.018933 0.003777 335.77 8.45
E 6 12 0.021153 0.003636 315.23 29.46
E 6 13 0.018181 0.002567 287.67 0.43
E 6 14 0.022056 0.003166 356.50 2.64
E 6 17 0.017658 0.002047 279.14 266.08
E 6 24 0.017367 0.002975 302.91 0.87
E 6 26 0.017397 0.002959 266.69 3.67
E 6 29 0.017367 0.002975 255.47 70.42
E 6 30 0.017398 0.002959 287.56 7.42
E 6 31 0.021639 0.005421 347.11 3.77
E 6 34 0.021377 0.004313 340.44 0.76
E 6 37 0.019391 0.002951 339.39 3.01
E 6 40 0.002033 0.000000 196.00 193.27
E 6 43 0.022074 0.003166 425.58 2.63
E 6 44 0.016960 0.002575 269.24 19.18
E 6 49 0.022226 0.005756 367.67 0.19
E 6 52 0.019608 0.002859 332.87 4.39
E 6 57 0.022150 0.003392 377.62 7.85
E 6 59 0.017501 0.002106 271.32 3.26
E 6 62 0.021004 0.003392 324.47 6.53
E 6 64 0.018833 0.002551 304.64 0.02
E 6 67 0.020349 0.003075 305.12 17.57
E 6 71 0.006866 0.001440 684.00 207.33
E 6 77 0.018872 0.002864 277.42 0.32
E 6 79 0.021377 0.003901 315.14 0.44
E 7 16 0.020854 0.004203 330.06 19.46
E 7 18 0.021123 0.003332 349.82 1.10
E 7 20 0.021520 0.004642 340.59 0.34
E 7 25 0.020600 0.002638 325.31 3.35
E 7 32 0.020709 0.003914 329.10 0.99
E 7 38 0.021120 0.003141 367.85 2.26
E 7 41 0.021337 0.002924 319.52 1.53
E 7 42 0.020707 0.003914 316.91 1.01
E 7 50 0.020732 0.003965 330.06 2.94
E 7 53 0.020755 0.004017 338.76 1.46
E 7 54 0.020800 0.004926 334.87 0.09
E 7 63 0.020861 0.004170 330.28 17.60
E 7 65 0.021671 0.005610 324.94 4.20
E 7 68 0.020639 0.004481 328.77 0.24
E 7 69 0.020710 0.003867 332.03 0.73
E 7 72 0.020707 0.003914 351.04 1.11
E 7 73 0.020960 0.004370 338.83 5.03
E 7 75 0.021265 0.003298 361.58 7.04
E 8 10 0.023420 0.003660 373.29 6.32
E 8 11 0.019895 0.004469 330.49 2.52
E 8 12 0.022718 0.004471 310.71 9.72
E 8 13 0.017635 0.001841 279.65 0.33
E 8 14 0.024600 0.003180 464.20 2.50
E 8 24 0.013214 0.000669 208.45 0.35
E 8 26 0.013265 0.000678 207.06 11.69
E 8 29 0.013214 0.000669 197.15 34.02
E 8 30 0.013265 0.000745 204.39 21.53
E 8 31 0.023561 0.005215 355.54 15.46
E 8 34 0.021377 0.004313 340.12 1.19
E 8 37 0.020657 0.003489 329.42 1.74
E 8 40 0.021548 0.000339 268.36 13.09
E 8 43 0.019625 0.000237 308.28 3.47
E 8 44 0.013215 0.001715 214.65 10.29
E 8 49 0.023288 0.006753 400.42 0.14
E 8 52 0.018130 0.001454 311.57 6.33
E 8 57 0.022395 0.003095 384.24 2.13
E 8 59 0.017975 0.001679 266.66 9.58
E 8 60 0.006403 0.000064 568.00 13.06
E 8 62 0.021004 0.003392 363.96 7.39
E 8 64 0.020360 0.001950 431.95 0.09
E 8 67 0.021344 0.001628 685.67 11.35
E 8 70 0.013153 0.001597 198.68 15.54
E 8 79 0.023217 0.004775 346.74 0.33
E 9 16 0.020116 0.003707 340.80 20.25
E 9 18 0.021235 0.002960 320.31 1.08
E 9 20 0.021219 0.004717 334.25 0.35
E 9 25 0.020135 0.002827 336.05 3.37
E 9 32 0.020354 0.003744 314.34 0.97
E 9 35 0.019965 0.004410 345.03 4.10
E 9 38 0.020086 0.003998 315.39 2.26
E 9 41 0.020280 0.002517 279.65 1.55
E 9 42 0.020149 0.003744 342.07 0.99
E 9 50 0.020150 0.003744 334.57 2.96
E 9 53 0.020168 0.003790 328.13 1.42
E 9 54 0.020142 0.004651 311.34 0.09
E 9 63 0.019823 0.003415 309.86 17.26
E 9 65 0.020154 0.004263 321.33 4.15
E 9 68 0.020251 0.004780 326.00 0.25
E 9 69 0.020449 0.004905 339.39 0.75
E 9 72 0.020149 0.003744 306.72 1.09
E 9 73 0.020015 0.003474 338.86 5.06
E 9 75 0.019309 0.003403 307.26 7.01
E 10 11 0.022398 0.003073 312.11 0.04
E 10 12 0.023118 0.005363 358.53 0.07
E 10 13 0.022453 0.002944 332.48 2.58
E 10 14 0.022777 0.003541 374.71 3.05
E 10 15 0.022639 0.004715 351.98 3.75
E 10 17 0.021322 0.002536 321.55 0.20
E 10 23 0.018962 0.005766 305.76 0.08
E 10 25 0.019510 0.000757 318.25 11.21
E 10 28 0.019967 0.001187 321.36 0.53
E 10 31 0.022303 0.005801 346.65 15.14
E 10 34 0.023858 0.003886 403.79 2.10
E 10 37 0.020880 0.003085 334.12 0.06
E 10 40 0.024057 0.003867 382.01 0.08
E 10 43 0.021170 0.002137 358.26 1.83
E 10 45 0.021272 0.003894 362.04 4.34
E 10 49 0.022296 0.005276 347.70 1.47
E 10 52 0.022563 0.002762 332.99 9.54
E 10 56 0.021233 0.004684 357.50 0.21
E 10 57 0.022141 0.003737 366.14 0.13
E 10 58 0.021052 0.002046 319.27 5.53
E 10 60 0.023622 0.002247 354.77 20.83
E 10 61 0.021233 0.003569 360.14 33.04
E 10 62 0.022594 0.002994 384.83 8.14
E 10 64 0.021522 0.003579 349.90 8.58
E 10 67 0.022033 0.003952 358.90 1.76
E 10 71 0.020487 0.003375 333.13 1.16
E 10 77 0.021219 0.002250 343.22 0.12
E 10 78 0.019073 0.001826 306.43 0.28
E 10 79 0.021584 0.003679 344.19 3.36
E 11 12 0.023793 0.005173 368.04 0.03
E 11 13 0.017206 0.002687 271.65 1.51
E 11 14 0.021987 0.003132 312.04 2.33
E 11 15 0.018110 0.003109 279.31 14.23
E 11 17 0.022643 0.005348 383.05 0.77
E 11 22 0.019083 0.002171 325.38 0.79
E 11 23 0.019530 0.003569 333.40 0.16
E 11 24 0.018707 0.006190 316.90 1.68
E 11 26 0.018231 0.005503 248.49 3.41
E 11 28 0.019701 0.003710 353.29 0.25
E 11 29 0.018707 0.006190 293.55 0.96
E 11 30 0.018231 0.005503 288.98 6.41
E 11 34 0.018638 0.004474 281.80 2.24
E 11 36 0.014874 0.003463 223.54 1.24
E 11 37 0.021304 0.004478 322.43 0.08
E 11 40 0.021094 0.002352 317.20 0.03
E 11 43 0.025109 0.002917 388.14 0.91
E 11 44 0.030706 0.000000 316.39 0.46
E 11 49 0.023579 0.006044 332.77 1.08
E 11 51 0.015808 0.003613 242.08 6.33
E 11 52 0.022565 0.002544 406.72 10.89
E 11 57 0.022860 0.003986 388.43 0.07
E 11 60 0.003713 0.000032 348.00 31.75
E 11 67 0.022632 0.003596 385.32 2.75
E 11 70 0.018707 0.006190 278.46 2.90
E 11 71 0.019363 0.004012 291.84 0.61
E 11 77 0.020191 0.001583 424.18 0.51
E 11 78 0.018873 0.003646 335.90 0.53
E 11 79 0.022852 0.004708 344.72 4.14
E 12 13 0.023319 0.004436 350.15 1.41
E 12 14 0.023667 0.005269 369.83 1.63
E 12 15 0.022138 0.004770 370.96 65.86
E 12 17 0.022211 0.003725 343.56 0.32
E 12 28 0.021903 0.003310 348.48 0.24
E 12 31 0.022273 0.005800 344.11 3.13
E 12 34 0.014868 0.002560 1452.00 2.40
E 12 37 0.021773 0.003609 321.41 0.22
E 12 40 0.024374 0.002827 418.61 5.32
E 12 43 0.022840 0.004809 350.31 1.18
E 12 45 0.022510 0.004347 351.76 4.91
E 12 49 0.022247 0.005183 375.87 1.14
E 12 52 0.003298 0.000128 296.00 12.71
E 12 56 0.022832 0.005030 380.76 44.55
E 12 57 0.022923 0.004874 344.09 0.06
E 12 58 0.022670 0.004462 395.82 3.42
E 12 60 0.029009 0.000792 438.05 17.10
E 12 61 0.022762 0.004877 356.34 8.07
E 12 64 0.022317 0.004200 355.60 15.87
E 12 67 0.023008 0.005088 353.35 2.39
E 12 71 0.020422 0.003439 349.79 0.47
E 12 77 0.022759 0.004877 340.76 0.51
E 12 79 0.022759 0.004877 368.18 5.00
E 13 14 0.021931 0.003121 330.10 0.11
E 13 15 0.017932 0.003146 292.62 48.25
E 13 17 0.019037 0.002035 300.26 2.96
E 13 22 0.016938 0.004768 274.94 0.46
E 13 23 0.018126 0.005078 292.24 1.10
E 13 24 0.016799 0.003392 257.14 1.25
E 13 26 0.015803 0.002261 220.95 1.82
E 13 28 0.019081 0.003234 315.91 0.27
E 13 29 0.018382 0.004297 246.12 0.16
E 13 30 0.015854 0.002423 263.31 0.43
E 13 31 0.023468 0.005917 320.97 16.06
E 13 34 0.018705 0.004638 311.31 0.64
E 13 36 0.015848 0.003783 272.05 0.21
E 13 37 0.020180 0.003683 323.66 1.72
E 13 40 0.017974 0.002832 280.00 0.52
E 13 43 0.022274 0.003344 326.95 0.38
E 13 44 0.005202 0.001216 476.00 0.11
E 13 49 0.023737 0.006128 396.96 0.38
E 13 51 0.016580 0.003342 271.08 1.58
E 13 52 0.017782 0.002744 288.99 5.23
E 13 57 0.023859 0.004348 438.88 0.26
E 13 60 0.019681 0.001048 343.83 45.48
E 13 67 0.023197 0.003822 322.21 69.35
E 13 70 0.018382 0.004297 278.52 0.22
E 13 71 0.018036 0.002700 278.10 0.16
E 13 77 0.021774 0.002301 297.40 3.38
E 13 78 0.018386 0.000821 294.90 3.69
E 13 79 0.023061 0.004797 347.74 0.18
E 14 15 0.021031 0.003961 343.24 41.13
E 14 16 0.018127 0.004424 307.50 35.38
E 14 17 0.022383 0.003200 325.31 3.68
E 14 20 0.020359 0.004149 301.75 1.87
E 14 23 0.020920 0.008565 343.83 3.85
E 14 28 0.022430 0.004085 354.51 0.32
E 14 31 0.024053 0.005282 388.15 3.76
E 14 34 0.023073 0.004410 441.80 1.46
E 14 37 0.021894 0.003646 345.13 3.80
E 14 40 0.023583 0.003222 411.23 0.74
E 14 43 0.022334 0.003426 343.22 2.93
E 14 45 0.022348 0.004084 351.49 1.47
E 14 49 0.022903 0.004902 386.50 1.19
E 14 50 0.017929 0.004587 268.32 5.32
E 14 52 0.001585 0.000000 140.00 2.68
E 14 54 0.019627 0.004370 304.31 1.31
E 14 56 0.022289 0.005734 359.90 0.22
E 14 57 0.022620 0.003427 342.33 0.92
E 14 58 0.022172 0.003053 340.56 0.89
E 14 60 0.019328 0.004571 305.44 57.83
E 14 61 0.022932 0.005782 375.73 0.09
E 14 62 0.022508 0.003599 356.57 15.80
E 14 63 0.018392 0.003930 271.44 463.94
E 14 64 0.022666 0.004150 361.39 0.53
E 14 65 0.017579 0.004257 302.11 5.03
E 14 67 0.022958 0.004549 360.70 20.19
E 14 71 0.021429 0.003443 356.90 0.07
E 14 73 0.017911 0.004070 288.70 5.48
E 14 74 0.020843 0.005064 356.41 1.21
E 14 77 0.022415 0.003342 367.69 10.07
E 14 78 0.018832 0.004309 310.37 14.19
E 14 79 0.022891 0.005503 335.91 0.53
E 15 19 0.018125 0.005057 286.48 3.59
E 15 22 0.017481 0.005540 277.78 0.60
E 15 23 0.019589 0.005022 301.99 1.03
E 15 28 0.019313 0.003639 305.72 100.93
E 15 34 0.018861 0.003227 294.77 13.79
E 15 37 0.019929 0.004070 312.91 0.95
E 15 39 0.017171 0.004884 259.59 11.97
E 15 40 0.017533 0.002573 263.82 9.40
E 15 46 0.017119 0.003420 270.93 32.11
E 15 49 0.020297 0.003791 373.53 12.50
E 15 51 0.017944 0.002727 282.16 5.47
E 15 52 0.017648 0.004234 266.74 35.52
E 15 56 0.022640 0.004900 338.83 306.18
E 15 58 0.022845 0.005168 400.57 197.13
E 15 60 0.021387 0.003410 346.88 0.04
E 15 61 0.022640 0.004900 354.28 11.89
E 15 66 0.007764 0.000544 680.00 132.99
E 15 67 0.021692 0.003813 350.26 3.47
E 15 71 0.019675 0.004024 299.22 27.44
E 15 77 0.021693 0.003554 335.58 0.30
E 15 78 0.020295 0.004630 319.80 0.25
E 15 79 0.021731 0.003716 317.20 132.10
E 16 18 0.020099 0.002699 319.42 0.48
E 16 19 0.019878 0.002883 324.33 5.97
E 16 20 0.021125 0.004278 334.90 9.25
E 16 23 0.017559 0.004736 1672.00 4.00
E 16 25 0.020125 0.003243 334.67 10.74
E 16 27 0.019003 0.001103 306.15 27.20
E 16 32 0.019820 0.002771 334.35 2.09
E 16 33 0.019002 0.004975 321.03 1.62
E 16 35 0.019291 0.005215 278.02 1.83
E 16 36 0.019296 0.002614 319.02 6.06
E 16 50 0.019371 0.002462 306.23 21.91
E 16 51 0.034437 0.002810 335.07 1.73
E 16 53 0.019325 0.002255 330.56 1.70
E 16 54 0.019739 0.004364 315.15 56.93
E 16 55 0.019908 0.002095 283.87 0.25
E 16 63 0.019760 0.003041 320.68 0.18
E 16 65 0.020780 0.004901 336.37 0.98
E 16 66 0.018041 0.000226 266.94 0.52
E 16 68 0.018994 0.002062 319.60 0.23
E 16 69 0.019328 0.004222 312.62 1.64
E 16 72 0.019212 0.002918 311.88 1.06
E 16 73 0.020030 0.003216 320.58 1.38
E 16 74 0.020020 0.003890 313.51 20.65
E 16 75 0.019430 0.002375 341.51 0.25
E 16 76 0.019597 0.003336 318.74 0.33
E 16 78 0.003810 0.000960 360.00 4.17
E 16 80 0.019596 0.007081 309.56 0.99
E 17 23 0.018050 0.006127 295.27 3.88
E 17 31 0.022028 0.005559 310.42 550.62
E 17 37 0.019290 0.003289 290.65 0.37
E 17 43 0.021210 0.003159 377.12 3.38
E 17 45 0.021507 0.004990 359.08 0.34
E 17 49 0.021086 0.003690 368.40 11.46
E 17 56 0.021232 0.004628 344.92 0.30
E 17 57 0.021652 0.003508 326.50 0.59
E 17 58 0.020936 0.002644 349.72 13.86
E 17 59 0.017331 0.001333 263.07 9.18
E 17 60 0.021614 0.002646 313.12 1.31
E 17 61 0.021379 0.004854 339.04 9.40
E 17 62 0.021178 0.002803 313.85 1.15
E 17 64 0.020732 0.003226 344.72 70.64
E 17 67 0.022282 0.004476 338.58 0.55
E 17 71 0.019193 0.003412 331.16 0.70
E 17 77 0.020190 0.002914 323.42 0.49
E 17 79 0.021238 0.003474 330.83 14.81
E 18 20 0.021596 0.003882 348.94 0.41
E 18 25 0.020753 0.003807 346.60 605.96
E 18 32 0.020758 0.003079 317.84 0.05
E 18 38 0.022607 0.005470 347.84 510.84
E 18 41 0.019737 0.002384 364.57 13.04
E 18 42 0.020171 0.002887 332.76 1.99
E 18 47 0.011519 0.000530 171.67 4.74
E 18 50 0.019492 0.002145 289.95 0.33
E 18 53 0.019703 0.002153 300.39 25.54
E 18 54 0.021776 0.004710 347.98 0.83
E 18 60 0.017079 0.004192 1612.00 2.24
E 18 63 0.020942 0.003554 340.27 6.26
E 18 68 0.019619 0.002401 330.24 1.11
E 18 69 0.018373 0.004098 289.90 2.18
E 18 72 0.021048 0.004078 331.63 0.39
E 18 73 0.021616 0.004222 367.08 0.07
E 18 74 0.021235 0.003442 348.67 1.07
E 19 21 0.014064 0.002141 205.55 0.31
E 19 23 0.020077 0.006091 331.26 0.54
E 19 27 0.016574 0.003368 261.43 2.63
E 19 28 0.017985 0.003901 296.27 1.48
E 19 33 0.016730 0.003541 267.11 0.21
E 19 34 0.018042 0.005060 272.36 0.36
E 19 36 0.017456 0.001884 293.83 0.36
E 19 46 0.015613 0.003353 236.27 8.07
E 19 48 0.016528 0.005147 264.69 0.36
E 19 51 0.016947 0.002478 295.72 0.41
E 19 52 0.016992 0.002568 265.28 2.50
E 19 55 0.015587 0.002829 247.47 0.64
E 19 63 0.020290 0.002375 347.63 45.55
E 19 65 0.021635 0.004749 348.00 0.42
E 19 66 0.015864 0.003025 240.99 223.97
E 19 71 0.006866 0.001440 684.00 6.54
E 19 76 0.014993 0.003162 246.37 1.72
E 19 78 0.017099 0.001281 247.05 0.30
E 19 80 0.014993 0.003162 246.26 7.23
E 20 25 0.021137 0.002953 396.48 0.52
E 20 32 0.021190 0.004366 341.16 0.54
E 20 35 0.020950 0.004872 338.91 0.33
E 20 38 0.021073 0.004950 338.73 1.49
E 20 41 0.021110 0.004197 343.42 0.81
E 20 42 0.021246 0.004511 339.45 0.59
E 20 50 0.021246 0.004511 330.16 0.37
E 20 53 0.001809 0.000000 168.00 0.44
E 20 54 0.021183 0.005540 359.06 2.16
E 20 55 0.020700 0.003138 284.63 2.15
E 20 63 0.021089 0.004475 344.53 128.73
E 20 65 0.021195 0.004677 366.37 0.59
E 20 69 0.021495 0.003992 304.55 0.34
E 20 72 0.021245 0.004511 320.35 0.49
E 20 73 0.021174 0.004618 343.53 1.25
E 20 74 0.021180 0.004653 331.42 0.70
E 20 75 0.021155 0.004129 355.05 2.56
E 21 27 0.013432 0.002270 200.76 2.21
E 21 35 0.017037 0.002892 273.36 0.03
E 21 36 0.017403 0.002392 259.03 0.61
E 21 38 0.017204 0.002525 293.70 0.43
E 21 48 0.013697 0.000705 207.31 1.17
E 21 55 0.017661 0.002929 260.74 0.53
E 21 65 0.002594 0.000000 208.00 0.02
E 21 75 0.018006 0.003345 283.47 0.24
E 21 76 0.015715 0.002641 240.04 0.17
E 21 80 0.015115 0.002065 236.31 112.80
E 22 23 0.018745 0.005941 287.27 0.28
E 22 26 0.002338 0.000000 176.00 3.06
E 22 28 0.017876 0.004014 309.43 32.35
E 22 34 0.018154 0.004395 289.72 3.78
E 22 37 0.019258 0.004053 293.96 0.18
E 22 39 0.016885 0.004973 264.90 0.88
E 22 40 0.017239 0.004340 267.06 1.24
E 22 46 0.015776 0.005936 235.71 1.96
E 22 51 0.016683 0.003920 286.74 4.10
E 22 52 0.016885 0.004415 281.75 5.71
E 22 71 0.017582 0.004335 298.96 62.49
E 22 78 0.017171 0.004433 280.68 0.14
E 23 28 0.019239 0.003324 347.33 0.68
E 23 31 0.018050 0.006127 267.74 779.15
E 23 34 0.018569 0.005158 298.49 1.87
E 23 36 0.018136 0.005314 299.76 3.22
E 23 37 0.019892 0.004967 325.05 0.03
E 23 40 0.018502 0.005252 284.16 0.33
E 23 49 0.018050 0.006127 292.69 0.91
E 23 51 0.018973 0.006069 310.77 2.76
E 23 52 0.019395 0.006149 318.10 6.32
E 23 57 0.022225 0.005096 348.42 0.73
E 23 60 0.019063 0.004402 320.62 7.50
E 23 71 0.018431 0.004599 296.15 3.11
E 23 78 0.018633 0.005154 300.89 0.05
E 24 26 0.012484 0.000195 183.57 1.74
E 24 29 0.012465 0.000330 187.99 8.58
E 24 30 0.012844 0.000830 201.70 122.60
E 24 39 0.015907 0.001865 317.97 1.05
E 24 44 0.012943 0.001231 207.75 3.60
E 24 70 0.012752 0.001084 197.12 2.23
E 25 32 0.020554 0.003701 322.82 174.53
E 25 41 0.017817 0.000000 409.32 0.22
E 25 42 0.020527 0.003793 325.90 1.01
E 25 45 0.018548 0.003053 282.23 22.10
E 25 50 0.021416 0.003679 333.98 3.26
E 25 53 0.020375 0.003722 343.87 0.11
E 25 54 0.021042 0.004642 344.05 0.32
E 25 56 0.019926 0.003469 356.18 1.55
E 25 57 0.021771 0.004236 343.04 0.00
E 25 58 0.016551 0.000689 254.66 3.85
E 25 60 0.020496 0.003427 326.70 4.50
E 25 61 0.018958 0.001696 300.33 56.23
E 25 63 0.020790 0.003731 406.12 10.78
E 25 67 0.021145 0.003550 293.37 6.52
E 25 68 0.020368 0.003704 323.13 1.03
E 25 69 0.001617 0.000000 144.00 0.67
E 25 72 0.021623 0.005232 336.41 6.89
E 25 73 0.021004 0.003745 348.66 6.40
E 25 74 0.021069 0.003885 352.42 3.40
E 25 77 0.018582 0.000565 292.00 0.15
E 25 79 0.018844 0.000909 300.62 3.02
E 26 29 0.012419 0.000352 195.03 0.89
E 26 30 0.012854 0.000841 191.51 6.45
E 26 39 0.015907 0.001865 239.92 0.04
E 26 44 0.012917 0.001141 205.94 0.42
E 26 70 0.012806 0.001284 188.55 2.83
E 27 33 0.017302 0.003762 274.84 9.17
E 27 35 0.017039 0.003808 270.30 1.61
E 27 36 0.017424 0.003196 280.07 2.31
E 27 46 0.015781 0.002555 262.74 0.30
E 27 48 0.011545 0.000905 176.13 0.37
E 27 55 0.017561 0.003025 279.37 4.42
E 27 65 0.021101 0.004910 327.25 7.18
E 27 66 0.015218 0.002644 254.98 6.04
E 27 76 0.016348 0.004102 247.15 3.10
E 27 80 0.017055 0.004235 277.23 1.04
E 28 34 0.019199 0.002728 349.50 0.94
E 28 36 0.021170 0.005050 344.85 0.25
E 28 37 0.020206 0.003695 309.59 0.52
E 28 39 0.018289 0.006378 298.39 0.12
E 28 40 0.018323 0.002629 272.94 0.03
E 28 45 0.017700 0.001547 295.22 5.66
E 28 46 0.016098 0.002571 244.71 0.25
E 28 49 0.001969 0.000000 188.00 1.05
E 28 51 0.018076 0.002883 288.07 2.01
E 28 52 0.018151 0.002996 297.43 2.25
E 28 56 0.019918 0.003663 310.79 0.03
E 28 58 0.018353 0.001611 307.56 2.53
E 28 61 0.019199 0.002035 341.28 1.12
E 28 66 0.016459 0.001654 241.09 2.69
E 28 67 0.021274 0.003731 343.31 2.05
E 28 71 0.019636 0.003848 289.05 0.01
E 28 77 0.018725 0.001234 279.03 12.79
E 28 78 0.019369 0.003957 302.66 4.30
E 28 79 0.019452 0.001906 356.75 2.31
E 29 30 0.012846 0.000839 213.10 0.42
E 29 39 0.015907 0.001865 200.46 0.37
E 29 44 0.012946 0.001202 193.85 0.06
E 29 70 0.012752 0.001070 209.81 0.07
E 30 39 0.015907 0.001865 270.62 1.73
E 30 44 0.012917 0.001141 201.72 192.76
E 30 70 0.012842 0.001284 192.68 0.86
E 31 37 0.021536 0.005121 323.54 0.00
E 31 43 0.024102 0.004758 414.44 2.97
E 31 49 0.022317 0.005757 351.60 106.46
E 31 56 0.023638 0.005576 397.19 1.29
E 31 57 0.022530 0.005341 361.93 4.19
E 31 58 0.025414 0.005597 344.99 70.69
E 31 59 0.021108 0.006048 328.89 0.54
E 31 61 0.023638 0.005576 380.81 1.72
E 31 62 0.023465 0.005382 374.13 2.08
E 31 64 0.022183 0.005841 342.89 2.13
E 31 67 0.022222 0.005554 368.89 0.48
E 31 71 0.020708 0.005213 336.05 0.14
E 31 77 0.022336 0.005540 344.60 1.23
E 31 79 0.022206 0.005655 344.40 30.34
E 32 38 0.019453 0.004658 288.25 312.18
E 32 41 0.020887 0.003232 314.55 6.92
E 32 42 0.020041 0.002843 318.03 0.55
E 32 50 0.020042 0.002843 295.23 1.17
E 32 53 0.020042 0.002843 325.58 457.49
E 32 54 0.020440 0.004718 345.30 0.63
E 32 60 0.019789 0.004189 324.47 82.80
E 32 68 0.020002 0.002854 328.27 3.68
E 32 69 0.020001 0.004322 348.22 19.15
E 32 72 0.020041 0.002925 315.62 0.09
E 32 73 0.020221 0.003216 334.51 0.16
E 32 74 0.020221 0.003899 317.15 0.96
E 33 34 0.001393 0.000000 116.00 0.66
E 33 35 0.017105 0.003044 273.76 2.15
E 33 36 0.017336 0.003033 371.18 0.54
E 33 46 0.016810 0.003807 262.32 9.91
E 33 55 0.016341 0.003485 266.99 1.20
E 33 65 0.018063 0.003371 272.14 0.48
E 33 66 0.016775 0.003713 277.01 102.47
E 33 76 0.015846 0.002889 246.72 435.97
E 33 80 0.015900 0.003001 245.70 87.09
E 34 36 0.017666 0.004617 282.89 3.41
E 34 37 0.019918 0.004338 297.91 1.61
E 34 39 0.018777 0.004532 285.53 6.51
E 34 40 0.018266 0.004349 286.23 1.23
E 34 43 0.024261 0.005224 340.37 0.83
E 34 46 0.017646 0.002714 272.59 61.24
E 34 49 0.024413 0.005797 416.52 0.60
E 34 51 0.017682 0.004487 259.93 5.83
E 34 52 0.018148 0.004137 274.14 1.38
E 34 57 0.024396 0.004952 350.83 2.25
E 34 60 0.024328 0.005156 422.23 7.78
E 34 71 0.018666 0.004749 295.02 0.79
E 34 78 0.017621 0.004293 279.35 1.88
E 34 79 0.024035 0.005993 351.34 3.69
E 35 36 0.018354 0.005472 358.09 0.59
E 35 38 0.017730 0.005754 303.78 0.56
E 35 48 0.017527 0.004356 312.40 3.26
E 35 55 0.017076 0.002996 279.15 0.80
E 35 63 0.019365 0.003685 321.31 3.78
E 35 65 0.018106 0.003415 295.31 0.03
E 35 73 0.019024 0.002763 311.92 2.64
E 35 74 0.019586 0.004070 311.13 4.06
E 35 75 0.017918 0.003269 290.53 0.28
E 35 76 0.017034 0.002892 287.31 0.20
E 35 80 0.017034 0.002892 264.61 731.45
E 36 37 0.019467 0.004229 325.48 0.01
E 36 40 0.014906 0.001344 222.98 0.19
E 36 46 0.016840 0.004071 271.34 2.03
E 36 48 0.017440 0.002273 273.73 1.87
E 36 52 0.015076 0.002041 241.36 2.61
E 36 55 0.017591 0.003156 283.61 0.62
E 36 63 0.020447 0.002617 341.43 11.12
E 36 65 0.021424 0.004545 328.19 0.48
E 36 66 0.017961 0.004127 271.58 16.02
E 36 71 0.017608 0.002624 310.40 1.12
E 36 73 0.019513 0.000000 464.74 13.93
E 36 75 0.019136 0.003273 327.40 1.70
E 36 76 0.017415 0.003324 260.62 2.40
E 36 78 0.016741 0.002713 318.08 0.00
E 36 80 0.017712 0.005342 288.90 2.70
E 37 40 0.020157 0.003836 321.97 0.27
E 37 43 0.021615 0.003925 377.18 13.36
E 37 49 0.021738 0.004386 334.65 0.83
E 37 51 0.019933 0.004085 331.45 2.66
E 37 52 0.019944 0.003769 296.81 5.65
E 37 57 0.022715 0.004615 361.79 0.51
E 37 60 0.020188 0.002132 282.73 14.98
E 37 67 0.021961 0.004526 340.59 3.04
E 37 71 0.020174 0.003742 297.87 1.25
E 37 77 0.022565 0.002827 314.23 0.11
E 37 78 0.019893 0.003840 336.27 0.09
E 37 79 0.023465 0.005579 372.14 2.84
E 38 41 0.017310 0.003831 270.33 0.14
E 38 47 0.020191 0.002714 406.48 254.66
E 38 50 0.019851 0.002087 299.78 2.16
E 38 63 0.019127 0.004533 306.60 12.07
E 38 69 0.018720 0.002148 276.74 0.46
E 38 72 0.002161 0.000000 212.00 10.73
E 38 73 0.019806 0.004399 317.86 5.99
E 38 74 0.020074 0.004465 297.91 2.23
E 38 75 0.017999 0.003992 284.39 0.45
E 39 40 0.016225 0.002661 235.24 12.24
E 39 44 0.015908 0.001865 248.92 0.30
E 39 46 0.015109 0.003595 245.81 0.94
E 39 51 0.017619 0.005088 287.66 21.09
E 39 52 0.016838 0.004897 311.97 0.08
E 39 55 0.014946 0.003944 228.48 16.49
E 39 66 0.014612 0.003192 245.68 0.33
E 39 70 0.014170 0.000339 231.04 0.10
E 40 49 0.023583 0.000000 345.45 1.12
E 40 51 0.016035 0.002111 242.33 1.95
E 40 52 0.015304 0.001544 247.15 9.62
E 40 57 0.023668 0.003774 398.96 0.05
E 40 60 0.019317 0.003222 329.58 3.23
E 40 71 0.018290 0.003019 284.05 0.12
E 40 78 0.017324 0.003460 268.63 1.26
E 41 42 0.020867 0.002919 312.32 0.31
E 41 47 0.017346 0.001274 295.90 12.71
E 41 50 0.019886 0.001328 329.37 30.75
E 41 53 0.018086 0.002832 333.89 1.10
E 41 54 0.021964 0.004988 352.87 0.18
E 41 68 0.017992 0.001375 327.59 2.46
E 41 69 0.019169 0.003989 267.75 3.59
E 41 72 0.021089 0.004145 329.01 1.69
E 41 73 0.021488 0.004230 309.95 299.34
E 41 74 0.020807 0.003484 317.12 1.54
E 41 75 0.017765 0.003757 302.83 5.20
E 42 47 0.003153 0.000000 336.00 4.49
E 42 50 0.019349 0.002071 312.92 871.96
E 42 53 0.018979 0.002042 312.50 10.21
E 42 54 0.020318 0.004718 313.82 0.28
E 42 63 0.019682 0.003235 317.74 0.65
E 42 68 0.018986 0.002064 293.09 16.02
E 42 69 0.019006 0.004159 300.83 15.96
E 42 72 0.019529 0.002960 309.27 0.15
E 42 73 0.020030 0.003216 326.85 59.67
E 42 74 0.020103 0.003972 337.78 0.98
E 43 45 0.020181 0.004921 312.24 5.22
E 43 49 0.023287 0.005752 388.35 0.73
E 43 52 0.004258 0.000576 416.00 9.38
E 43 56 0.020695 0.004268 314.15 0.69
E 43 57 0.021821 0.003578 337.26 1.48
E 43 58 0.019036 0.002360 313.94 0.17
E 43 60 0.022336 0.004033 443.10 381.16
E 43 61 0.020690 0.004212 324.12 0.03
E 43 62 0.018782 0.002201 301.27 71.59
E 43 64 0.021283 0.002676 300.07 1.66
E 43 67 0.022034 0.003827 334.70 16.73
E 43 77 0.019536 0.002598 311.38 12.41
E 43 79 0.021419 0.003892 330.40 0.23
E 44 70 0.012930 0.001218 203.37 0.09
E 45 56 0.020696 0.004361 323.62 2.49
E 45 57 0.021797 0.004140 380.64 18.00
E 45 58 0.020400 0.004831 322.75 150.46
E 45 60 0.019511 0.002629 391.95 0.07
E 45 61 0.020295 0.004108 313.93 0.00
E 45 62 0.019949 0.003775 309.37 0.00
E 45 67 0.021909 0.004849 358.50 0.35
E 45 77 0.020437 0.004793 315.37 1.34
E 45 79 0.021209 0.003977 347.46 63.17
E 46 51 0.016435 0.003392 274.27 12.31
E 46 52 0.017018 0.004779 250.88 0.76
E 46 55 0.014946 0.000834 221.17 174.02
E 46 66 0.014835 0.003346 231.69 16.88
E 46 71 0.004194 0.000576 408.00 0.78
E 46 80 0.013545 0.000247 211.54 0.01
E 47 50 0.019920 0.001272 341.18 0.47
E 47 68 0.001489 0.000000 128.00 1.79
E 47 69 0.019080 0.003844 310.74 4.75
E 47 72 0.018608 0.000339 264.00 0.84
E 48 55 0.017023 0.001470 225.44 2.46
E 48 75 0.019021 0.003161 359.32 3.92
E 48 76 0.016806 0.003567 263.93 3.01
E 48 80 0.017603 0.004928 272.82 1.64
E 49 52 0.023962 0.005300 359.34 6.08
E 49 56 0.021618 0.004231 330.59 0.45
E 49 57 0.022184 0.005135 347.12 0.51
E 49 59 0.022250 0.005039 351.32 0.68
E 49 61 0.021618 0.004231 328.97 0.65
E 49 62 0.024769 0.005399 348.82 18.20
E 49 64 0.022372 0.005039 347.58 0.13
E 49 67 0.021628 0.004553 368.44 6.92
E 49 71 0.020445 0.002495 329.40 0.60
E 49 77 0.021917 0.004077 344.02 1.65
E 49 79 0.022099 0.004641 343.74 0.26
E 50 53 0.019371 0.002097 316.20 0.62
E 50 54 0.020179 0.004530 312.61 1.11
E 50 60 0.020203 0.002779 318.27 9.36
E 50 63 0.019675 0.003222 322.06 3.44
E 50 68 0.019403 0.002124 307.07 0.35
E 50 69 0.019421 0.004390 317.50 0.38
E 50 72 0.019569 0.002931 316.25 26.71
E 50 73 0.020031 0.003216 317.63 0.58
E 50 74 0.020125 0.004025 311.51 2.95
E 51 52 0.015854 0.002241 261.35 2.06
E 51 60 0.018212 0.002714 342.93 7.39
E 51 63 0.019988 0.003477 327.70 5.10
E 51 65 0.020870 0.002827 533.56 1.44
E 51 66 0.017719 0.002326 305.12 3.10
E 51 71 0.018364 0.003123 306.53 1.26
E 51 78 0.016297 0.002584 245.65 2.12
E 52 57 0.023922 0.003732 371.65 10.26
E 52 60 0.003713 0.000032 348.00 1.06
E 52 71 0.018468 0.003235 290.99 2.17
E 52 78 0.017247 0.003976 296.16 3.08
E 52 79 0.005090 0.001344 520.00 14.46
E 53 54 0.020295 0.004719 354.40 0.23
E 53 68 0.016039 0.001491 250.96 0.14
E 53 69 0.017833 0.004429 282.58 0.12
E 53 72 0.019608 0.003000 326.49 106.70
E 53 73 0.005458 0.000032 508.00 1.34
E 53 74 0.023074 0.006190 371.02 1.40
E 54 63 0.019698 0.004230 330.83 0.00
E 54 68 0.020297 0.004719 324.46 0.08
E 54 69 0.021590 0.004690 356.83 0.20
E 54 72 0.020319 0.004718 327.36 0.30
E 54 73 0.020235 0.004640 338.11 3.64
E 54 74 0.020313 0.004579 336.56 0.09
E 55 63 0.020208 0.002636 329.65 0.31
E 55 65 0.018060 0.003285 294.00 0.43
E 55 66 0.015594 0.003731 250.98 0.55
E 55 73 0.019611 0.002744 305.73 8.49
E 55 74 0.024770 0.005258 556.01 3.22
E 55 75 0.018038 0.003459 307.53 0.10
E 55 76 0.015612 0.002486 246.47 0.14
E 55 80 0.015638 0.002046 247.88 0.50
E 56 57 0.021796 0.004798 351.03 0.11
E 56 58 0.021145 0.005102 331.18 5.72
E 56 60 0.003778 0.000032 356.00 28.93
E 56 61 0.020536 0.004066 335.61 0.95
E 56 62 0.020865 0.004256 346.37 3.78
E 56 64 0.021093 0.004203 338.13 204.30
E 56 67 0.021983 0.005000 333.04 1.40
E 56 77 0.020930 0.004789 328.37 3.96
E 56 79 0.021365 0.004583 345.67 7.16
E 57 58 0.021775 0.003455 311.36 0.78
E 57 60 0.024394 0.004952 426.25 0.03
E 57 61 0.021796 0.004353 353.87 9.63
E 57 62 0.023027 0.003176 334.62 102.61
E 57 64 0.025958 0.001865 514.15 8.56
E 57 67 0.022125 0.004005 333.48 5.78
E 57 71 0.022847 0.004815 360.71 0.37
E 57 77 0.022005 0.003480 333.93 2.54
E 57 78 0.020798 0.003862 362.07 2.00
E 57 79 0.022110 0.003906 346.27 1.44
E 58 60 0.019512 0.002412 300.20 2.22
E 58 61 0.020861 0.004306 328.33 4.19
E 58 67 0.022038 0.003974 362.28 88.78
E 58 77 0.019450 0.001087 310.46 6.33
E 58 79 0.020910 0.003262 349.04 0.08
E 59 62 0.020755 0.002827 308.14 23.18
E 59 64 0.020856 0.003345 324.49 3.58
E 60 61 0.020021 0.000170 352.57 278.26
E 60 65 0.017767 0.003297 274.57 0.87
E 60 67 0.022309 0.002035 377.26 1.24
E 60 71 0.019624 0.002375 275.88 1.12
E 60 73 0.019062 0.003026 302.30 47.36
E 60 77 0.020340 0.001771 346.85 2.64
E 60 78 0.018267 0.003103 273.76 4.29
E 60 79 0.021927 0.004155 310.34 17.06
E 61 62 0.020513 0.003582 327.13 12.29
E 61 64 0.021093 0.003812 351.62 3.55
E 61 67 0.021983 0.004077 350.47 4.95
E 61 77 0.020608 0.003850 332.53 85.17
E 61 79 0.021365 0.003555 356.08 3.10
E 62 64 0.020835 0.003331 329.66 11.25
E 62 67 0.022053 0.004116 385.14 0.56
E 62 77 0.019497 0.002935 297.68 1.88
E 62 79 0.021246 0.003005 349.23 193.58
E 63 65 0.019730 0.004043 308.44 2.62
E 63 72 0.019682 0.003235 306.08 380.41
E 63 73 0.020025 0.003515 358.44 10.88
E 63 74 0.020101 0.003727 340.48 17.02
E 63 75 0.019534 0.003292 305.93 0.26
E 63 76 0.020147 0.003336 320.31 0.66
E 63 80 0.020147 0.006332 350.97 1.84
E 64 67 0.022257 0.004102 363.33 15.40
E 64 77 0.020550 0.003536 311.33 0.81
E 64 79 0.021178 0.003406 338.25 0.76
E 65 66 0.021327 0.004783 335.62 2.98
E 65 73 0.020064 0.003869 320.59 0.46
E 65 74 0.020223 0.004404 324.14 4.12
E 65 75 0.018116 0.003500 307.02 0.31
E 65 76 0.018067 0.003378 270.16 0.17
E 65 80 0.018135 0.003334 276.57 39.61
E 66 76 0.015139 0.003829 229.45 0.43
E 66 80 0.014683 0.003829 224.01 1.09
E 67 77 0.021981 0.004055 346.16 6.78
E 67 79 0.021907 0.003882 348.01 154.50
E 68 69 0.018000 0.004524 291.99 0.12
E 68 72 0.019610 0.003000 316.97 42.03
E 69 72 0.019572 0.004322 295.18 82.85
E 69 73 0.022678 0.005540 314.69 3.65
E 69 74 0.023447 0.006038 346.45 0.74
E 71 78 0.018328 0.003581 303.63 41.37
E 72 73 0.020030 0.003216 326.94 4.79
E 72 74 0.020066 0.003899 317.42 1.09
E 73 74 0.020013 0.003689 318.94 4.93
E 73 75 0.019928 0.003136 305.18 1.04
E 74 75 0.020100 0.004291 309.23 6.92
E 75 76 0.018004 0.003345 285.42 0.01
E 75 80 0.017914 0.003233 265.54 0.04
E 76 80 0.015574 0.002486 258.20 0.03
E 77 79 0.021372 0.003443 346.34 2.64
END

SECTION Terminals
Root 11
Terminals 32
T 71
T 9
T 20
T 61
T 2
T 10
T 55
T 3
T 76
T 54
T 53
T 22
T 31
T 26
T 50
T 63
T 68
T 64
T 77
T 59
T 13
T 41
T 70
T 79
T 34
T 28
T 17
T 4
T 48
T 47
T 78
T 72
END

EOF