SECTION Comment
CREATOR "Carlos Araujo"
REMARK "Instance for QoS Multicast Routing Problem"
QoS METRICS "delay, jitter, bandwidth and estimate of link duration"
END

SECTION Graph
Nodes 90
Edges 2109

E 1 3 0.032816 0.003480 450.60 16.85
E 1 4 0.030239 0.002815 417.91 1.91
E 1 5 0.035306 0.004159 485.22 1.99
E 1 6 0.034651 0.006383 487.51 22.53
E 1 7 0.029692 0.004706 440.38 97.69
E 1 8 0.035197 0.005329 518.03 0.19
E 1 9 0.030418 0.003015 435.27 0.53
E 1 11 0.030143 0.003236 443.63 0.11
E 1 12 0.035326 0.003668 482.89 0.84
E 1 13 0.029865 0.002808 441.88 1.46
E 1 14 0.040853 0.006614 535.41 33.16
E 1 16 0.035980 0.005088 440.51 10.49
E 1 17 0.033443 0.003270 480.28 30.52
E 1 18 0.035034 0.003566 499.42 0.12
E 1 19 0.029643 0.003167 434.25 4.94
E 1 20 0.029843 0.004240 428.96 3.32
E 1 21 0.029843 0.003000 427.86 19.08
E 1 22 0.035035 0.003566 476.03 0.05
E 1 23 0.032227 0.004104 488.45 0.06
E 1 24 0.035268 0.004381 495.86 0.04
E 1 25 0.029938 0.003033 440.20 0.07
E 1 26 0.035324 0.003668 494.64 0.23
E 1 27 0.040853 0.006614 546.56 103.86
E 1 29 0.040853 0.007598 516.02 3.32
E 1 30 0.035484 0.003731 501.62 19.72
E 1 31 0.037272 0.004425 470.68 22.85
E 1 33 0.035035 0.006445 462.91 143.46
E 1 34 0.030025 0.003077 443.01 2.17
E 1 35 0.035268 0.003711 502.51 0.70
E 1 36 0.030131 0.003017 453.39 3.20
E 1 37 0.027445 0.004960 3024.00 0.96
E 1 38 0.037737 0.005088 494.70 0.09
E 1 39 0.035268 0.004423 503.28 6.67
E 1 40 0.034462 0.003425 482.88 21.28
E 1 41 0.031036 0.002020 427.14 30.58
E 1 42 0.029834 0.003089 419.46 10.28
E 1 43 0.035122 0.004445 478.30 3.09
E 1 44 0.041559 0.006742 527.38 133.86
E 1 46 0.030102 0.003053 458.94 26.94
E 1 47 0.032466 0.003972 499.79 9.72
E 1 48 0.004849 0.000000 548.00 7.07
E 1 49 0.030177 0.003474 415.93 26.82
E 1 50 0.012626 0.001632 1404.00 0.36
E 1 51 0.032836 0.005492 472.38 22.48
E 1 52 0.030228 0.003685 441.12 6.83
E 1 53 0.035035 0.003566 472.16 1.58
E 1 54 0.035277 0.006275 513.58 0.28
E 1 55 0.029193 0.003434 438.09 9.84
E 1 56 0.035268 0.004838 481.36 0.69
E 1 57 0.017347 0.002240 1936.00 0.51
E 1 59 0.032232 0.005278 441.28 22.67
E 1 61 0.031188 0.003205 481.18 22.91
E 1 63 0.035080 0.004662 456.75 8.70
E 1 64 0.041560 0.006742 580.52 27.50
E 1 65 0.017347 0.002240 1936.00 0.27
E 1 66 0.032037 0.004482 466.45 8.24
E 1 67 0.031534 0.003859 452.26 0.13
E 1 68 0.033630 0.003992 472.03 6.71
E 1 69 0.045970 0.005936 644.61 6.33
E 1 70 0.040853 0.006614 528.63 26.30
E 1 71 0.031137 0.004590 446.41 3.42
E 1 72 0.030025 0.003077 440.75 2.42
E 1 73 0.028164 0.003430 414.37 0.57
E 1 74 0.031925 0.003086 452.79 4.63
E 1 77 0.037279 0.006222 491.69 248.17
E 1 79 0.035164 0.003700 494.50 4.66
E 1 81 0.037789 0.007104 509.57 13.35
E 1 84 0.035124 0.005722 451.60 0.00
E 1 85 0.029938 0.003033 428.92 0.00
E 1 86 0.029776 0.003126 445.54 0.00
E 2 6 0.034356 0.006041 471.82 1527.62
E 2 10 0.026791 0.003328 417.63 85.90
E 2 11 0.030076 0.002084 437.50 2.12
E 2 12 0.028550 0.003084 409.90 4.75
E 2 13 0.035028 0.007144 444.17 0.97
E 2 14 0.024833 0.002824 418.17 12.40
E 2 15 0.024524 0.004696 380.64 9.23
E 2 16 0.021563 0.001728 357.06 501.56
E 2 17 0.027636 0.003097 406.35 0.48
E 2 23 0.032475 0.005088 445.45 1.62
E 2 27 0.023416 0.002477 373.73 0.02
E 2 29 0.032716 0.003858 474.75 1.01
E 2 30 0.023300 0.003392 371.18 2.75
E 2 31 0.023187 0.003022 389.72 1553.34
E 2 32 0.027116 0.004567 405.90 1128.59
E 2 37 0.031245 0.006573 459.59 3.54
E 2 40 0.032629 0.003319 470.89 1491.17
E 2 41 0.027801 0.003341 397.75 1134.04
E 2 44 0.026293 0.003364 394.88 231.17
E 2 48 0.023282 0.002724 367.03 0.09
E 2 50 0.023318 0.002556 360.94 0.47
E 2 52 0.027585 0.000678 457.50 21.38
E 2 57 0.023656 0.003127 345.93 0.29
E 2 58 0.023263 0.003364 350.06 1139.95
E 2 60 0.023263 0.003499 364.93 655.99
E 2 62 0.023124 0.002740 363.30 0.17
E 2 63 0.032904 0.003992 500.19 324.82
E 2 64 0.024472 0.003062 407.06 1298.38
E 2 65 0.027604 0.005113 422.94 60.27
E 2 68 0.030516 0.002808 417.34 2.62
E 2 69 0.023690 0.002917 370.40 0.13
E 2 70 0.026509 0.003453 427.46 0.17
E 2 71 0.030570 0.001809 443.32 135.53
E 2 76 0.023355 0.002601 358.57 0.88
E 2 77 0.032530 0.002528 471.46 3.02
E 2 78 0.023074 0.004862 338.56 1.71
E 2 79 0.029314 0.003457 428.50 5.10
E 2 81 0.034033 0.005774 461.68 24.68
E 2 82 0.023462 0.005155 358.72 0.00
E 3 4 0.031827 0.003174 444.28 8.92
E 3 5 0.034669 0.004470 498.16 702.02
E 3 7 0.029823 0.003510 415.34 4.47
E 3 8 0.035197 0.005329 504.60 1.74
E 3 9 0.031959 0.003215 490.64 4.14
E 3 11 0.027617 0.002820 431.25 109.48
E 3 12 0.033458 0.003014 449.78 1.17
E 3 13 0.038847 0.004070 539.87 6.03
E 3 16 0.032632 0.005088 481.90 0.04
E 3 17 0.033319 0.003706 479.22 1.54
E 3 18 0.031994 0.002779 478.50 13.91
E 3 19 0.027617 0.002521 420.18 0.11
E 3 20 0.026572 0.005740 404.05 0.43
E 3 21 0.026981 0.002327 416.79 29.91
E 3 22 0.031994 0.003517 470.98 21.75
E 3 23 0.037287 0.010854 461.31 29.78
E 3 24 0.031827 0.004247 455.63 26.11
E 3 25 0.027617 0.003448 422.69 69.60
E 3 26 0.035063 0.002965 470.88 174.20
E 3 29 0.037286 0.010854 426.16 4.50
E 3 30 0.034830 0.003123 481.32 7.71
E 3 33 0.033727 0.006445 468.77 3.71
E 3 34 0.027618 0.002502 405.61 0.13
E 3 35 0.031827 0.002515 442.91 11.21
E 3 36 0.030271 0.002611 450.23 3.20
E 3 38 0.033711 0.004116 465.05 49.41
E 3 39 0.031827 0.004423 459.87 24.05
E 3 42 0.027798 0.002558 446.47 21.81
E 3 43 0.031994 0.004442 455.24 6.65
E 3 52 0.031539 0.004046 450.75 0.20
E 3 53 0.031959 0.002676 454.56 4.34
E 3 54 0.033431 0.006275 452.88 0.66
E 3 56 0.031827 0.004838 435.47 2.87
E 3 63 0.040173 0.011278 550.41 0.02
E 3 66 0.033595 0.005670 454.80 0.22
E 3 67 0.033498 0.004291 469.65 55.97
E 3 68 0.037505 0.005731 485.31 1.90
E 3 71 0.031139 0.003446 452.95 0.06
E 3 72 0.027618 0.002502 424.60 6.96
E 3 73 0.022222 0.005393 384.19 11.07
E 3 74 0.034299 0.004636 456.63 2.83
E 3 77 0.039142 0.007617 535.73 3.35
E 3 79 0.032642 0.003343 451.29 4.45
E 3 81 0.037623 0.007236 517.87 0.11
E 3 84 0.031827 0.005936 460.05 20.09
E 3 85 0.027398 0.003957 383.01 3.89
E 4 5 0.031494 0.003764 459.70 0.45
E 4 6 0.034115 0.004558 466.36 10.47
E 4 7 0.033897 0.005866 429.53 1.93
E 4 8 0.032593 0.005204 464.33 0.00
E 4 9 0.028368 0.002714 414.87 1.66
E 4 17 0.031637 0.002828 454.89 1.29
E 4 18 0.027838 0.001901 418.65 4.07
E 4 21 0.027366 0.002035 394.99 0.01
E 4 22 0.027863 0.002063 434.44 8.03
E 4 24 0.027587 0.002487 416.71 0.00
E 4 31 0.030791 0.001060 424.27 1.18
E 4 33 0.029334 0.003731 435.82 3.00
E 4 35 0.027594 0.002031 415.69 0.29
E 4 36 0.027810 0.002074 412.68 4.03
E 4 38 0.027708 0.002741 405.78 14.25
E 4 39 0.027611 0.002949 436.47 124.62
E 4 40 0.030805 0.001501 460.28 16.02
E 4 42 0.028010 0.001736 431.21 0.10
E 4 43 0.030131 0.005040 410.94 29.52
E 4 46 0.027571 0.003280 418.00 13.54
E 4 49 0.027606 0.004207 425.50 13.49
E 4 51 0.032169 0.005404 478.11 1.38
E 4 52 0.027507 0.005342 412.16 103.43
E 4 53 0.027794 0.001875 407.28 7.25
E 4 54 0.028830 0.003387 434.93 4.42
E 4 56 0.027629 0.002927 403.10 21.15
E 4 59 0.032032 0.004858 463.76 10.37
E 4 61 0.029814 0.001963 439.43 10.39
E 4 66 0.031936 0.004126 465.69 5.16
E 4 67 0.032070 0.004222 438.78 79.67
E 4 68 0.031540 0.003356 411.68 38.19
E 4 72 0.026598 0.004028 413.08 0.03
E 4 74 0.031415 0.002419 438.12 23.19
E 4 75 0.027340 0.001921 412.40 13.01
E 4 77 0.034958 0.004327 455.43 0.37
E 4 81 0.031733 0.004385 449.61 4.37
E 5 6 0.033909 0.005069 474.12 31.02
E 5 7 0.034837 0.005427 479.96 0.10
E 5 8 0.030588 0.004130 428.13 3.18
E 5 9 0.033217 0.004281 449.32 5.89
E 5 10 0.028698 0.003350 446.48 0.95
E 5 11 0.036735 0.004786 485.32 0.40
E 5 12 0.030578 0.003474 431.36 1.48
E 5 13 0.034519 0.004797 478.66 1.49
E 5 14 0.028807 0.003264 427.82 13.62
E 5 16 0.036098 0.004810 500.69 54.38
E 5 17 0.031566 0.002881 434.97 0.27
E 5 18 0.031537 0.004037 453.69 79.18
E 5 19 0.036735 0.004787 539.19 5.58
E 5 20 0.036735 0.004834 463.02 2.81
E 5 21 0.036735 0.004787 542.98 0.15
E 5 22 0.031537 0.004036 445.97 0.54
E 5 23 0.032111 0.003633 455.70 0.59
E 5 24 0.034662 0.004353 522.16 2.09
E 5 25 0.036735 0.004787 462.68 0.81
E 5 26 0.032711 0.003565 487.19 31.12
E 5 27 0.034739 0.004017 418.29 0.10
E 5 29 0.033160 0.004015 454.85 0.49
E 5 30 0.029060 0.003476 421.71 8.44
E 5 31 0.028901 0.003296 405.51 30.67
E 5 33 0.031259 0.004850 485.22 0.15
E 5 34 0.036736 0.004787 601.10 0.00
E 5 35 0.035131 0.004151 472.97 7.60
E 5 36 0.034841 0.003850 473.09 0.40
E 5 37 0.030589 0.006505 463.85 4.46
E 5 38 0.036555 0.004495 465.93 45.06
E 5 39 0.036555 0.004495 503.61 15.58
E 5 40 0.033107 0.003296 462.94 34.21
E 5 42 0.036037 0.004102 481.07 12.67
E 5 43 0.030808 0.003929 445.32 11.70
E 5 44 0.028321 0.003584 427.69 7.12
E 5 46 0.035793 0.003863 485.15 88.27
E 5 47 0.036735 0.004787 407.98 91.25
E 5 49 0.035065 0.003562 443.58 87.49
E 5 50 0.023662 0.001601 400.05 0.41
E 5 51 0.033483 0.005849 488.29 31.93
E 5 52 0.035473 0.003667 537.54 12.31
E 5 53 0.031603 0.003745 443.47 0.55
E 5 54 0.031793 0.004845 454.03 0.00
E 5 55 0.036735 0.004786 497.75 18.75
E 5 56 0.032316 0.004170 435.03 2.58
E 5 57 0.028505 0.003348 400.75 0.23
E 5 59 0.032327 0.004626 462.60 74.87
E 5 61 0.030873 0.002946 470.36 76.22
E 5 63 0.034255 0.005233 476.04 20.72
E 5 64 0.027267 0.003287 394.30 11.82
E 5 65 0.028478 0.004521 404.35 10.29
E 5 66 0.033289 0.004240 462.86 16.65
E 5 67 0.033132 0.004817 484.08 2.12
E 5 68 0.033689 0.003799 481.71 0.50
E 5 69 0.027663 0.002981 401.98 0.09
E 5 70 0.028858 0.003259 428.20 8.80
E 5 71 0.036735 0.004786 514.14 20.53
E 5 72 0.036735 0.004787 493.74 5.65
E 5 73 0.006466 0.000288 692.00 0.22
E 5 74 0.033377 0.003621 450.49 0.28
E 5 77 0.036678 0.005950 478.67 1.40
E 5 79 0.030565 0.003465 456.90 1.37
E 5 81 0.034068 0.005174 501.05 22.49
E 6 7 0.035683 0.006335 520.20 8.95
E 6 8 0.034038 0.004911 477.65 1.89
E 6 9 0.033632 0.005075 462.52 11.18
E 6 10 0.033794 0.004493 499.64 8.10
E 6 11 0.035061 0.006723 479.34 31.39
E 6 12 0.034269 0.005762 509.56 1.07
E 6 13 0.034044 0.004627 450.84 7.22
E 6 14 0.033466 0.003572 436.33 24.05
E 6 15 0.031079 0.006207 495.92 5.04
E 6 17 0.034352 0.005310 442.19 1.94
E 6 18 0.033290 0.004805 476.62 7.98
E 6 19 0.034251 0.005797 461.98 0.04
E 6 20 0.034265 0.005545 486.32 0.09
E 6 21 0.035055 0.006807 493.60 87.76
E 6 22 0.033349 0.004613 469.44 20.43
E 6 23 0.033664 0.004493 487.67 34.04
E 6 24 0.033842 0.003985 453.15 31.10
E 6 25 0.034905 0.006740 490.38 82.88
E 6 26 0.034125 0.004853 482.69 65.52
E 6 27 0.034227 0.004391 438.14 122.69
E 6 29 0.034022 0.004936 518.83 2.82
E 6 30 0.032777 0.003433 474.67 9.46
E 6 33 0.033513 0.004493 487.99 4.78
E 6 34 0.035061 0.006206 497.73 0.05
E 6 35 0.033843 0.003985 441.05 35.80
E 6 36 0.034218 0.006081 480.10 3.41
E 6 37 0.034056 0.006580 465.76 21.03
E 6 38 0.033842 0.003985 742.91 48.05
E 6 39 0.033842 0.003985 429.76 22.23
E 6 42 0.035056 0.006807 530.00 33.67
E 6 43 0.033774 0.004761 502.74 4.54
E 6 44 0.033850 0.004686 455.03 12.58
E 6 48 0.034153 0.002657 532.95 35.35
E 6 50 0.034153 0.005427 449.66 18.97
E 6 52 0.034961 0.005916 488.52 0.14
E 6 53 0.033410 0.004735 478.79 4.72
E 6 54 0.034530 0.005751 464.51 0.67
E 6 56 0.033583 0.004595 445.25 2.42
E 6 57 0.032400 0.002995 436.00 35.39
E 6 63 0.034746 0.005675 501.72 0.02
E 6 64 0.033845 0.005922 489.55 279.19
E 6 65 0.033850 0.004686 462.67 1.26
E 6 66 0.034327 0.005403 479.99 0.24
E 6 67 0.034364 0.005101 496.52 171.26
E 6 68 0.034080 0.004877 497.02 1.39
E 6 69 0.032483 0.002847 441.55 5.59
E 6 70 0.033850 0.004686 481.27 19.98
E 6 71 0.035099 0.006492 463.10 0.03
E 6 72 0.035135 0.006573 489.08 26.57
E 6 73 0.038734 0.005993 509.68 17.07
E 6 74 0.034327 0.005403 498.65 4.43
E 6 77 0.036588 0.005717 523.39 5.12
E 6 79 0.034300 0.005527 468.13 2.11
E 6 81 0.034777 0.005939 482.35 0.09
E 6 84 0.032766 0.004146 422.01 21.87
E 6 85 0.035062 0.006206 470.59 0.20
E 7 8 0.036006 0.005463 507.44 2.22
E 7 9 0.030714 0.004982 435.57 8.03
E 7 11 0.028291 0.005179 437.30 1.30
E 7 12 0.033458 0.005507 447.37 2.00
E 7 13 0.031600 0.003659 440.29 0.37
E 7 14 0.006082 0.000096 644.00 9.95
E 7 16 0.034827 0.006393 463.89 4.42
E 7 17 0.033466 0.003863 470.69 0.06
E 7 18 0.033934 0.005338 504.58 2.56
E 7 19 0.026445 0.005318 399.51 2.88
E 7 20 0.026419 0.005151 408.22 1.56
E 7 21 0.026685 0.005336 399.78 175.93
E 7 22 0.033896 0.005866 494.29 1.81
E 7 23 0.032742 0.000113 652.93 3.02
E 7 24 0.034310 0.005284 539.40 38.72
E 7 25 0.026626 0.005163 408.88 38.45
E 7 26 0.035289 0.005894 539.65 41.51
E 7 27 0.036642 0.005258 584.17 0.09
E 7 29 0.032536 0.007598 486.38 2.99
E 7 30 0.035248 0.006083 523.62 2.08
E 7 31 0.034498 0.006106 486.50 9.05
E 7 33 0.033934 0.006445 450.51 0.40
E 7 34 0.026846 0.005148 389.52 1.75
E 7 35 0.034454 0.005465 521.70 2.97
E 7 36 0.029134 0.004189 420.02 0.08
E 7 38 0.035283 0.005286 504.35 0.00
E 7 39 0.034454 0.005465 483.47 0.02
E 7 40 0.038352 0.006877 484.27 8.54
E 7 41 0.032841 0.003539 470.07 11.57
E 7 42 0.027041 0.004795 406.70 19.69
E 7 43 0.033935 0.005338 463.35 0.48
E 7 44 0.007698 0.000192 788.00 1.91
E 7 46 0.029008 0.004280 427.72 10.22
E 7 47 0.026592 0.007133 393.64 5.00
E 7 49 0.028615 0.004221 419.52 10.17
E 7 51 0.032872 0.004543 481.34 8.93
E 7 52 0.028678 0.005146 426.31 5.35
E 7 53 0.033934 0.005338 425.72 0.18
E 7 54 0.033643 0.006275 456.39 13.27
E 7 55 0.025588 0.005593 410.04 4.98
E 7 56 0.033936 0.005338 573.02 0.46
E 7 59 0.033096 0.004826 478.30 8.87
E 7 61 0.031421 0.004097 433.40 8.96
E 7 63 0.039464 0.008839 515.17 13.67
E 7 66 0.033375 0.004910 481.90 3.53
E 7 67 0.033470 0.004628 504.20 194.16
E 7 68 0.035791 0.004485 448.01 4.40
E 7 69 0.006834 0.000256 680.00 0.15
E 7 70 0.032233 0.000509 389.96 0.23
E 7 71 0.031037 0.005148 427.77 1.98
E 7 72 0.026846 0.005148 418.47 15.64
E 7 73 0.024496 0.004283 382.14 7.90
E 7 74 0.033351 0.003929 448.50 0.08
E 7 77 0.039501 0.007865 523.10 0.16
E 7 79 0.033672 0.005893 541.36 0.27
E 7 81 0.037425 0.006932 499.65 4.80
E 8 9 0.034527 0.005509 474.83 2.29
E 8 10 0.028263 0.003209 432.45 4.99
E 8 11 0.036257 0.005552 462.76 0.21
E 8 12 0.030430 0.004128 426.99 0.03
E 8 13 0.035371 0.005104 491.83 1.71
E 8 14 0.029259 0.003235 415.51 0.00
E 8 15 0.037151 0.006190 484.48 0.04
E 8 16 0.037010 0.005547 500.50 0.76
E 8 17 0.031596 0.003964 470.29 4.04
E 8 18 0.033445 0.005774 468.99 0.47
E 8 19 0.037010 0.005547 438.76 0.69
E 8 20 0.037011 0.005547 488.31 0.48
E 8 21 0.037256 0.005894 570.19 0.83
E 8 22 0.033505 0.005302 444.26 0.19
E 8 23 0.032025 0.003645 429.35 0.12
E 8 24 0.034634 0.005486 496.99 0.22
E 8 25 0.037010 0.005547 531.92 0.21
E 8 26 0.031169 0.004217 462.70 1.35
E 8 27 0.036498 0.004645 453.23 41.00
E 8 29 0.033231 0.003431 489.03 69.49
E 8 30 0.030447 0.004287 426.92 333.91
E 8 31 0.030111 0.004111 440.87 1.88
E 8 32 0.027691 0.003906 418.97 3.14
E 8 33 0.031980 0.004508 463.28 4.56
E 8 34 0.036230 0.004628 546.51 0.27
E 8 35 0.036593 0.006491 456.99 0.80
E 8 36 0.036621 0.005766 498.33 0.22
E 8 37 0.030661 0.006590 441.79 2.84
E 8 38 0.037035 0.007425 514.90 0.45
E 8 39 0.036567 0.006606 490.04 0.29
E 8 40 0.033138 0.003652 453.09 1.88
E 8 41 0.032824 0.003953 480.40 5.70
E 8 42 0.037110 0.007218 505.85 194.22
E 8 43 0.030832 0.004716 443.94 0.56
E 8 44 0.028139 0.003068 403.78 0.00
E 8 46 0.036593 0.006491 512.27 1.85
E 8 47 0.039947 0.007293 465.61 1.16
E 8 49 0.036593 0.006491 580.80 1.84
E 8 50 0.024005 0.001408 375.50 0.23
E 8 51 0.033239 0.005674 460.95 1.87
E 8 52 0.036827 0.005239 508.42 2.48
E 8 53 0.033507 0.005420 452.82 0.08
E 8 54 0.030339 0.004175 454.49 0.19
E 8 55 0.037683 0.004119 546.33 1.20
E 8 56 0.033709 0.005750 481.68 0.09
E 8 57 0.027229 0.002854 385.17 0.63
E 8 59 0.033495 0.005380 463.13 1.67
E 8 61 0.032568 0.004883 444.95 1.69
E 8 63 0.034254 0.004933 447.85 0.85
E 8 64 0.027213 0.003252 424.07 1.34
E 8 65 0.028107 0.004431 426.84 0.15
E 8 66 0.033477 0.005157 498.72 4.04
E 8 67 0.033477 0.005157 500.87 0.61
E 8 68 0.033711 0.003846 459.10 12.71
E 8 69 0.027229 0.002854 390.55 9.65
E 8 70 0.028365 0.002835 425.97 658.53
E 8 71 0.036020 0.004319 508.72 0.21
E 8 72 0.037256 0.005894 445.92 112.97
E 8 74 0.033331 0.004388 521.98 0.41
E 8 77 0.036793 0.005755 482.48 0.58
E 8 79 0.030211 0.004087 446.12 0.16
E 8 81 0.034195 0.005583 470.37 0.47
E 8 82 0.024005 0.004438 370.45 48.94
E 8 84 0.033709 0.005750 480.66 13.36
E 8 86 0.037009 0.005547 471.58 0.00
E 9 10 0.028076 0.001410 424.79 11.42
E 9 11 0.028978 0.002945 470.49 3.13
E 9 12 0.033509 0.003215 506.40 1.37
E 9 13 0.030061 0.002384 420.38 2.86
E 9 17 0.031406 0.002299 447.63 10.68
E 9 18 0.028434 0.002486 436.92 1.25
E 9 20 0.027419 0.005699 407.46 67.29
E 9 21 0.028425 0.000924 427.29 5.10
E 9 22 0.028443 0.002559 424.77 2.12
E 9 23 0.030497 0.004085 443.61 0.68
E 9 24 0.028140 0.002603 407.80 3.25
E 9 25 0.032572 0.005512 600.19 3.88
E 9 26 0.031001 0.002285 438.79 1.61
E 9 27 0.013396 0.000288 1384.00 2.77
E 9 29 0.030751 0.003377 424.04 0.40
E 9 30 0.033233 0.003169 447.66 0.31
E 9 31 0.030024 0.003285 421.10 11.03
E 9 33 0.029687 0.004158 436.42 10.49
E 9 34 0.028318 0.002537 403.90 10.94
E 9 35 0.028140 0.002534 401.74 0.12
E 9 36 0.028380 0.002476 429.67 53.17
E 9 38 0.028533 0.002992 415.10 1.90
E 9 39 0.028147 0.002899 413.34 1.28
E 9 40 0.032051 0.002842 472.57 11.57
E 9 41 0.030537 0.002134 439.16 14.38
E 9 42 0.028380 0.001263 401.43 0.55
E 9 43 0.030559 0.005625 448.32 663.08
E 9 44 0.028586 0.001611 489.00 0.37
E 9 46 0.028239 0.002771 428.93 11.90
E 9 49 0.028234 0.003741 400.71 11.91
E 9 51 0.032310 0.005244 452.37 11.02
E 9 52 0.028679 0.002893 448.93 9.68
E 9 53 0.028404 0.002489 405.76 13.60
E 9 54 0.029939 0.003866 435.90 1.64
E 9 56 0.028210 0.003058 413.12 14.29
E 9 57 0.013396 0.000288 1384.00 23.13
E 9 59 0.032201 0.005444 466.39 10.38
E 9 61 0.030022 0.002090 442.85 10.36
E 9 63 0.034187 0.006147 483.65 4.70
E 9 66 0.031874 0.004006 451.69 3.49
E 9 67 0.031586 0.003766 451.94 10.13
E 9 68 0.033370 0.004278 448.40 1.28
E 9 69 0.028399 0.000905 544.19 8.42
E 9 71 0.031130 0.007349 445.85 33.22
E 9 72 0.028239 0.001662 393.21 0.52
E 9 74 0.031508 0.002484 450.13 15.37
E 9 77 0.035830 0.006083 497.65 8.87
E 9 79 0.030604 0.003465 457.59 2.43
E 9 81 0.034200 0.005587 469.87 1.19
E 9 84 0.028151 0.004736 418.45 12.08
E 9 86 0.028467 0.001463 445.41 0.00
E 10 12 0.029921 0.002737 446.92 0.20
E 10 13 0.032711 0.004300 441.81 0.84
E 10 14 0.027591 0.002334 426.92 3.42
E 10 15 0.027178 0.005132 462.97 1.39
E 10 18 0.027983 0.001595 426.60 2.73
E 10 22 0.027982 0.001472 439.80 0.10
E 10 26 0.030635 0.002258 477.04 0.12
E 10 27 0.028841 0.002498 400.76 9.44
E 10 30 0.027905 0.001875 419.09 3.92
E 10 31 0.027768 0.002533 430.95 8.06
E 10 32 0.027528 0.004949 414.15 10.06
E 10 33 0.028118 0.002815 430.77 0.00
E 10 37 0.032042 0.007273 466.47 0.38
E 10 40 0.033131 0.003425 480.40 8.07
E 10 41 0.029645 0.001770 429.63 10.07
E 10 44 0.027571 0.004122 440.37 34.79
E 10 48 0.026250 0.004786 429.52 18.90
E 10 50 0.026623 0.003721 385.59 0.73
E 10 51 0.031687 0.005134 444.74 8.06
E 10 52 0.034142 0.002962 449.76 6.79
E 10 53 0.027982 0.002210 412.73 0.45
E 10 54 0.029954 0.003715 430.38 2.12
E 10 56 0.027891 0.001395 379.52 0.18
E 10 57 0.027436 0.001595 393.18 0.65
E 10 58 0.026326 0.004523 411.24 9.66
E 10 59 0.031990 0.006066 461.00 1.46
E 10 60 0.028080 0.007892 410.44 9.47
E 10 61 0.028683 0.001546 430.48 1.26
E 10 62 0.024938 0.001221 433.76 3.28
E 10 63 0.034727 0.005530 488.76 5.57
E 10 64 0.030324 0.006667 446.85 9.71
E 10 65 0.028048 0.004926 411.35 0.48
E 10 67 0.030104 0.003901 439.87 0.07
E 10 68 0.034043 0.003980 476.49 4.03
E 10 69 0.027490 0.001627 400.32 4.29
E 10 70 0.027533 0.003159 404.04 0.00
E 10 74 0.030325 0.001933 470.17 29.90
E 10 76 0.024940 0.002600 527.48 0.00
E 10 77 0.036607 0.006062 484.05 76.88
E 10 79 0.030003 0.002742 441.35 0.68
E 10 81 0.034273 0.005663 488.34 2.59
E 10 82 0.026891 0.003171 378.54 0.77
E 10 84 0.027661 0.001832 394.91 0.18
E 11 12 0.028375 0.003392 425.96 4.91
E 11 13 0.030095 0.003307 409.23 0.54
E 11 14 0.033335 0.005512 424.48 293.61
E 11 16 0.029089 0.005300 435.31 80.00
E 11 17 0.031335 0.003425 444.42 1.56
E 11 19 0.028305 0.003344 439.12 22.05
E 11 20 0.028475 0.003837 425.55 10.36
E 11 21 0.028475 0.003486 402.04 0.44
E 11 23 0.032966 0.004812 486.23 1.28
E 11 25 0.028396 0.003400 436.53 0.26
E 11 26 0.032089 0.003095 438.54 3.51
E 11 27 0.031187 0.002911 476.60 1.19
E 11 29 0.032694 0.004248 440.69 10.60
E 11 30 0.035133 0.003354 460.84 99.39
E 11 32 0.028873 0.004167 443.34 17.64
E 11 34 0.028454 0.003400 439.60 5.63
E 11 37 0.030132 0.005914 431.27 0.29
E 11 40 0.032473 0.003304 450.12 49.92
E 11 41 0.030855 0.003338 429.82 18.78
E 11 42 0.028052 0.003176 411.61 94.37
E 11 47 0.026925 0.002559 430.33 157.24
E 11 51 0.031244 0.006047 444.86 202.63
E 11 52 0.028181 0.003243 429.14 15.36
E 11 54 0.037866 0.006332 627.50 0.62
E 11 55 0.028591 0.003624 420.18 110.56
E 11 59 0.032381 0.005960 431.08 208.25
E 11 61 0.028599 0.003155 442.66 210.40
E 11 63 0.034187 0.005212 496.77 9.95
E 11 65 0.028484 0.003172 431.14 0.48
E 11 66 0.031855 0.003458 462.65 13.29
E 11 67 0.030696 0.003399 466.02 0.36
E 11 68 0.033698 0.003920 474.55 0.69
E 11 70 0.028710 0.002557 403.60 26.31
E 11 71 0.030864 0.004696 449.90 8.14
E 11 72 0.028454 0.003400 434.64 8.19
E 11 73 0.028055 0.003186 418.65 0.11
E 11 74 0.031685 0.003244 476.44 0.32
E 11 77 0.037402 0.005936 529.42 4.58
E 11 79 0.029511 0.003216 422.06 0.26
E 11 81 0.034014 0.006234 463.96 10.79
E 11 85 0.028521 0.003531 437.24 3.65
E 11 86 0.028052 0.003176 433.78 125.59
E 12 13 0.034943 0.006082 502.40 1.02
E 12 14 0.030026 0.003146 459.85 0.00
E 12 15 0.029898 0.004131 454.12 0.29
E 12 16 0.029463 0.001809 505.81 1.38
E 12 17 0.031591 0.002963 433.64 2.24
E 12 18 0.033515 0.003010 465.08 0.35
E 12 19 0.033589 0.001357 686.51 23.89
E 12 22 0.033515 0.003192 479.34 0.06
E 12 23 0.031994 0.003456 439.65 0.06
E 12 24 0.031916 0.002713 399.31 0.10
E 12 25 0.032165 0.006671 468.16 0.11
E 12 26 0.033880 0.002809 459.92 0.68
E 12 27 0.030144 0.003429 431.73 14.79
E 12 29 0.033342 0.003578 461.83 65.38
E 12 30 0.033961 0.004037 464.20 211.82
E 12 31 0.030692 0.003505 447.86 1.08
E 12 32 0.029670 0.004778 446.54 1.61
E 12 33 0.033568 0.006737 455.50 2.62
E 12 34 0.033590 0.000170 567.61 35.05
E 12 35 0.031917 0.001696 561.43 0.57
E 12 36 0.032455 0.002864 467.04 0.12
E 12 37 0.031165 0.006985 454.32 1.89
E 12 38 0.031916 0.001696 467.62 0.40
E 12 39 0.032288 0.001809 524.91 64.29
E 12 40 0.033171 0.003273 467.44 1.06
E 12 41 0.034140 0.003030 473.85 1.53
E 12 42 0.004674 0.000032 468.00 91.16
E 12 43 0.033515 0.004439 491.30 0.26
E 12 44 0.030184 0.003986 461.01 0.00
E 12 48 0.028646 0.002792 432.77 1.26
E 12 50 0.029063 0.003152 425.06 0.12
E 12 51 0.033589 0.005242 486.18 1.08
E 12 52 0.029901 0.003683 439.96 1.50
E 12 53 0.033525 0.003253 482.72 0.05
E 12 54 0.033377 0.005776 483.21 0.34
E 12 56 0.033695 0.005766 485.67 0.03
E 12 57 0.029775 0.002676 425.33 0.32
E 12 58 0.027837 0.002840 431.38 2.02
E 12 59 0.033366 0.004313 508.59 1.07
E 12 60 0.027837 0.002840 419.86 2.23
E 12 61 0.033515 0.003010 475.45 1.07
E 12 62 0.029297 0.002975 488.60 4.16
E 12 63 0.034777 0.005432 486.49 0.88
E 12 64 0.029900 0.003211 437.44 1.12
E 12 65 0.030071 0.004882 442.89 0.18
E 12 66 0.033756 0.005266 509.16 1.85
E 12 67 0.034775 0.005201 498.27 1.27
E 12 68 0.034566 0.004380 457.36 3.23
E 12 69 0.029688 0.002560 453.00 3.11
E 12 70 0.030071 0.003140 406.68 464.62
E 12 72 0.033589 0.000904 509.23 72.44
E 12 74 0.034625 0.004315 475.47 0.29
E 12 76 0.027837 0.002840 442.11 0.24
E 12 77 0.036677 0.005950 477.62 0.78
E 12 79 0.030552 0.003232 466.32 0.07
E 12 81 0.034426 0.005416 481.84 0.38
E 12 82 0.028588 0.005789 417.41 15.31
E 12 83 0.028083 0.002814 417.23 23.49
E 12 84 0.034098 0.005126 486.49 1.84
E 13 14 0.035347 0.006496 498.38 35.12
E 13 15 0.035110 0.006671 479.66 1.43
E 13 16 0.035116 0.007000 502.13 6.64
E 13 17 0.030725 0.002750 453.65 0.54
E 13 18 0.030484 0.002634 463.37 1.51
E 13 19 0.035077 0.004127 515.90 4.31
E 13 20 0.029597 0.004653 454.48 3.28
E 13 21 0.029069 0.001987 423.78 0.86
E 13 22 0.030432 0.002733 469.02 0.54
E 13 23 0.032689 0.004582 468.60 1.28
E 13 25 0.029989 0.002035 447.58 0.59
E 13 26 0.032040 0.004410 498.69 2.02
E 13 27 0.035647 0.007387 459.83 0.96
E 13 29 0.032760 0.004334 452.84 6.23
E 13 30 0.035013 0.006307 464.50 4.36
E 13 31 0.035531 0.006393 507.72 7.29
E 13 32 0.034893 0.006366 497.93 6.70
E 13 33 0.030305 0.002813 446.72 0.45
E 13 34 0.030096 0.001916 471.96 3.75
E 13 36 0.028830 0.001998 409.18 0.33
E 13 37 0.035055 0.007427 526.03 0.70
E 13 39 0.012451 0.002336 1324.00 2.51
E 13 40 0.033383 0.005572 461.74 7.13
E 13 41 0.032300 0.005205 451.21 6.69
E 13 42 0.029515 0.001407 415.07 35.25
E 13 43 0.030484 0.004138 469.87 1.54
E 13 44 0.035042 0.005784 469.92 11.78
E 13 46 0.028830 0.002839 424.55 8.36
E 13 48 0.035366 0.007611 466.01 0.29
E 13 49 0.028340 0.003134 403.06 8.36
E 13 50 0.035028 0.007144 460.04 0.31
E 13 51 0.031753 0.005444 442.03 7.28
E 13 52 0.030711 0.003807 445.89 6.28
E 13 53 0.030354 0.002467 432.24 0.44
E 13 54 0.030583 0.003814 468.41 3.96
E 13 56 0.029963 0.002237 458.97 0.97
E 13 57 0.032439 0.007383 453.55 16.36
E 13 58 0.034295 0.007714 466.59 6.72
E 13 59 0.031776 0.005524 459.96 7.78
E 13 60 0.034296 0.007714 499.32 6.81
E 13 61 0.030469 0.002656 438.36 7.79
E 13 62 0.033709 0.008011 513.49 1.16
E 13 63 0.034800 0.005460 476.60 7.55
E 13 64 0.034929 0.006684 480.45 6.72
E 13 65 0.035401 0.006307 458.62 1.76
E 13 66 0.031287 0.003326 445.49 6.22
E 13 67 0.030544 0.003227 448.42 1.36
E 13 68 0.033732 0.004410 474.31 24.27
E 13 69 0.032028 0.007801 434.72 1.79
E 13 70 0.035401 0.006307 494.41 1.35
E 13 71 0.031494 0.004986 463.50 3.85
E 13 72 0.030055 0.002035 414.55 1.34
E 13 74 0.030300 0.002540 439.68 0.23
E 13 76 0.034110 0.006947 453.65 0.88
E 13 77 0.036914 0.006078 505.05 0.63
E 13 78 0.028671 0.000000 290.35 2.67
E 13 79 0.032002 0.004410 454.66 0.79
E 13 81 0.034434 0.005978 493.95 6.74
E 13 82 0.035028 0.007144 490.67 3.12
E 14 15 0.029294 0.004874 385.38 0.77
E 14 16 0.030630 0.005314 472.00 24.63
E 14 17 0.029804 0.002956 422.88 3.13
E 14 19 0.033335 0.005512 587.10 18.39
E 14 20 0.035115 0.005089 432.32 17.18
E 14 21 0.035002 0.005202 419.39 2.69
E 14 22 0.030028 0.001628 443.21 250.54
E 14 23 0.033494 0.005001 452.88 39.42
E 14 25 0.033334 0.005512 413.76 89.53
E 14 26 0.034525 0.004361 477.32 0.62
E 14 27 0.030055 0.004025 456.55 1.48
E 14 29 0.033733 0.004362 472.48 0.09
E 14 30 0.025372 0.001943 370.11 0.03
E 14 31 0.023464 0.003499 358.96 24.69
E 14 32 0.027765 0.005011 418.65 11.96
E 14 34 0.030027 0.001395 520.13 13.44
E 14 37 0.031682 0.007212 478.02 1.82
E 14 40 0.035864 0.004537 459.55 22.27
E 14 41 0.031474 0.004523 476.33 12.08
E 14 44 0.026783 0.003967 404.93 0.03
E 14 48 0.031172 0.004878 480.65 7.10
E 14 50 0.027990 0.003514 464.16 151.51
E 14 51 0.031934 0.003731 419.07 24.43
E 14 52 0.033214 0.005046 456.84 6.33
E 14 54 0.033656 0.004749 467.08 1.91
E 14 55 0.031530 0.003877 498.08 21.60
E 14 57 0.022063 0.001878 318.54 0.00
E 14 58 0.031646 0.004523 461.71 12.12
E 14 60 0.031862 0.006049 473.02 11.98
E 14 62 0.032289 0.004824 477.68 0.16
E 14 63 0.037623 0.007721 493.83 13.82
E 14 64 0.026757 0.004042 401.36 13.24
E 14 65 0.027949 0.005422 425.47 4.30
E 14 68 0.037470 0.005731 495.79 5.78
E 14 69 0.022064 0.001878 338.05 1.65
E 14 70 0.027059 0.003510 391.42 0.18
E 14 71 0.030866 0.004820 475.96 20.45
E 14 72 0.030027 0.001206 527.07 0.24
E 14 74 0.042238 0.006784 710.52 80.30
E 14 76 0.031863 0.005970 448.27 7.24
E 14 77 0.038856 0.007134 501.18 7.65
E 14 78 0.002881 0.000096 244.00 2.98
E 14 79 0.030119 0.002893 448.64 11.42
E 14 81 0.036047 0.006311 458.83 24.36
E 14 82 0.026964 0.005017 432.88 0.00
E 15 16 0.020726 0.004079 312.55 6.17
E 15 23 0.034599 0.006282 490.08 0.37
E 15 26 0.035342 0.005484 513.27 2.55
E 15 27 0.022482 0.004386 356.75 1.91
E 15 29 0.033893 0.004579 450.64 1.15
E 15 30 0.035135 0.004028 519.28 0.52
E 15 31 0.026347 0.005584 380.17 5.12
E 15 32 0.027163 0.004744 419.66 3.91
E 15 37 0.031854 0.007262 434.66 1.08
E 15 40 0.037849 0.006212 543.01 4.94
E 15 41 0.028121 0.005004 407.57 3.90
E 15 44 0.027418 0.005062 428.30 0.71
E 15 48 0.022492 0.004234 356.68 0.73
E 15 50 0.022748 0.003893 378.56 0.30
E 15 52 0.032945 0.004264 464.10 16.60
E 15 54 0.037867 0.006332 517.91 4.99
E 15 57 0.026355 0.004656 379.72 0.66
E 15 58 0.023587 0.005494 368.13 3.98
E 15 60 0.022984 0.004829 339.65 3.96
E 15 62 0.022766 0.004694 344.51 0.42
E 15 63 0.038821 0.009158 508.83 8.05
E 15 64 0.024591 0.004048 381.58 4.65
E 15 65 0.029065 0.005626 435.77 2.83
E 15 68 0.037099 0.004905 450.47 4.16
E 15 69 0.025955 0.002035 384.65 1.98
E 15 70 0.028865 0.004655 411.45 0.79
E 15 71 0.031141 0.005492 459.22 2.04
E 15 76 0.022486 0.004471 339.85 0.64
E 15 77 0.039526 0.000000 526.55 6.86
E 15 78 0.019975 0.004240 314.81 0.62
E 15 79 0.031893 0.006190 479.04 0.12
E 15 80 0.019208 0.004070 307.85 0.92
E 15 81 0.037744 0.008378 486.16 1.22
E 15 82 0.022982 0.004679 381.80 0.36
E 15 83 0.022497 0.004306 340.08 3.53
E 16 17 0.033419 0.004918 488.04 3.46
E 16 19 0.026394 0.004579 391.37 0.10
E 16 20 0.029089 0.005300 434.89 0.25
E 16 21 0.029089 0.005300 415.14 38.30
E 16 23 0.035082 0.006179 514.78 20.88
E 16 25 0.026145 0.004208 388.38 39.65
E 16 26 0.036310 0.005088 503.39 109.16
E 16 27 0.020987 0.002447 327.09 92.68
E 16 29 0.033195 0.005427 421.24 2.03
E 16 30 0.035133 0.005088 510.05 9.09
E 16 32 0.028670 0.004372 426.46 0.15
E 16 34 0.029089 0.005300 418.02 0.72
E 16 37 0.032080 0.005570 496.59 17.49
E 16 40 0.039771 0.005529 547.70 0.14
E 16 41 0.040338 0.005993 616.05 0.15
E 16 42 0.030067 0.004473 396.14 16.59
E 16 44 0.027201 0.000678 386.49 15.29
E 16 47 0.028880 0.004219 417.64 0.13
E 16 48 0.019434 0.003112 318.84 33.94
E 16 50 0.021221 0.001493 336.95 18.46
E 16 52 0.030237 0.005044 432.39 0.07
E 16 54 0.037866 0.006332 461.52 0.90
E 16 55 0.027700 0.005026 423.12 0.11
E 16 58 0.019652 0.003123 300.61 0.15
E 16 59 0.034234 0.006275 493.04 0.15
E 16 60 0.019652 0.001914 318.54 0.24
E 16 62 0.020109 0.001991 311.48 12.03
E 16 63 0.038570 0.008756 559.73 0.06
E 16 64 0.027297 0.003763 403.02 0.12
E 16 65 0.032381 0.008395 474.32 0.56
E 16 66 0.034522 0.004409 448.48 0.10
E 16 67 0.036359 0.008932 540.14 20.43
E 16 68 0.037615 0.005696 524.25 3.33
E 16 70 0.031966 0.006590 496.70 13.91
E 16 71 0.031316 0.005330 445.36 0.05
E 16 72 0.027771 0.004994 445.12 7.79
E 16 73 0.028881 0.004219 411.45 12.07
E 16 74 0.035323 0.005088 507.07 2.80
E 16 76 0.021173 0.002390 331.77 1.28
E 16 77 0.040166 0.007780 518.01 2.39
E 16 78 0.017852 0.001059 305.47 3.96
E 16 79 0.032402 0.006106 493.08 1.55
E 16 80 0.017539 0.000970 303.81 6.50
E 16 81 0.039088 0.008650 508.59 0.20
E 16 82 0.023039 0.005020 415.48 1.31
E 16 83 0.019795 0.001663 327.83 1.84
E 16 85 0.028327 0.004613 427.38 1.87
E 17 18 0.031630 0.002865 422.73 8.90
E 17 19 0.033652 0.003010 469.29 2.03
E 17 20 0.033733 0.006996 491.98 2.68
E 17 21 0.033383 0.003174 462.40 0.41
E 17 22 0.031630 0.002865 445.54 16.40
E 17 23 0.031919 0.003544 451.14 16.37
E 17 24 0.033371 0.003302 441.58 61.08
E 17 25 0.033865 0.003321 470.20 12.52
E 17 26 0.031665 0.002876 463.87 8.48
E 17 29 0.032020 0.002921 484.32 1.27
E 17 30 0.031615 0.002975 421.34 0.87
E 17 31 0.030458 0.001880 444.01 1.95
E 17 33 0.031630 0.003459 437.25 0.07
E 17 34 0.033453 0.003053 495.51 2.68
E 17 35 0.033380 0.002732 484.42 14.16
E 17 36 0.033377 0.002840 491.47 0.40
E 17 37 0.029761 0.005523 468.43 0.78
E 17 38 0.032999 0.002975 484.13 121.29
E 17 39 0.033372 0.004527 463.99 220.11
E 17 40 0.032371 0.002798 452.96 1.93
E 17 42 0.033395 0.002699 483.64 2.17
E 17 43 0.031630 0.005220 433.14 0.86
E 17 44 0.030146 0.003518 446.00 1.07
E 17 46 0.033456 0.002998 433.75 1.96
E 17 47 0.033418 0.003024 462.71 2.21
E 17 49 0.033456 0.003091 439.36 1.96
E 17 51 0.032415 0.005522 467.06 1.95
E 17 52 0.033181 0.004178 473.10 0.60
E 17 53 0.031631 0.002865 426.09 0.67
E 17 54 0.031669 0.004146 449.07 54.60
E 17 55 0.033947 0.003166 483.39 3.54
E 17 56 0.031721 0.002830 484.75 1.15
E 17 57 0.027734 0.000868 448.52 0.42
E 17 59 0.032474 0.005448 460.23 2.17
E 17 61 0.031810 0.003027 439.14 2.15
E 17 63 0.033678 0.004585 468.33 1.23
E 17 65 0.029761 0.004150 444.28 4.84
E 17 66 0.031788 0.004300 465.83 1.17
E 17 67 0.031983 0.004303 460.75 6.15
E 17 68 0.033698 0.003854 473.88 0.40
E 17 69 0.027734 0.000868 413.05 0.28
E 17 70 0.029761 0.002874 438.21 0.24
E 17 71 0.033453 0.003894 479.35 2.15
E 17 72 0.033559 0.003096 474.78 3.52
E 17 74 0.031975 0.002979 471.88 0.44
E 17 77 0.036754 0.005662 476.39 0.23
E 17 79 0.031506 0.002855 453.36 0.66
E 17 81 0.033902 0.005152 481.46 0.25
E 17 84 0.031677 0.003279 459.12 115.17
E 18 21 0.007442 0.000192 756.00 5.04
E 18 22 0.027815 0.002062 412.17 0.95
E 18 23 0.032001 0.003859 464.60 0.55
E 18 24 0.027528 0.002217 427.12 0.41
E 18 25 0.012291 0.002080 1304.00 0.43
E 18 26 0.030812 0.002116 444.60 0.93
E 18 27 0.036642 0.006513 669.08 63.04
E 18 29 0.031871 0.003053 472.78 3.11
E 18 30 0.027560 0.002165 385.58 6.50
E 18 31 0.030024 0.002811 440.91 7.87
E 18 33 0.029295 0.003669 435.41 3.21
E 18 35 0.027539 0.001919 391.65 1.86
E 18 36 0.027665 0.002046 409.04 1.54
E 18 38 0.027289 0.002680 416.89 0.44
E 18 39 0.027531 0.002696 421.48 0.20
E 18 40 0.032096 0.002445 462.24 8.27
E 18 41 0.030670 0.001725 473.34 10.25
E 18 42 0.032266 0.006513 396.76 1.06
E 18 43 0.030551 0.005755 419.39 2.02
E 18 44 0.030070 0.003795 485.70 6.05
E 18 46 0.027634 0.002864 411.48 8.72
E 18 49 0.027646 0.003799 401.00 8.72
E 18 51 0.032273 0.004996 452.01 7.87
E 18 52 0.035760 0.003077 458.33 3.69
E 18 53 0.027557 0.001876 417.67 0.93
E 18 54 0.029860 0.003662 429.07 0.25
E 18 56 0.027445 0.002781 397.24 2.83
E 18 57 0.032266 0.006513 416.29 5.51
E 18 59 0.031882 0.005082 472.29 7.64
E 18 61 0.030047 0.002073 440.85 7.62
E 18 63 0.034016 0.005051 470.48 4.10
E 18 66 0.031919 0.004126 445.56 4.44
E 18 67 0.031701 0.003694 460.36 0.98
E 18 68 0.033580 0.003986 465.51 8.57
E 18 69 0.006834 0.000256 680.00 23.55
E 18 74 0.031676 0.002664 446.99 1.59
E 18 75 0.027157 0.001443 417.28 174.21
E 18 77 0.036359 0.005945 488.71 8.78
E 18 79 0.030346 0.003122 430.04 1.35
E 18 81 0.034189 0.005604 465.40 33.28
E 18 84 0.027462 0.003100 409.68 437.27
E 19 20 0.023768 0.003790 390.63 0.29
E 19 21 0.023186 0.002842 379.25 6.49
E 19 23 0.034873 0.005647 448.40 7.27
E 19 25 0.023831 0.003058 380.45 9.01
E 19 26 0.036310 0.002821 482.37 66.55
E 19 27 0.031187 0.002911 451.34 305.65
E 19 29 0.033821 0.004721 459.96 2.72
E 19 30 0.035454 0.003472 511.22 23.59
E 19 34 0.024098 0.003233 375.70 0.13
E 19 37 0.029350 0.000424 783.99 4.37
E 19 40 0.037896 0.005269 498.05 0.16
E 19 41 0.034669 0.003230 488.52 0.18
E 19 42 0.025615 0.002846 381.55 12.76
E 19 47 0.021553 0.002809 327.59 0.15
E 19 52 0.027996 0.003392 424.00 0.15
E 19 54 0.037866 0.006332 489.20 1.27
E 19 55 0.022579 0.002898 366.26 0.13
E 19 59 0.033216 0.003765 466.61 0.17
E 19 63 0.038892 0.008573 530.73 0.17
E 19 66 0.035242 0.004749 508.64 0.21
E 19 67 0.033787 0.004070 526.38 15.85
E 19 68 0.034339 0.004734 475.84 5.88
E 19 70 0.029349 0.001018 395.96 36.04
E 19 71 0.031009 0.005083 457.74 0.12
E 19 72 0.023828 0.003182 370.95 5.88
E 19 73 0.022641 0.003186 379.26 4.78
E 19 74 0.034312 0.004376 441.61 1.82
E 19 77 0.037458 0.006101 508.05 1.10
E 19 78 0.019174 0.000000 276.14 1.64
E 19 79 0.006114 0.000256 648.00 0.62
E 19 81 0.037470 0.008537 516.88 0.23
E 19 85 0.022712 0.002740 354.60 2.69
E 20 21 0.024162 0.003832 364.25 3.16
E 20 23 0.035295 0.006236 506.59 4.13
E 20 25 0.023809 0.003837 377.36 5.53
E 20 26 0.036990 0.003901 521.00 47.65
E 20 27 0.035709 0.005427 517.07 264.09
E 20 29 0.033392 0.005597 445.70 3.02
E 20 30 0.035454 0.004833 474.88 41.30
E 20 34 0.024153 0.003864 363.30 0.18
E 20 37 0.002257 0.000000 224.00 3.73
E 20 40 0.039309 0.006876 564.63 0.39
E 20 41 0.030786 0.004268 463.81 0.43
E 20 42 0.025605 0.004228 369.01 12.84
E 20 44 0.026409 0.001583 387.15 20.70
E 20 47 0.022940 0.003410 339.42 0.36
E 20 52 0.028033 0.003759 415.40 0.19
E 20 54 0.037866 0.006332 509.43 0.79
E 20 55 0.023723 0.003696 358.68 0.32
E 20 59 0.033759 0.006377 485.55 0.42
E 20 63 0.039542 0.009194 496.04 0.43
E 20 64 0.032742 0.003844 506.68 0.15
E 20 66 0.031624 0.004410 468.82 0.19
E 20 67 0.030590 0.005311 456.16 10.64
E 20 68 0.034103 0.004933 489.70 4.55
E 20 70 0.029349 0.001583 338.64 57.08
E 20 71 0.031099 0.005188 442.40 0.13
E 20 72 0.024117 0.003785 375.63 3.43
E 20 73 0.023752 0.003913 362.36 2.89
E 20 74 0.031550 0.004371 443.99 1.20
E 20 77 0.037543 0.006101 486.64 0.56
E 20 79 0.033758 0.001583 448.24 0.37
E 20 81 0.038272 0.008271 515.08 0.52
E 20 85 0.023640 0.003602 368.89 1.93
E 21 22 0.028942 0.001628 363.99 1.06
E 21 23 0.032488 0.005007 459.28 1.07
E 21 25 0.023881 0.001726 367.61 5.93
E 21 26 0.036989 0.002674 500.18 0.04
E 21 27 0.035709 0.005427 582.70 0.15
E 21 29 0.031969 0.004292 457.22 1.05
E 21 30 0.035472 0.003279 451.74 0.69
E 21 31 0.030803 0.001502 472.02 90.31
E 21 33 0.034211 0.004975 466.87 1.83
E 21 34 0.024013 0.001716 377.53 2.92
E 21 36 0.028502 0.000678 449.40 0.14
E 21 37 0.033758 0.008480 497.74 0.65
E 21 40 0.032392 0.002827 472.19 78.43
E 21 41 0.030837 0.002052 432.66 97.79
E 21 42 0.025604 0.002045 397.39 3.31
E 21 44 0.027200 0.000679 494.12 0.96
E 21 47 0.023694 0.001131 364.07 32.19
E 21 50 0.032673 0.004138 447.27 0.33
E 21 51 0.032401 0.003053 489.36 88.83
E 21 52 0.028682 0.003440 433.31 43.30
E 21 53 0.007442 0.000192 756.00 0.17
E 21 54 0.037866 0.006331 534.96 5.61
E 21 55 0.022918 0.001641 349.59 45.24
E 21 59 0.032163 0.006470 446.54 94.56
E 21 63 0.033859 0.005247 471.87 114.56
E 21 64 0.031554 0.002883 479.91 89.13
E 21 65 0.035030 0.003647 472.18 2.23
E 21 66 0.030884 0.003267 450.60 22.55
E 21 67 0.030686 0.003537 427.44 2.65
E 21 68 0.034141 0.004576 474.43 26.34
E 21 70 0.029348 0.001356 461.84 0.15
E 21 71 0.031318 0.005657 464.10 3.11
E 21 72 0.023739 0.000967 383.29 74.12
E 21 73 0.022919 0.002762 352.78 1.77
E 21 74 0.031462 0.002706 455.86 0.08
E 21 76 0.026296 0.002171 419.06 0.14
E 21 77 0.037542 0.006101 511.69 0.12
E 21 79 0.034436 0.003391 469.84 0.18
E 21 81 0.033801 0.005872 481.27 74.55
E 21 83 0.026297 0.000678 439.14 0.00
E 21 85 0.022942 0.002520 363.84 0.00
E 22 23 0.032001 0.003859 445.58 0.05
E 22 24 0.027400 0.002217 383.46 0.06
E 22 25 0.032571 0.005512 474.16 0.09
E 22 26 0.030812 0.002116 431.18 0.45
E 22 27 0.035567 0.006332 411.07 4.02
E 22 29 0.031406 0.003030 431.74 13.91
E 22 30 0.027560 0.002165 395.54 60.23
E 22 31 0.030766 0.003901 432.82 20.23
E 22 33 0.029372 0.003596 441.75 4.02
E 22 35 0.027398 0.001635 421.26 0.40
E 22 36 0.027901 0.002227 413.70 2.14
E 22 37 0.033759 0.008480 534.93 0.83
E 22 38 0.026741 0.002748 398.98 0.39
E 22 39 0.027397 0.002696 417.80 0.19
E 22 40 0.032096 0.002445 462.88 21.62
E 22 41 0.030670 0.001618 444.61 26.20
E 22 42 0.028941 0.001628 439.37 20.41
E 22 43 0.030595 0.005853 467.14 1.38
E 22 44 0.030310 0.003505 499.91 221.24
E 22 46 0.027493 0.003250 413.50 25.25
E 22 49 0.027494 0.003799 418.54 25.26
E 22 50 0.002481 0.000000 252.00 0.29
E 22 51 0.032273 0.004996 447.57 20.14
E 22 52 0.035759 0.002960 479.05 39.43
E 22 53 0.027705 0.002135 421.16 0.17
E 22 54 0.029860 0.003662 459.70 0.96
E 22 56 0.027518 0.002781 404.17 0.37
E 22 57 0.028941 0.001628 461.59 0.11
E 22 59 0.031966 0.005168 468.68 22.50
E 22 61 0.030047 0.002210 455.64 22.49
E 22 63 0.034005 0.005009 478.53 9.52
E 22 64 0.035454 0.004071 547.04 24.60
E 22 65 0.033758 0.003731 509.76 0.38
E 22 66 0.031894 0.004059 471.26 3.23
E 22 67 0.031701 0.003763 451.85 0.21
E 22 68 0.033663 0.003960 470.39 0.60
E 22 69 0.028941 0.001628 379.10 0.83
E 22 70 0.028942 0.001628 445.95 151.57
E 22 72 0.014213 0.000512 1428.00 6.69
E 22 74 0.031676 0.002664 458.28 2.99
E 22 77 0.035911 0.005368 498.26 1.57
E 22 79 0.030346 0.003122 432.71 0.22
E 22 81 0.034189 0.005604 505.03 2.60
E 22 84 0.027380 0.003100 381.12 2.40
E 23 25 0.032907 0.004684 424.66 0.25
E 23 26 0.032029 0.004403 445.43 0.68
E 23 27 0.034181 0.006597 524.60 5.05
E 23 29 0.032704 0.004488 466.90 5.70
E 23 30 0.033715 0.005159 502.40 36.09
E 23 31 0.033730 0.005122 466.93 34.87
E 23 32 0.032514 0.005100 471.06 8.20
E 23 33 0.032000 0.003859 486.84 13.41
E 23 34 0.032967 0.004812 441.21 2.49
E 23 37 0.032331 0.006405 455.13 0.43
E 23 40 0.032842 0.004705 474.68 31.05
E 23 41 0.032563 0.004840 471.15 8.28
E 23 42 0.031445 0.003970 455.37 17.14
E 23 43 0.031987 0.004138 451.08 2.04
E 23 44 0.031948 0.003966 447.17 295.08
E 23 47 0.026861 0.000617 379.64 29.18
E 23 48 0.038168 0.009326 545.56 0.96
E 23 50 0.033803 0.005781 489.79 0.06
E 23 51 0.031999 0.006286 478.28 34.40
E 23 52 0.033125 0.005221 482.12 22.74
E 23 53 0.032001 0.003859 455.00 1.78
E 23 54 0.031518 0.003616 451.23 0.58
E 23 55 0.033735 0.005898 505.00 22.14
E 23 56 0.031340 0.003713 457.12 0.25
E 23 58 0.034548 0.006812 469.22 8.32
E 23 59 0.031999 0.005682 470.56 36.00
E 23 60 0.034148 0.006471 476.09 8.41
E 23 61 0.031999 0.003859 452.15 36.32
E 23 62 0.034147 0.006471 452.70 0.32
E 23 63 0.033770 0.004759 473.62 4.96
E 23 64 0.032343 0.004749 448.61 10.51
E 23 65 0.032251 0.004924 438.19 0.50
E 23 66 0.032000 0.003859 457.04 7.39
E 23 67 0.032000 0.003901 441.76 0.41
E 23 68 0.033635 0.004670 494.40 1.02
E 23 70 0.032251 0.004508 442.85 107.80
E 23 71 0.032900 0.005942 454.90 4.16
E 23 72 0.032967 0.004812 444.05 3.01
E 23 73 0.007602 0.000032 776.00 0.12
E 23 74 0.031678 0.003766 469.06 1.21
E 23 76 0.034147 0.006471 464.56 0.61
E 23 77 0.036824 0.005822 481.97 7.60
E 23 78 0.032287 0.005450 439.41 0.09
E 23 79 0.031778 0.003545 466.61 0.30
E 23 80 0.032584 0.006027 444.14 0.52
E 23 81 0.033779 0.005232 503.84 4.42
E 23 82 0.035133 0.006837 502.15 1.04
E 23 83 0.034367 0.006965 439.81 0.54
E 23 85 0.033736 0.005898 463.30 5.24
E 23 86 0.032088 0.004612 470.12 3.24
E 24 26 0.029435 0.002301 458.96 0.30
E 24 30 0.032547 0.002162 478.32 141.74
E 24 31 0.030313 0.003188 485.61 30.73
E 24 33 0.029588 0.004066 406.53 1051.64
E 24 35 0.021278 0.002089 326.89 1.30
E 24 36 0.023892 0.002495 382.56 0.60
E 24 38 0.021086 0.002540 340.67 0.21
E 24 39 0.021564 0.003349 357.77 0.13
E 24 40 0.036131 0.002798 465.08 31.89
E 24 41 0.033055 0.001430 483.07 38.86
E 24 42 0.027256 0.002798 417.74 15.12
E 24 43 0.029900 0.004699 436.01 2.23
E 24 46 0.023589 0.003124 386.24 29.93
E 24 49 0.024173 0.004014 373.96 29.95
E 24 51 0.032067 0.005476 451.04 30.72
E 24 52 0.038167 0.003596 515.23 23.92
E 24 53 0.027092 0.002511 399.73 0.28
E 24 54 0.029656 0.004019 442.05 0.68
E 24 56 0.025609 0.002796 375.01 0.36
E 24 59 0.032050 0.004960 465.43 27.07
E 24 61 0.029979 0.002342 445.66 26.92
E 24 66 0.033428 0.004913 496.04 12.23
E 24 67 0.032241 0.004619 479.48 0.06
E 24 68 0.038619 0.004240 485.66 1.02
E 24 74 0.034256 0.004410 466.81 5.04
E 24 75 0.020998 0.001649 322.68 0.32
E 24 77 0.003249 0.000000 348.00 1.46
E 24 79 0.032593 0.004590 451.38 0.28
E 24 81 0.010083 0.001056 1028.00 3.03
E 24 84 0.024942 0.003988 363.60 1.06
E 25 26 0.036249 0.003410 533.31 0.21
E 25 27 0.031186 0.003708 457.60 10.44
E 25 29 0.032734 0.004319 459.71 6.83
E 25 30 0.035472 0.003943 510.62 31.91
E 25 31 0.032571 0.005512 413.84 85.37
E 25 32 0.026636 0.000763 506.58 95.14
E 25 33 0.034210 0.005512 422.50 94.79
E 25 34 0.024059 0.001768 367.87 4.27
E 25 36 0.032572 0.005512 478.72 1.67
E 25 37 0.032656 0.006360 472.63 0.14
E 25 40 0.032663 0.002748 426.47 73.83
E 25 41 0.030451 0.002120 451.30 94.30
E 25 42 0.025638 0.002064 406.28 19.65
E 25 43 0.004305 0.000000 480.00 3.01
E 25 44 0.032570 0.005512 420.98 523.98
E 25 47 0.027170 0.003095 386.56 30.39
E 25 50 0.032673 0.005512 526.05 0.14
E 25 51 0.032627 0.005512 594.66 83.93
E 25 52 0.028639 0.003405 397.63 20.63
E 25 53 0.032572 0.005512 427.87 5.67
E 25 54 0.037866 0.006331 496.41 0.62
E 25 55 0.023778 0.001756 361.19 41.68
E 25 59 0.033856 0.005185 550.43 90.17
E 25 60 0.002417 0.000000 244.00 93.67
E 25 61 0.004305 0.000000 480.00 91.02
E 25 63 0.034264 0.005314 454.78 25.96
E 25 64 0.031553 0.005031 512.73 84.35
E 25 65 0.036404 0.005031 527.43 0.40
E 25 66 0.031620 0.003584 433.87 28.73
E 25 67 0.033524 0.003784 515.89 0.26
E 25 68 0.034095 0.004283 449.18 1.03
E 25 69 0.013349 0.000256 1320.00 1.91
E 25 70 0.030760 0.005031 424.36 61.63
E 25 71 0.031309 0.005575 435.46 5.07
E 25 72 0.023807 0.001744 392.81 1.60
E 25 73 0.023702 0.002138 377.75 0.13
E 25 74 0.031686 0.002768 448.86 1.82
E 25 76 0.032572 0.005512 439.04 15.71
E 25 77 0.037439 0.006212 506.24 873.31
E 25 79 0.034436 0.005031 632.44 0.30
E 25 81 0.037470 0.008537 483.63 10.97
E 25 83 0.032572 0.005512 496.73 0.82
E 25 85 0.023695 0.002404 365.36 1.34
E 25 86 0.025843 0.002004 381.99 2.20
E 26 27 0.035614 0.002695 485.73 17.23
E 26 29 0.032652 0.004523 466.18 0.82
E 26 30 0.031503 0.002846 453.26 1.03
E 26 31 0.034817 0.003053 491.17 189.29
E 26 32 0.036156 0.005802 489.64 34.99
E 26 33 0.030769 0.003242 429.87 901.16
E 26 34 0.036990 0.002674 602.70 16.16
E 26 35 0.028800 0.002136 438.29 5.90
E 26 36 0.031156 0.002423 452.69 32.02
E 26 37 0.034746 0.008159 474.67 0.58
E 26 38 0.029357 0.002592 440.48 1.28
E 26 39 0.029242 0.002304 435.52 0.12
E 26 40 0.032958 0.002906 461.32 85.30
E 26 41 0.030566 0.002261 427.74 36.79
E 26 42 0.031855 0.002879 418.24 0.42
E 26 43 0.030769 0.004586 458.32 45.76
E 26 44 0.031138 0.004183 464.30 2.45
E 26 46 0.028491 0.002264 426.35 227.19
E 26 47 0.037586 0.003392 540.14 180.31
E 26 49 0.029034 0.003983 428.52 225.73
E 26 50 0.036471 0.005766 498.77 1.06
E 26 51 0.032195 0.005059 473.94 186.03
E 26 52 0.035937 0.004562 483.05 8.41
E 26 53 0.030747 0.002165 441.46 40.53
E 26 54 0.030995 0.003839 445.15 1.27
E 26 55 0.037671 0.002609 499.01 91.00
E 26 56 0.029942 0.002456 416.11 8.23
E 26 57 0.035552 0.002516 466.91 2.81
E 26 59 0.031969 0.004993 458.78 196.55
E 26 61 0.030924 0.002156 463.32 198.59
E 26 63 0.034908 0.005422 492.51 23.36
E 26 64 0.036311 0.002821 494.71 63.95
E 26 65 0.034447 0.004409 458.00 1.18
E 26 66 0.031820 0.003987 451.85 21.33
E 26 67 0.031380 0.003860 459.44 0.33
E 26 68 0.033915 0.003623 492.93 1.48
E 26 69 0.034833 0.003279 561.99 2.65
E 26 70 0.034447 0.005050 481.46 49.13
E 26 71 0.036310 0.004093 487.18 29.73
E 26 72 0.036989 0.002674 475.34 0.85
E 26 73 0.013922 0.000832 1508.00 1.38
E 26 74 0.031453 0.002491 452.84 40.41
E 26 77 0.036565 0.005800 501.58 8.65
E 26 79 0.031228 0.002930 456.21 44.58
E 26 81 0.034727 0.005626 497.33 18.75
E 26 84 0.030268 0.002019 425.47 0.00
E 26 85 0.036470 0.003392 520.77 0.00
E 26 86 0.031820 0.002843 464.13 0.00
E 27 29 0.033908 0.005192 485.54 1.08
E 27 30 0.034995 0.004057 472.43 93.05
E 27 31 0.029177 0.002935 432.75 126.65
E 27 32 0.027345 0.005082 415.14 64.05
E 27 33 0.036642 0.005258 755.21 0.11
E 27 34 0.035709 0.005427 523.35 252.79
E 27 36 0.015429 0.000256 1580.00 0.61
E 27 37 0.031466 0.007021 490.05 1.64
E 27 40 0.038227 0.006636 464.49 117.13
E 27 41 0.030231 0.002779 466.72 65.44
E 27 44 0.029645 0.005379 417.72 2.26
E 27 48 0.021527 0.003254 333.78 0.06
E 27 50 0.021787 0.001954 345.11 0.63
E 27 51 0.031261 0.002641 457.51 125.72
E 27 52 0.032724 0.003746 437.80 10.83
E 27 53 0.031385 0.000509 450.77 1.05
E 27 54 0.033656 0.004210 497.43 572.03
E 27 55 0.032572 0.003986 457.22 145.40
E 27 57 0.031330 0.003205 433.24 0.59
E 27 58 0.021072 0.002762 335.88 61.53
E 27 60 0.020961 0.002678 327.61 65.73
E 27 62 0.020536 0.001872 338.52 0.21
E 27 63 0.040126 0.009316 505.41 72.96
E 27 64 0.025032 0.003324 378.87 84.95
E 27 65 0.030828 0.006258 455.16 30.39
E 27 68 0.038013 0.005885 471.25 0.51
E 27 69 0.031402 0.003338 476.49 0.09
E 27 70 0.030435 0.005554 442.62 0.09
E 27 71 0.031197 0.004885 437.83 204.16
E 27 72 0.035709 0.005427 525.01 3.08
E 27 74 0.039695 0.007887 604.53 0.38
E 27 76 0.020486 0.001850 328.36 0.89
E 27 77 0.038506 0.008735 496.62 1.09
E 27 78 0.017495 0.001034 265.14 1.77
E 27 79 0.033293 0.004070 455.52 2.48
E 27 80 0.017287 0.001072 257.23 2.78
E 27 81 0.038521 0.007543 495.22 81.95
E 27 83 0.020645 0.001938 330.20 0.00
E 29 30 0.036079 0.006695 542.09 0.08
E 29 31 0.037353 0.004715 423.19 2.86
E 29 32 0.032799 0.005052 463.85 3.70
E 29 33 0.031871 0.003053 408.02 1.67
E 29 34 0.032694 0.004248 449.34 8.61
E 29 37 0.032778 0.005700 460.20 3.99
E 29 40 0.032789 0.004187 459.84 2.68
E 29 41 0.032413 0.003522 464.23 3.85
E 29 42 0.032102 0.005168 454.95 0.08
E 29 43 0.031984 0.003537 451.91 10.68
E 29 44 0.033160 0.004015 474.07 0.04
E 29 47 0.033291 0.009371 513.32 2.58
E 29 48 0.034071 0.003248 459.70 5.33
E 29 50 0.032692 0.004383 464.18 7.14
E 29 51 0.031983 0.006316 455.28 2.84
E 29 52 0.032585 0.003503 453.24 1.44
E 29 53 0.031871 0.003053 449.38 172.07
E 29 54 0.032295 0.004232 480.85 6.70
E 29 55 0.031675 0.004646 435.34 2.31
E 29 58 0.033526 0.004735 482.09 3.86
E 29 59 0.031990 0.006035 448.19 2.91
E 29 60 0.033288 0.004035 494.23 4.13
E 29 61 0.031983 0.002830 447.45 2.92
E 29 62 0.033231 0.005307 470.99 6.86
E 29 63 0.033880 0.004977 470.73 2.16
E 29 64 0.032793 0.004314 459.81 2.60
E 29 65 0.032753 0.005008 463.81 28.89
E 29 66 0.031983 0.002976 436.11 1.48
E 29 67 0.031984 0.002830 476.71 7.46
E 29 68 0.033841 0.004157 480.42 2.82
E 29 70 0.032753 0.004123 458.71 0.44
E 29 71 0.032619 0.005936 476.67 1.39
E 29 72 0.032694 0.004248 444.06 0.15
E 29 73 0.018116 0.003648 1916.00 16.44
E 29 74 0.032497 0.003764 493.22 45.40
E 29 76 0.032812 0.004804 447.08 19.65
E 29 77 0.037136 0.006270 500.25 4.03
E 29 78 0.032355 0.005258 507.93 17.54
E 29 79 0.033218 0.004099 485.63 7.65
E 29 80 0.031232 0.003072 458.38 71.65
E 29 81 0.033705 0.005220 474.82 30.79
E 29 82 0.032531 0.005396 485.71 13.67
E 29 83 0.033409 0.004639 480.84 0.00
E 29 85 0.032801 0.005264 448.26 0.00
E 30 31 0.026300 0.003562 381.69 17.93
E 30 32 0.035310 0.006354 460.00 7.21
E 30 33 0.029352 0.003631 422.38 1.14
E 30 34 0.036088 0.003731 520.88 19.86
E 30 35 0.035794 0.001102 449.61 0.20
E 30 36 0.035174 0.003574 443.44 35.02
E 30 37 0.032871 0.007684 455.87 1.94
E 30 38 0.035793 0.000933 452.23 2.41
E 30 39 0.035794 0.002205 466.53 5.80
E 30 40 0.038102 0.005442 470.80 10.97
E 30 41 0.033587 0.003017 449.33 7.27
E 30 42 0.036087 0.003731 501.05 0.04
E 30 43 0.029727 0.004569 427.86 41.94
E 30 44 0.027061 0.003976 415.76 0.02
E 30 46 0.033505 0.003646 486.68 21.39
E 30 47 0.035793 0.000932 484.19 18.43
E 30 48 0.010226 0.000192 1104.00 7.80
E 30 49 0.035351 0.003757 491.82 21.28
E 30 50 0.035793 0.005766 549.26 11.30
E 30 51 0.033779 0.004038 512.03 17.66
E 30 52 0.035755 0.003923 452.65 3.52
E 30 53 0.027104 0.001918 391.93 69.26
E 30 54 0.030353 0.003981 448.88 8.06
E 30 55 0.036706 0.003966 541.41 10.03
E 30 56 0.031475 0.004646 474.89 46.62
E 30 57 0.025057 0.001421 378.00 208.23
E 30 59 0.033596 0.003606 475.92 18.70
E 30 61 0.033181 0.003081 469.69 18.85
E 30 63 0.039105 0.009126 543.12 7.82
E 30 64 0.035284 0.004116 490.87 8.91
E 30 65 0.032008 0.004591 434.35 11.19
E 30 66 0.034189 0.004969 482.65 5.48
E 30 67 0.033474 0.004636 530.48 20.70
E 30 68 0.038134 0.004734 525.69 2.81
E 30 69 0.024221 0.001446 362.96 3.48
E 30 70 0.032486 0.005115 468.76 0.16
E 30 71 0.035133 0.004385 534.61 16.18
E 30 72 0.036069 0.003498 478.73 0.11
E 30 73 0.010226 0.000192 1104.00 24.16
E 30 74 0.034788 0.004466 551.23 25.40
E 30 77 0.039568 0.008495 488.47 1.92
E 30 79 0.030295 0.003077 440.87 4.34
E 30 81 0.034685 0.005741 461.39 181.78
E 30 84 0.032212 0.003093 464.66 0.00
E 30 85 0.036132 0.000678 556.31 0.00
E 31 33 0.032856 0.005071 436.79 2.89
E 31 35 0.030314 0.001122 451.07 8.49
E 31 36 0.030452 0.001660 443.98 2.04
E 31 37 0.031032 0.006851 459.56 21.68
E 31 38 0.030313 0.001122 397.21 16.60
E 31 39 0.030780 0.001781 499.66 7.91
E 31 42 0.030803 0.001526 404.82 33.87
E 31 43 0.031008 0.005037 452.04 1.67
E 31 44 0.026375 0.003685 397.78 12.91
E 31 48 0.030802 0.001502 417.59 35.98
E 31 50 0.027351 0.003599 421.82 19.48
E 31 52 0.034904 0.003373 510.60 0.14
E 31 53 0.030086 0.002696 430.64 2.56
E 31 54 0.033604 0.005265 455.01 1.42
E 31 56 0.030790 0.005088 468.89 0.88
E 31 57 0.022822 0.003072 362.79 35.80
E 31 63 0.039621 0.008876 522.73 0.05
E 31 64 0.027991 0.003772 409.02 1269.06
E 31 65 0.027481 0.004579 426.42 1.29
E 31 66 0.032539 0.004629 475.27 0.24
E 31 67 0.033984 0.004863 621.70 169.59
E 31 68 0.039221 0.006245 463.45 1.37
E 31 69 0.022729 0.003116 336.81 5.64
E 31 70 0.026138 0.002786 386.16 20.55
E 31 72 0.030197 0.000170 526.26 27.27
E 31 74 0.035181 0.004387 496.16 4.48
E 31 77 0.038506 0.008734 493.95 5.25
E 31 79 0.030204 0.002840 471.57 2.06
E 31 81 0.037895 0.008152 475.07 0.09
E 31 82 0.025928 0.007010 364.58 3.20
E 31 84 0.030790 0.008943 484.63 3.10
E 32 37 0.031652 0.006729 494.53 11.33
E 32 44 0.027232 0.004665 386.42 8.09
E 32 48 0.027285 0.005193 411.46 18.89
E 32 50 0.027117 0.004566 398.54 11.52
E 32 52 0.028442 0.004389 432.25 0.42
E 32 54 0.037867 0.006332 514.77 0.47
E 32 57 0.026784 0.005766 362.70 17.88
E 32 60 0.026810 0.004722 423.09 74.69
E 32 62 0.026974 0.004837 420.89 30.16
E 32 63 0.034450 0.005485 448.30 0.02
E 32 64 0.027276 0.004718 393.13 365.51
E 32 65 0.027603 0.005113 431.23 0.82
E 32 68 0.033079 0.004978 470.32 4.26
E 32 69 0.027023 0.005088 360.78 4.75
E 32 70 0.027411 0.004808 406.35 10.22
E 32 71 0.031448 0.006122 472.34 0.03
E 32 76 0.027082 0.005009 405.27 1.66
E 32 77 0.034958 0.004498 459.48 5.85
E 32 78 0.005554 0.001376 520.00 3.89
E 32 79 0.029108 0.004187 418.87 1.34
E 32 81 0.033972 0.005659 473.52 0.03
E 32 82 0.027117 0.005479 387.21 1.74
E 32 83 0.027261 0.004977 430.53 1.53
E 33 35 0.029469 0.003796 434.02 5.54
E 33 36 0.029462 0.003694 420.27 0.22
E 33 37 0.009682 0.001408 1036.00 0.58
E 33 38 0.028309 0.002955 412.27 0.00
E 33 39 0.029437 0.003748 422.66 0.00
E 33 40 0.032178 0.003228 438.44 4.95
E 33 41 0.030670 0.002714 459.98 5.89
E 33 42 0.034194 0.005088 487.33 5.63
E 33 43 0.030463 0.005569 448.14 0.51
E 33 44 0.035771 0.007530 495.10 1.08
E 33 46 0.029504 0.003726 443.64 5.42
E 33 48 0.009682 0.001408 1036.00 0.06
E 33 49 0.029575 0.003918 437.87 5.43
E 33 50 0.002705 0.000000 280.00 1.93
E 33 51 0.032323 0.005072 461.36 4.73
E 33 52 0.035759 0.003777 471.95 3.34
E 33 53 0.029353 0.003716 426.40 0.51
E 33 54 0.029860 0.003662 435.86 96.75
E 33 56 0.029420 0.003827 414.59 1.16
E 33 57 0.035284 0.004919 433.59 0.28
E 33 59 0.031882 0.005082 469.25 4.90
E 33 61 0.030047 0.003490 450.03 4.89
E 33 63 0.034005 0.005009 474.38 6.73
E 33 64 0.035455 0.004975 566.03 5.58
E 33 65 0.002705 0.000000 280.00 5.11
E 33 66 0.031944 0.004220 453.11 2.47
E 33 67 0.031701 0.003763 463.19 546.33
E 33 68 0.033604 0.004054 454.40 3.62
E 33 69 0.035285 0.004919 470.25 0.14
E 33 70 0.009682 0.001408 1036.00 0.16
E 33 72 0.028671 0.000000 516.75 2.19
E 33 74 0.031676 0.003166 455.72 0.13
E 33 75 0.028929 0.003164 411.04 0.11
E 33 77 0.036679 0.005950 501.58 0.15
E 33 79 0.030346 0.003479 438.22 0.51
E 33 81 0.034141 0.005480 464.38 1.65
E 34 40 0.032215 0.002697 457.68 0.29
E 34 41 0.030856 0.001869 460.74 0.32
E 34 42 0.025604 0.002045 393.33 9.13
E 34 44 0.014277 0.001088 1436.00 17.06
E 34 47 0.024372 0.001119 382.39 0.27
E 34 52 0.027995 0.003296 416.99 0.13
E 34 54 0.039767 0.006154 513.67 0.88
E 34 55 0.024215 0.001817 368.72 0.23
E 34 59 0.032463 0.005828 444.73 0.32
E 34 63 0.034129 0.005190 461.21 0.26
E 34 66 0.031545 0.003247 450.31 0.16
E 34 68 0.033827 0.004727 446.75 3.64
E 34 70 0.028331 0.001922 499.24 85.54
E 34 71 0.031063 0.005113 478.52 0.32
E 34 72 0.024035 0.001706 363.14 5.64
E 34 73 0.024020 0.002613 374.79 3.39
E 34 74 0.031686 0.002768 430.84 1.04
E 34 77 0.037476 0.006017 494.73 0.34
E 34 79 0.033759 0.001922 787.32 0.26
E 34 81 0.034015 0.006234 464.84 0.36
E 34 85 0.024164 0.002430 356.21 1.98
E 35 36 0.023871 0.001947 349.21 6.05
E 35 38 0.019662 0.002590 318.06 1.86
E 35 39 0.021595 0.003442 327.49 1.22
E 35 40 0.036132 0.000678 806.86 36.65
E 35 41 0.026150 0.001856 2804.00 45.08
E 35 42 0.027257 0.001526 472.23 0.42
E 35 43 0.030012 0.004879 442.56 19.62
E 35 46 0.023589 0.003124 365.38 30.98
E 35 49 0.024295 0.004163 382.86 31.03
E 35 51 0.031873 0.005503 425.08 35.34
E 35 52 0.038168 0.003596 423.97 25.35
E 35 53 0.027093 0.001891 394.71 1.48
E 35 54 0.029625 0.003976 444.02 0.89
E 35 56 0.025391 0.002435 377.90 1.73
E 35 59 0.031920 0.004873 467.32 30.78
E 35 61 0.029940 0.002107 439.71 30.74
E 35 66 0.033730 0.005219 475.66 28.89
E 35 67 0.032250 0.004366 446.85 1.55
E 35 68 0.038620 0.004240 454.74 6.27
E 35 74 0.034775 0.005031 488.59 108.49
E 35 75 0.019717 0.001031 308.78 1.16
E 35 79 0.033108 0.003731 525.76 0.60
E 35 81 0.006802 0.000192 676.00 4.08
E 35 84 0.024976 0.004037 377.02 9.03
E 36 38 0.023894 0.002421 368.68 169.47
E 36 39 0.023892 0.002744 375.01 125.87
E 36 40 0.038251 0.003985 506.39 3.52
E 36 41 0.030051 0.001696 437.26 4.17
E 36 42 0.025808 0.001858 423.74 253.94
E 36 43 0.030614 0.005729 451.80 0.32
E 36 44 0.027257 0.000678 472.27 121.37
E 36 46 0.023521 0.002579 361.63 3.75
E 36 49 0.024148 0.004024 387.28 3.75
E 36 51 0.032075 0.004971 449.67 3.37
E 36 52 0.035760 0.002960 514.06 8.95
E 36 53 0.027291 0.001918 414.46 0.03
E 36 54 0.029774 0.003599 435.27 2.66
E 36 56 0.025513 0.002683 370.37 0.10
E 36 57 0.027257 0.000509 482.28 0.11
E 36 59 0.031911 0.004992 466.61 3.39
E 36 61 0.030135 0.002183 427.69 3.39
E 36 63 0.038997 0.008405 510.82 3.61
E 36 64 0.031384 0.000170 708.93 3.98
E 36 66 0.031936 0.003975 434.54 3.18
E 36 67 0.031628 0.003766 438.28 1.13
E 36 68 0.038919 0.005201 524.85 0.35
E 36 69 0.027257 0.001289 487.68 0.26
E 36 74 0.031589 0.002531 458.02 0.01
E 36 75 0.023427 0.002211 353.51 0.00
E 36 77 0.035865 0.005703 490.86 0.11
E 36 79 0.032342 0.003505 504.33 0.05
E 36 81 0.039297 0.008216 522.49 0.43
E 36 84 0.024865 0.003953 385.20 0.66
E 37 40 0.032992 0.006848 464.25 20.13
E 37 41 0.034941 0.007123 490.14 11.56
E 37 44 0.031991 0.007451 467.72 1.72
E 37 48 0.031613 0.006481 421.00 0.66
E 37 50 0.031495 0.006565 477.92 0.60
E 37 51 0.032952 0.007293 514.48 21.53
E 37 52 0.030565 0.006334 434.18 7.18
E 37 54 0.033678 0.007358 458.37 0.49
E 37 55 0.029349 0.002849 358.16 24.70
E 37 57 0.031571 0.007223 446.70 1.53
E 37 58 0.030929 0.006118 441.49 10.91
E 37 60 0.030929 0.006118 433.39 10.88
E 37 62 0.035039 0.008706 487.20 0.93
E 37 63 0.034689 0.006889 477.31 9.39
E 37 64 0.032569 0.008224 465.12 14.43
E 37 65 0.032015 0.007361 456.67 0.42
E 37 68 0.034213 0.005939 468.50 3.75
E 37 69 0.031445 0.007238 443.02 3.33
E 37 70 0.031852 0.007494 441.97 0.63
E 37 71 0.031237 0.006083 435.02 3.17
E 37 72 0.033759 0.008480 444.21 0.65
E 37 74 0.035964 0.006275 621.60 0.57
E 37 76 0.030767 0.006214 433.69 0.34
E 37 77 0.036677 0.005950 483.27 0.30
E 37 79 0.030900 0.006815 461.25 8.42
E 37 81 0.034113 0.006742 464.15 93.83
E 37 82 0.031681 0.006840 427.04 0.95
E 37 83 0.030998 0.006288 449.36 0.00
E 38 39 0.021754 0.003713 355.89 0.03
E 38 40 0.003409 0.000000 368.00 49.41
E 38 42 0.015428 0.000864 1580.00 0.62
E 38 43 0.030094 0.005325 418.19 7.36
E 38 46 0.023591 0.003124 368.50 46.52
E 38 49 0.024233 0.004150 360.96 46.57
E 38 51 0.031326 0.004908 477.31 47.43
E 38 52 0.038167 0.003596 545.71 13.76
E 38 53 0.026952 0.002682 385.87 325.71
E 38 54 0.028982 0.002855 430.96 0.84
E 38 56 0.025392 0.002707 382.03 1.64
E 38 59 0.031380 0.004091 427.59 41.77
E 38 61 0.029845 0.002405 429.29 41.45
E 38 66 0.032419 0.004812 459.19 15.92
E 38 67 0.033982 0.005653 455.43 0.09
E 38 68 0.038619 0.004240 521.95 4.52
E 38 74 0.035740 0.006106 457.13 230.18
E 38 75 0.018740 0.002485 292.66 10.90
E 38 77 0.003249 0.000000 348.00 283.89
E 38 79 0.033516 0.003586 436.00 70.81
E 38 84 0.025031 0.004192 366.67 0.00
E 39 40 0.003409 0.000000 368.00 22.75
E 39 41 0.030116 0.002401 458.35 27.60
E 39 42 0.015428 0.000864 1580.00 1.79
E 39 43 0.029942 0.004787 440.30 5.68
E 39 46 0.023589 0.003124 369.32 20.55
E 39 49 0.024294 0.004163 397.72 20.57
E 39 51 0.032127 0.005884 459.11 21.97
E 39 52 0.038167 0.003596 520.41 10.31
E 39 53 0.027092 0.002649 416.18 40.29
E 39 54 0.029195 0.003797 428.99 0.49
E 39 56 0.025397 0.002900 390.09 2.16
E 39 59 0.031929 0.004956 454.30 19.37
E 39 61 0.029854 0.002846 439.65 19.32
E 39 66 0.031987 0.004220 477.20 10.80
E 39 67 0.032250 0.004366 434.97 0.08
E 39 68 0.021860 0.002400 2384.00 7.52
E 39 74 0.031647 0.004042 459.43 58.25
E 39 75 0.021766 0.003617 360.44 2.54
E 39 79 0.033109 0.003731 432.30 30.43
E 39 84 0.024975 0.004037 372.21 0.00
E 40 42 0.031355 0.001861 476.91 32.25
E 40 43 0.032131 0.004562 466.96 4.70
E 40 44 0.033255 0.004042 469.35 11.94
E 40 48 0.038205 0.006369 471.42 35.82
E 40 50 0.038482 0.006954 554.38 18.23
E 40 52 0.032930 0.003682 464.12 0.15
E 40 53 0.031736 0.001977 427.32 4.88
E 40 54 0.033095 0.003715 485.06 0.76
E 40 56 0.030320 0.001454 487.45 2.47
E 40 57 0.038844 0.004485 548.88 36.70
E 40 60 0.039035 0.007915 477.08 25.38
E 40 63 0.034260 0.004880 496.47 0.02
E 40 64 0.032948 0.003297 487.48 316.51
E 40 65 0.032993 0.004792 488.11 1.22
E 40 66 0.032237 0.003964 472.38 0.26
E 40 67 0.031865 0.004244 451.89 171.60
E 40 68 0.034256 0.003780 490.92 1.49
E 40 69 0.038846 0.004485 472.19 5.66
E 40 70 0.032993 0.002997 427.65 18.50
E 40 71 0.032497 0.004704 456.70 0.03
E 40 72 0.032215 0.002697 463.03 23.99
E 40 74 0.032503 0.002645 488.54 4.23
E 40 76 0.045292 0.003392 556.36 1.95
E 40 77 0.036632 0.005851 505.33 4.64
E 40 79 0.032981 0.002842 460.29 2.22
E 40 81 0.034570 0.005346 485.32 0.08
E 40 82 0.038537 0.007894 527.36 0.80
E 40 83 0.040000 0.007259 485.48 1.96
E 41 42 0.030571 0.001800 459.07 43.38
E 41 43 0.030670 0.003681 437.53 5.79
E 41 44 0.030180 0.003893 436.90 8.18
E 41 48 0.028211 0.003524 393.01 19.13
E 41 50 0.027901 0.005153 422.20 11.69
E 41 52 0.030170 0.003807 439.31 0.39
E 41 53 0.030232 0.001676 482.34 5.87
E 41 54 0.029787 0.003611 433.47 0.48
E 41 56 0.030053 0.001641 440.51 2.96
E 41 57 0.028244 0.001284 422.76 18.11
E 41 60 0.025626 0.006323 425.08 74.13
E 41 62 0.025682 0.000882 394.36 30.29
E 41 63 0.034881 0.005443 484.65 0.02
E 41 64 0.031357 0.007802 441.94 374.35
E 41 65 0.031349 0.005720 450.08 0.83
E 41 68 0.033726 0.004116 489.47 3.92
E 41 69 0.024824 0.001017 409.83 4.74
E 41 70 0.030184 0.004838 420.39 10.35
E 41 71 0.031234 0.004689 439.37 0.03
E 41 72 0.030856 0.001869 442.44 28.65
E 41 74 0.030858 0.001788 455.01 5.55
E 41 76 0.025763 0.004167 443.64 1.66
E 41 77 0.036595 0.005346 510.75 5.81
E 41 78 0.023922 0.004862 434.45 3.89
E 41 79 0.031249 0.003376 437.29 1.34
E 41 81 0.034336 0.006211 478.54 0.03
E 41 82 0.028089 0.002455 401.59 1.72
E 41 83 0.026645 0.001599 421.93 1.53
E 41 84 0.030025 0.001284 434.81 27.47
E 41 85 0.030152 0.001737 433.43 0.01
E 42 43 0.032063 0.004070 524.08 74.35
E 42 46 0.025782 0.002234 442.33 33.14
E 42 47 0.025114 0.001103 381.30 16.59
E 42 49 0.025696 0.003515 389.80 32.84
E 42 51 0.032481 0.006864 437.65 33.48
E 42 52 0.028503 0.003644 420.01 7.07
E 42 53 0.028380 0.001890 431.77 19.73
E 42 54 0.039767 0.006154 601.03 1.96
E 42 55 0.025543 0.001973 393.51 13.71
E 42 56 0.027257 0.001526 466.62 353.19
E 42 59 0.032026 0.005102 431.59 30.50
E 42 61 0.029216 0.001544 444.57 30.89
E 42 63 0.033811 0.005284 492.67 22.12
E 42 66 0.032132 0.004458 511.57 7.15
E 42 67 0.031474 0.004011 476.15 5.94
E 42 68 0.033587 0.004056 475.40 4.65
E 42 71 0.031132 0.004693 434.81 17.96
E 42 72 0.025605 0.002045 391.01 0.24
E 42 73 0.025554 0.002714 387.22 182.42
E 42 74 0.031705 0.002536 476.20 711.88
E 42 77 0.037341 0.006014 495.82 10.92
E 42 79 0.034436 0.003391 485.69 10.95
E 42 81 0.034117 0.006369 476.98 39.13
E 42 84 0.028388 0.007237 411.29 0.00
E 42 86 0.026133 0.002358 394.59 0.00
E 43 44 0.029688 0.004657 451.46 153.40
E 43 46 0.030147 0.004925 410.62 4.64
E 43 49 0.029845 0.004719 408.99 4.65
E 43 51 0.032354 0.005575 449.47 4.48
E 43 52 0.035760 0.006648 499.69 1.40
E 43 53 0.030601 0.005542 430.87 0.33
E 43 54 0.029860 0.004762 430.88 63.54
E 43 56 0.030131 0.005040 469.54 0.37
E 43 59 0.031835 0.005062 487.75 4.09
E 43 61 0.030286 0.005220 427.45 4.06
E 43 63 0.033916 0.005171 485.30 28.41
E 43 66 0.031953 0.004721 473.29 1.00
E 43 67 0.031432 0.004513 451.17 4.47
E 43 68 0.033604 0.004054 505.28 4.62
E 43 69 0.006834 0.000256 680.00 6.72
E 43 74 0.031670 0.004477 464.36 0.40
E 43 75 0.029472 0.004597 438.83 0.29
E 43 77 0.036526 0.005874 498.92 0.33
E 43 79 0.030323 0.004790 429.63 0.31
E 43 81 0.034141 0.005480 468.35 1.11
E 43 84 0.029955 0.004662 403.26 19.20
E 44 48 0.029041 0.004473 422.73 2.34
E 44 50 0.026294 0.003364 404.75 168.44
E 44 51 0.033358 0.004874 495.59 12.81
E 44 52 0.034141 0.003243 477.56 4.12
E 44 53 0.028586 0.001611 565.64 263.94
E 44 54 0.030005 0.003913 427.00 3.27
E 44 55 0.005026 0.000064 512.00 13.62
E 44 57 0.026693 0.003798 397.85 3.41
E 44 58 0.027967 0.003683 446.89 8.01
E 44 59 0.029485 0.002318 454.54 14.61
E 44 60 0.028135 0.007892 465.09 8.22
E 44 61 0.032674 0.004003 383.56 14.66
E 44 62 0.026634 0.001221 391.84 306.02
E 44 63 0.034956 0.005488 503.94 8.05
E 44 64 0.026293 0.003422 404.94 9.41
E 44 65 0.028000 0.005206 427.93 16.92
E 44 68 0.034508 0.004287 496.56 2.41
E 44 69 0.026474 0.003885 382.98 0.79
E 44 70 0.027042 0.003967 415.50 0.05
E 44 71 0.027201 0.000678 446.51 27.44
E 44 72 0.027201 0.001102 400.07 0.16
E 44 74 0.034436 0.001102 480.94 51.81
E 44 76 0.027200 0.007632 480.18 41.62
E 44 77 0.036679 0.005950 499.74 1.72
E 44 79 0.030037 0.004111 445.43 5.37
E 44 81 0.034359 0.005477 487.34 36.11
E 44 82 0.026294 0.004952 404.99 0.00
E 46 52 0.038169 0.003596 496.61 0.43
E 46 53 0.026802 0.003070 384.42 5.22
E 46 54 0.028958 0.003364 419.74 0.47
E 46 56 0.025415 0.003137 391.91 2.09
E 46 66 0.031995 0.004261 469.26 0.23
E 46 67 0.031736 0.003782 464.80 121.06
E 46 68 0.036642 0.000509 439.24 1.31
E 46 74 0.031553 0.002605 463.68 5.19
E 46 75 0.023800 0.003410 366.75 2.56
E 46 77 0.035742 0.004236 466.83 6.19
E 46 79 0.033109 0.003731 461.63 3.51
E 46 84 0.025378 0.004880 365.89 16.78
E 47 52 0.033589 0.001357 542.29 1.38
E 47 54 0.042070 0.006614 709.48 1.68
E 47 66 0.034969 0.004603 438.42 0.65
E 47 67 0.033519 0.006444 590.26 38.98
E 47 68 0.033758 0.000775 365.85 5.62
E 47 71 0.031302 0.005327 495.30 0.09
E 47 72 0.024239 0.000921 369.88 10.33
E 47 73 0.018362 0.002410 308.87 10.99
E 47 74 0.035976 0.005458 457.57 3.03
E 47 77 0.039387 0.006988 475.66 2.36
E 47 85 0.020529 0.001931 335.55 3.18
E 48 50 0.020658 0.002675 331.81 0.13
E 48 51 0.032627 0.002826 413.41 36.01
E 48 52 0.038167 0.003596 566.61 7.68
E 48 54 0.035794 0.000339 453.46 28.28
E 48 57 0.023420 0.003780 393.08 0.30
E 48 58 0.020258 0.003288 326.40 17.82
E 48 60 0.020258 0.003200 318.93 18.02
E 48 62 0.019954 0.002875 335.93 0.04
E 48 63 0.037126 0.005178 489.10 44.21
E 48 64 0.024695 0.003146 365.01 30.49
E 48 65 0.027997 0.005249 427.00 2.30
E 48 68 0.038563 0.003053 441.48 0.51
E 48 69 0.021714 0.003465 317.25 0.04
E 48 70 0.026314 0.002893 406.36 0.56
E 48 71 0.031025 0.004603 439.87 5.28
E 48 76 0.019879 0.002942 322.39 0.37
E 48 78 0.019763 0.003095 304.16 2.07
E 48 79 0.032402 0.001356 444.08 0.74
E 48 80 0.019470 0.002890 329.02 0.47
E 48 81 0.038394 0.005314 587.00 29.29
E 48 82 0.022681 0.005151 376.77 1.56
E 49 52 0.038169 0.003596 491.10 0.43
E 49 53 0.026742 0.003918 408.85 5.23
E 49 54 0.029102 0.003387 438.49 0.47
E 49 56 0.025347 0.003999 377.53 2.10
E 49 66 0.032007 0.004196 474.53 0.23
E 49 67 0.031923 0.004042 429.40 119.03
E 49 68 0.038395 0.001922 498.21 1.31
E 49 74 0.031553 0.003162 459.71 5.17
E 49 75 0.024143 0.003889 362.31 2.56
E 49 77 0.035889 0.004449 467.02 6.15
E 49 79 0.033555 0.004410 460.61 3.50
E 49 84 0.025326 0.004772 387.73 16.88
E 50 51 0.032672 0.004138 444.09 19.36
E 50 52 0.038167 0.005427 518.29 2.67
E 50 54 0.039525 0.006190 500.33 1.96
E 50 57 0.026932 0.006205 408.74 0.03
E 50 58 0.020799 0.002991 344.06 11.23
E 50 60 0.020794 0.003029 351.62 11.26
E 50 62 0.020669 0.001793 333.90 0.03
E 50 63 0.037253 0.006402 597.30 10.40
E 50 64 0.024424 0.003061 360.23 15.01
E 50 65 0.027498 0.004663 396.16 0.64
E 50 68 0.038264 0.005766 560.08 0.24
E 50 69 0.029924 0.008310 432.39 0.25
E 50 70 0.026484 0.003085 401.37 5.76
E 50 71 0.002481 0.000000 252.00 3.39
E 50 72 0.026296 0.001102 413.24 18.30
E 50 76 0.020669 0.001793 324.12 0.05
E 50 77 0.036133 0.004138 618.65 0.26
E 50 78 0.002481 0.000000 252.00 0.14
E 50 79 0.032672 0.004138 567.59 0.12
E 50 81 0.034240 0.005822 474.74 2.65
E 50 82 0.022539 0.005102 342.33 0.27
E 50 83 0.020634 0.001942 317.99 2.00
E 51 52 0.031502 0.004469 440.94 0.14
E 51 53 0.032334 0.005062 437.93 4.66
E 51 54 0.032276 0.004989 453.12 0.66
E 51 56 0.031772 0.005135 451.55 2.39
E 51 57 0.031596 0.001928 430.96 35.95
E 51 63 0.034407 0.005453 490.26 0.01
E 51 64 0.032739 0.003877 565.34 260.15
E 51 65 0.031568 0.005026 476.32 1.28
E 51 66 0.032500 0.005795 465.88 0.23
E 51 67 0.031972 0.005916 438.38 168.69
E 51 68 0.034441 0.005245 479.99 1.38
E 51 69 0.032585 0.002621 437.86 5.65
E 51 70 0.031466 0.006784 534.07 20.34
E 51 72 0.032402 0.003053 474.14 26.86
E 51 74 0.032433 0.005573 477.41 4.43
E 51 75 0.032402 0.007161 463.44 0.02
E 51 77 0.036677 0.005950 503.68 5.17
E 51 79 0.032446 0.005285 471.73 2.10
E 51 81 0.034513 0.005774 490.83 0.09
E 51 84 0.031774 0.005177 459.12 21.59
E 52 53 0.035760 0.002960 536.83 8.17
E 52 54 0.034666 0.003976 498.76 0.46
E 52 55 0.028074 0.003378 429.20 0.55
E 52 56 0.037546 0.004184 546.07 3.04
E 52 57 0.036507 0.003091 523.89 10.96
E 52 58 0.031761 0.002224 643.10 0.52
E 52 59 0.032148 0.005608 462.69 0.18
E 52 60 0.030424 0.002148 424.46 0.10
E 52 61 0.029715 0.003682 442.72 0.18
E 52 63 0.034613 0.005647 473.95 0.08
E 52 64 0.035961 0.010485 498.93 0.20
E 52 65 0.034415 0.005282 505.44 0.91
E 52 66 0.031741 0.003914 481.40 0.22
E 52 67 0.030696 0.003743 430.53 6.38
E 52 68 0.034537 0.004339 462.46 0.83
E 52 69 0.037544 0.004183 500.09 2.35
E 52 70 0.034415 0.007010 519.18 5.78
E 52 71 0.031051 0.004826 458.85 0.08
E 52 72 0.028473 0.003396 398.09 13.17
E 52 73 0.027073 0.003658 416.40 6.55
E 52 74 0.031774 0.003846 453.03 2.96
E 52 77 0.037064 0.005967 500.29 5.64
E 52 79 0.034852 0.004313 481.70 3.06
E 52 81 0.034635 0.006198 459.53 0.03
E 52 83 0.017221 0.001216 1804.00 0.25
E 52 84 0.037547 0.006614 506.38 0.88
E 53 54 0.029860 0.003662 445.76 1.11
E 53 56 0.027027 0.002812 403.14 0.06
E 53 57 0.028501 0.000509 457.59 0.13
E 53 59 0.031930 0.005099 482.61 4.68
E 53 61 0.030047 0.002222 428.51 4.67
E 53 63 0.033694 0.004592 481.50 3.41
E 53 66 0.031944 0.004220 478.19 13.52
E 53 67 0.031800 0.003756 459.55 0.57
E 53 68 0.033181 0.003358 463.13 0.60
E 53 69 0.028501 0.001289 412.33 0.46
E 53 74 0.031676 0.002664 461.31 0.03
E 53 77 0.036228 0.004973 469.14 0.61
E 53 79 0.030240 0.002988 437.49 0.03
E 53 81 0.034189 0.005605 471.60 0.42
E 53 84 0.026987 0.003670 400.50 0.07
E 54 55 0.037866 0.006332 588.79 0.50
E 54 56 0.029820 0.003808 449.96 0.79
E 54 57 0.034683 0.004048 452.57 9.55
E 54 58 0.035794 0.000594 412.94 0.47
E 54 59 0.032035 0.005031 445.66 0.56
E 54 60 0.036133 0.012211 829.57 0.46
E 54 61 0.029984 0.003816 431.71 0.56
E 54 63 0.034658 0.005673 468.92 0.33
E 54 64 0.037864 0.006332 468.49 0.58
E 54 65 0.033656 0.004930 521.70 0.08
E 54 66 0.032065 0.004446 455.89 0.43
E 54 67 0.031546 0.003969 478.15 1.49
E 54 68 0.034442 0.004365 496.02 1.51
E 54 69 0.034685 0.004048 485.26 3.28
E 54 70 0.033454 0.006723 480.21 25.81
E 54 71 0.037866 0.006332 523.45 0.17
E 54 72 0.039767 0.006154 520.53 15.64
E 54 74 0.031632 0.003611 437.70 4.10
E 54 75 0.028576 0.003304 424.51 0.02
E 54 77 0.036678 0.005950 528.92 2.01
E 54 79 0.030322 0.003615 446.40 0.71
E 54 81 0.034440 0.005522 487.12 0.71
E 54 84 0.029768 0.003903 431.82 0.00
E 55 62 0.014373 0.002048 1448.00 12.58
E 55 63 0.036396 0.003694 512.64 0.06
E 55 64 0.031554 0.002883 439.86 1371.40
E 55 65 0.036134 0.001102 634.64 0.59
E 55 66 0.014307 0.001504 1556.00 0.22
E 55 67 0.038508 0.006784 463.65 9.11
E 55 68 0.038094 0.005621 540.55 4.92
E 55 70 0.029349 0.001102 373.19 18.97
E 55 71 0.031188 0.005437 456.61 0.07
E 55 72 0.023693 0.001677 353.06 14.79
E 55 73 0.019225 0.002346 307.65 13.68
E 55 74 0.036584 0.006520 504.20 3.04
E 55 76 0.025822 0.008819 391.27 1.38
E 55 77 0.037169 0.005901 500.26 2.89
E 55 78 0.005410 0.000960 560.00 4.08
E 55 79 0.003185 0.000000 340.00 1.43
E 55 81 0.039050 0.009972 482.64 0.12
E 55 85 0.020831 0.002323 335.31 1.95
E 56 59 0.032064 0.005187 444.83 2.13
E 56 61 0.029826 0.002671 437.37 2.13
E 56 63 0.033080 0.004548 476.07 2.02
E 56 66 0.031985 0.004220 460.81 5.13
E 56 67 0.032060 0.004392 456.85 0.78
E 56 68 0.039050 0.003663 506.96 3.83
E 56 74 0.031606 0.002748 446.27 0.13
E 56 75 0.025491 0.002406 363.77 0.07
E 56 79 0.030298 0.003127 447.28 0.03
E 56 81 0.032885 0.004924 494.97 0.65
E 56 84 0.025619 0.004346 385.06 70.17
E 57 58 0.024024 0.003966 391.00 16.88
E 57 60 0.028081 0.007892 418.13 16.88
E 57 62 0.009428 0.000576 888.00 5.03
E 57 63 0.038016 0.006720 555.31 50.57
E 57 64 0.032931 0.008674 453.53 20.27
E 57 65 0.027865 0.004681 411.97 1.85
E 57 68 0.040472 0.005631 466.55 0.15
E 57 69 0.017978 0.000953 291.64 0.15
E 57 70 0.026051 0.002464 384.45 33.64
E 57 74 0.003249 0.000000 348.00 0.08
E 57 77 0.003249 0.000000 348.00 0.61
E 57 79 0.030138 0.002914 459.28 0.74
E 57 81 0.039738 0.008542 530.76 22.24
E 57 82 0.022539 0.001654 411.55 1.87
E 58 60 0.020292 0.003484 320.72 79.21
E 58 62 0.020096 0.003328 314.70 28.99
E 58 63 0.037800 0.006314 503.26 0.02
E 58 64 0.024762 0.003254 370.15 350.71
E 58 65 0.031642 0.004331 411.16 0.80
E 58 68 0.033250 0.004894 483.46 5.07
E 58 69 0.024232 0.003731 433.90 4.80
E 58 70 0.030534 0.006303 460.80 10.30
E 58 71 0.031257 0.004571 425.02 0.03
E 58 76 0.019967 0.003376 304.62 1.62
E 58 78 0.019577 0.003365 303.58 3.79
E 58 80 0.019289 0.003451 292.03 5.64
E 58 81 0.039050 0.009973 524.99 0.03
E 58 82 0.022444 0.004463 342.55 1.67
E 58 83 0.020126 0.003091 320.52 1.47
E 59 63 0.033925 0.005104 470.27 0.01
E 59 66 0.032550 0.005106 463.16 0.19
E 59 67 0.032613 0.004944 458.37 137.57
E 59 68 0.033602 0.005185 452.59 1.32
E 59 71 0.032148 0.005862 467.95 0.03
E 59 72 0.032550 0.006010 439.29 28.13
E 59 74 0.032719 0.005108 466.24 4.56
E 59 75 0.030367 0.002066 510.46 3.49
E 59 77 0.036677 0.005950 498.27 5.44
E 59 79 0.032027 0.005472 434.53 2.95
E 59 81 0.034188 0.005605 483.16 0.11
E 59 84 0.032064 0.005187 438.42 18.82
E 60 62 0.019418 0.002665 297.12 29.29
E 60 63 0.037800 0.007892 528.73 0.01
E 60 64 0.024763 0.003254 389.06 267.27
E 60 65 0.031642 0.005750 434.67 0.82
E 60 68 0.020711 0.003840 2124.00 4.71
E 60 69 0.028814 0.010467 449.35 4.84
E 60 70 0.030703 0.007003 463.54 10.81
E 60 71 0.031210 0.004666 437.19 0.03
E 60 76 0.019334 0.002567 313.44 1.61
E 60 78 0.019280 0.002522 305.65 3.71
E 60 80 0.017806 0.001597 266.02 5.39
E 60 81 0.041221 0.011872 567.63 0.03
E 60 82 0.022444 0.004463 343.54 1.64
E 60 83 0.019644 0.002771 297.10 1.45
E 61 63 0.033940 0.004868 482.39 0.01
E 61 66 0.031827 0.003997 442.77 0.20
E 61 67 0.031616 0.003576 432.80 138.62
E 61 68 0.033603 0.004054 481.83 1.32
E 61 74 0.031584 0.002589 460.06 4.59
E 61 75 0.029694 0.001787 428.25 3.51
E 61 77 0.036678 0.005950 478.40 5.49
E 61 79 0.030405 0.003231 445.32 2.97
E 61 81 0.034188 0.005604 454.12 0.11
E 61 84 0.029816 0.003592 436.24 18.80
E 62 63 0.037827 0.006735 485.43 50.35
E 62 64 0.024145 0.002369 367.17 33.53
E 62 65 0.034139 0.006106 438.72 2.54
E 62 69 0.023582 0.001221 337.07 0.05
E 62 70 0.033645 0.004637 503.53 3.26
E 62 71 0.031264 0.004558 432.21 12.05
E 62 76 0.018398 0.001835 284.26 0.14
E 62 78 0.017059 0.001327 280.21 0.18
E 62 80 0.017061 0.000646 279.04 0.42
E 62 82 0.022400 0.004535 343.28 0.99
E 63 64 0.034513 0.005622 455.67 0.02
E 63 65 0.034869 0.005568 515.66 0.51
E 63 66 0.033680 0.004585 468.32 0.11
E 63 67 0.033645 0.004716 462.72 92.92
E 63 68 0.034684 0.005500 492.10 1.66
E 63 69 0.036877 0.004749 520.72 5.62
E 63 70 0.034870 0.005648 460.07 14.49
E 63 71 0.034335 0.005484 470.95 0.02
E 63 72 0.034189 0.005212 446.22 13.44
E 63 74 0.034010 0.004641 465.24 4.07
E 63 76 0.036980 0.008310 437.50 1.66
E 63 77 0.036563 0.005800 507.52 3.27
E 63 79 0.034606 0.005319 462.12 1.20
E 63 81 0.034756 0.005341 488.60 0.08
E 63 82 0.037254 0.005448 467.69 0.85
E 63 83 0.037376 0.005804 490.21 3.49
E 64 65 0.027575 0.004537 410.36 0.98
E 64 68 0.040175 0.005949 519.86 1.98
E 64 69 0.035162 0.012017 572.31 4.73
E 64 70 0.026751 0.003611 389.11 11.55
E 64 71 0.030977 0.003608 543.43 0.01
E 64 72 0.035116 0.004409 416.20 25.67
E 64 74 0.039525 0.000000 454.25 5.11
E 64 76 0.024060 0.002291 368.19 1.77
E 64 77 0.038205 0.007312 545.92 5.29
E 64 79 0.033079 0.003774 471.29 1.67
E 64 81 0.034406 0.005789 486.76 0.05
E 64 82 0.024310 0.004699 379.24 1.40
E 64 83 0.024015 0.002215 382.97 1.43
E 65 68 0.033749 0.004618 475.27 26.86
E 65 69 0.027723 0.004470 407.75 22.73
E 65 70 0.028468 0.006027 424.49 5.45
E 65 71 0.031238 0.004810 457.24 0.20
E 65 72 0.035031 0.003647 496.96 1.68
E 65 74 0.034437 0.000000 693.86 0.75
E 65 76 0.033155 0.006332 427.62 0.36
E 65 77 0.036678 0.005950 497.37 0.34
E 65 78 0.034664 0.002827 414.57 0.21
E 65 79 0.030037 0.004439 421.32 0.31
E 65 81 0.034093 0.005189 489.13 1.15
E 65 82 0.027412 0.004952 428.55 4.16
E 65 83 0.027788 0.005014 450.54 7.48
E 66 67 0.031893 0.004080 452.33 22.37
E 66 68 0.033700 0.004307 458.24 0.82
E 66 71 0.031546 0.005044 449.64 0.13
E 66 72 0.031545 0.003247 435.36 12.65
E 66 74 0.031916 0.004250 457.65 3.01
E 66 75 0.016116 0.001600 1724.00 5.14
E 66 77 0.036874 0.005980 484.15 12.59
E 66 79 0.031740 0.003914 424.91 8.73
E 66 81 0.034257 0.005855 466.87 0.05
E 66 84 0.031956 0.004355 451.95 0.67
E 66 85 0.031272 0.003148 442.10 5.79
E 67 68 0.032903 0.004263 509.57 1.06
E 67 72 0.030630 0.003458 425.73 3.52
E 67 73 0.027314 0.001696 360.61 2.15
E 67 74 0.031607 0.003789 459.31 24.51
E 67 75 0.033796 0.005578 519.38 0.50
E 67 77 0.036636 0.005850 494.49 5.58
E 67 79 0.031427 0.004274 460.49 0.97
E 67 81 0.033816 0.005427 495.82 30.65
E 67 84 0.032060 0.004392 447.11 41.08
E 68 69 0.040955 0.006218 539.99 0.12
E 68 70 0.034065 0.003995 492.45 1.76
E 68 71 0.034209 0.004540 485.66 4.27
E 68 72 0.034102 0.004667 485.72 32.41
E 68 74 0.033747 0.004209 456.96 0.37
E 68 77 0.036879 0.005925 495.53 1.87
E 68 79 0.034350 0.004112 465.18 2.02
E 68 81 0.034642 0.005780 468.80 0.88
E 68 85 0.033087 0.004027 478.30 0.00
E 69 70 0.026053 0.002423 402.28 2.97
E 69 74 0.034437 0.000543 424.30 0.16
E 69 77 0.034437 0.000452 520.49 1.14
E 69 79 0.030170 0.002856 443.77 1.95
E 69 81 0.042373 0.011736 503.00 3.07
E 69 82 0.022860 0.001890 379.77 7.09
E 70 71 0.031143 0.004704 428.16 9.73
E 70 72 0.028330 0.001102 375.06 0.29
E 70 74 0.042238 0.006784 577.60 1.68
E 70 76 0.033645 0.007500 586.34 1.74
E 70 77 0.036678 0.005950 475.71 0.40
E 70 78 0.002881 0.000096 244.00 2.90
E 70 79 0.030037 0.002784 429.21 1.87
E 70 81 0.034093 0.005189 494.14 17.69
E 70 82 0.026659 0.004952 400.05 31.51
E 71 72 0.031300 0.005495 459.45 2.75
E 71 73 0.030944 0.004887 437.81 2.93
E 71 74 0.031686 0.004690 455.90 1.27
E 71 76 0.030978 0.004363 478.35 0.65
E 71 77 0.037183 0.005766 497.83 0.70
E 71 78 0.031258 0.004717 454.11 0.95
E 71 79 0.032402 0.001356 428.30 0.39
E 71 81 0.034340 0.006262 484.10 0.16
E 71 83 0.030978 0.004363 438.39 1.83
E 71 85 0.031099 0.005188 432.48 1.86
E 72 73 0.023678 0.002613 359.73 22.28
E 72 74 0.031686 0.002768 458.67 15.27
E 72 76 0.025194 0.002459 384.18 10.54
E 72 77 0.037476 0.006017 539.61 1.30
E 72 79 0.032401 0.001356 426.90 1.49
E 72 81 0.034015 0.006234 429.21 29.76
E 72 85 0.023730 0.002430 370.73 0.00
E 72 86 0.025847 0.002035 400.93 0.00
E 73 74 0.003249 0.000000 348.00 0.06
E 73 77 0.038981 0.002103 482.30 0.39
E 74 77 0.037351 0.006288 487.16 0.11
E 74 79 0.031704 0.003079 449.56 0.07
E 74 81 0.034261 0.005830 502.63 0.75
E 74 84 0.031584 0.003318 444.32 1.82
E 74 85 0.031680 0.002818 414.45 0.00
E 75 84 0.024927 0.004062 398.44 0.21
E 76 77 0.034438 0.000000 572.98 0.91
E 76 78 0.018428 0.001862 305.81 0.04
E 76 80 0.018416 0.001847 304.96 0.02
E 76 82 0.022445 0.004463 362.55 0.02
E 76 83 0.019036 0.001907 327.29 0.04
E 77 79 0.036677 0.005950 530.95 0.03
E 77 81 0.036563 0.005815 487.07 0.33
E 77 85 0.037477 0.006017 510.05 0.07
E 77 86 0.037319 0.005929 488.37 0.21
E 78 80 0.014785 0.001181 232.12 0.22
E 78 82 0.001489 0.000000 128.00 22.73
E 78 83 0.018902 0.001796 292.20 7.91
E 79 81 0.034467 0.005548 464.37 0.26
E 79 84 0.030298 0.003653 429.41 1869.76
E 80 83 0.018823 0.001771 289.64 0.53
E 81 82 0.034130 0.005912 499.01 0.12
E 82 83 0.022444 0.004463 336.83 0.06
END

SECTION Terminals
Root 13
Terminals 51
T 40
T 82
T 5
T 62
T 6
T 70
T 41
T 64
T 52
T 68
T 67
T 44
T 55
T 42
T 48
T 81
T 54
T 60
T 36
T 1
T 71
T 21
T 34
T 86
T 50
T 32
T 69
T 10
T 16
T 38
T 8
T 15
T 14
T 33
T 2
T 49
T 56
T 65
T 35
T 73
T 7
T 78
T 31
T 17
T 12
T 9
T 7
T 11
T 4
T 79
T 23
END

EOF