SECTION Comment
CREATOR "Carlos Araujo"
REMARK "Instance for QoS Multicast Routing Problem"
QoS METRICS "delay, jitter, bandwidth and estimate of link duration"
END

SECTION Graph
Nodes 20
Edges 49

E 1 2 0.021261 0.003486 307.64 117.32
E 1 4 0.021170 0.004330 336.47 53.50
E 1 6 0.020295 0.004176 332.27 11.71
E 1 10 0.021206 0.004359 336.24 0.65
E 1 14 0.026636 0.000000 591.43 604.57
E 1 15 0.021855 0.004056 340.99 193.97
E 1 17 0.020904 0.004659 359.13 5.74
E 2 4 0.019617 0.003222 328.33 2.42
E 2 10 0.020742 0.001908 366.14 41.07
E 2 12 0.025060 0.006383 378.79 294.52
E 2 14 0.026635 0.000000 313.98 1.29
E 2 15 0.021095 0.001922 367.59 4.84
E 2 17 0.020842 0.003980 314.78 37.20
E 3 18 0.018261 0.004588 271.69 52.44
E 3 20 0.021222 0.005724 358.59 25.81
E 4 5 0.020001 0.002676 297.04 1.08
E 4 6 0.018294 0.000817 329.47 4.63
E 4 10 0.019500 0.001102 312.48 12.33
E 4 12 0.021171 0.003528 342.62 21.87
E 4 15 0.022378 0.006414 328.32 0.06
E 4 17 0.018638 0.002145 319.15 1.49
E 6 8 0.018101 0.003430 301.23 9.89
E 6 11 0.018493 0.003749 302.95 0.16
E 6 12 0.019876 0.002108 325.59 12.00
E 6 13 0.020239 0.004603 383.97 1.71
E 6 17 0.017629 0.001979 269.21 15.20
E 7 9 0.020438 0.004749 348.23 9.23
E 7 14 0.019118 0.004383 323.11 5.06
E 7 16 0.020354 0.005194 324.71 0.65
E 7 20 0.021600 0.004898 342.85 13.72
E 8 11 0.017696 0.004390 283.42 2.31
E 8 13 0.016992 0.004022 316.05 10.81
E 9 14 0.019371 0.004729 324.95 126.14
E 9 16 0.020167 0.004347 352.51 30.84
E 9 20 0.021123 0.004831 375.98 2.06
E 10 12 0.022567 0.005158 323.54 0.62
E 10 14 0.023243 0.002714 386.77 2.78
E 10 15 0.022581 0.004781 329.34 1.62
E 10 17 0.019698 0.002162 310.63 0.79
E 11 13 0.015705 0.003901 254.88 0.50
E 11 17 0.023583 0.007055 464.28 0.74
E 12 14 0.029688 0.002714 318.08 548.84
E 12 15 0.022063 0.004879 368.41 187.37
E 12 17 0.021218 0.003336 381.03 5.96
E 14 15 0.021155 0.004175 338.64 0.04
E 14 17 0.002513 0.000000 256.00 0.18
E 14 20 0.020571 0.004304 309.04 0.11
E 15 17 0.023581 0.007055 331.78 0.13
E 16 20 0.021125 0.004831 313.05 27.67
END

SECTION Terminals
Root 6
Terminals 10
T 2
T 3
T 12
T 9
T 11
T 10
T 8
T 1
T 13
T 20
END

EOF