SECTION Comment
CREATOR "Carlos Araujo"
REMARK "Instance for QoS Multicast Routing Problem"
QoS METRICS "delay, jitter, bandwidth and estimate of link duration"
END

SECTION Graph
Nodes 80
Edges 1252

E 1 2 0.026621 0.005358 433.14 1.10
E 1 5 0.027943 0.004758 406.09 5.47
E 1 6 0.027941 0.005856 450.42 2.90
E 1 7 0.026047 0.005691 396.92 197.32
E 1 8 0.028400 0.005964 388.73 0.85
E 1 9 0.028695 0.006424 475.42 2.52
E 1 10 0.027531 0.005865 408.90 2.58
E 1 13 0.029009 0.005604 417.84 0.14
E 1 17 0.026149 0.006644 422.33 5.99
E 1 18 0.027901 0.005604 421.36 16.39
E 1 19 0.028178 0.005228 432.64 2.92
E 1 20 0.026442 0.005357 403.76 0.00
E 1 22 0.026768 0.005340 412.76 6.36
E 1 23 0.027816 0.005025 394.40 2.95
E 1 24 0.026428 0.005552 415.81 1.02
E 1 26 0.009091 0.000064 904.00 1.22
E 1 29 0.027399 0.004176 463.09 0.33
E 1 30 0.026442 0.005357 396.45 1.38
E 1 33 0.027399 0.005119 403.15 12.02
E 1 34 0.025844 0.005156 380.72 10.68
E 1 35 0.024261 0.000000 428.29 57.30
E 1 36 0.027623 0.008084 420.69 4.66
E 1 37 0.026151 0.005232 398.30 0.67
E 1 39 0.026148 0.005464 393.22 1.01
E 1 41 0.026582 0.005519 392.90 0.22
E 1 42 0.025748 0.004097 366.80 2.98
E 1 44 0.026503 0.004827 385.28 1.37
E 1 45 0.027490 0.005868 420.61 3.47
E 1 46 0.025747 0.004096 404.39 2.96
E 1 47 0.024613 0.004198 385.08 86.02
E 1 48 0.026579 0.005183 368.26 283.39
E 1 49 0.002289 0.000000 228.00 0.75
E 1 50 0.026418 0.005345 381.86 18.35
E 1 51 0.027833 0.005984 421.62 3.50
E 1 52 0.026944 0.005392 414.22 5.30
E 1 54 0.026763 0.005678 419.91 2.68
E 1 57 0.026815 0.005545 395.83 0.28
E 1 58 0.025481 0.003867 374.16 8.29
E 1 59 0.026385 0.005270 407.06 0.90
E 1 60 0.026440 0.005357 401.66 1.45
E 1 61 0.026826 0.005450 405.02 1.33
E 1 64 0.025863 0.004529 404.86 7.14
E 1 65 0.026841 0.006296 389.67 17.65
E 1 66 0.026808 0.005357 399.12 12.34
E 1 67 0.023752 0.000283 457.64 2.20
E 1 68 0.026709 0.005408 413.71 2.97
E 1 71 0.023752 0.000509 429.08 29.51
E 1 73 0.027128 0.005312 436.71 0.24
E 1 74 0.027432 0.007123 416.47 22.87
E 1 75 0.026716 0.004931 412.44 117.32
E 1 76 0.026214 0.004860 374.89 2.83
E 1 77 0.026596 0.005344 410.40 97.28
E 1 80 0.027380 0.008390 414.15 170.96
E 2 5 0.024286 0.004123 416.82 0.50
E 2 6 0.022829 0.002240 371.75 3.47
E 2 7 0.024103 0.002883 387.91 33.25
E 2 9 0.026901 0.005984 395.37 8.39
E 2 18 0.024761 0.004160 373.88 0.53
E 2 19 0.022864 0.002299 357.88 3.47
E 2 20 0.022862 0.002174 369.03 138.95
E 2 22 0.025410 0.003313 381.82 89.57
E 2 23 0.022877 0.002203 350.58 3.48
E 2 24 0.022359 0.002216 370.96 29.73
E 2 30 0.022862 0.002174 366.01 0.04
E 2 34 0.026465 0.004296 310.85 14.21
E 2 35 0.024487 0.004579 404.59 85.64
E 2 39 0.022828 0.002118 360.09 3.61
E 2 41 0.024509 0.003342 372.30 13.61
E 2 42 0.022887 0.002232 383.52 3.52
E 2 45 0.023532 0.004240 335.62 0.12
E 2 46 0.022887 0.002232 377.95 3.52
E 2 48 0.024729 0.003178 380.74 99.18
E 2 51 0.026481 0.005865 406.22 224.99
E 2 52 0.025176 0.003538 383.99 29.21
E 2 54 0.023179 0.002738 362.44 1.24
E 2 57 0.023863 0.004311 369.79 0.03
E 2 59 0.026154 0.005132 390.41 0.33
E 2 60 0.025036 0.004448 382.74 0.41
E 2 61 0.024934 0.004232 387.71 0.33
E 2 65 0.025863 0.006578 385.00 77.67
E 2 66 0.026899 0.005739 417.49 84.44
E 2 68 0.022884 0.002194 364.96 3.55
E 2 73 0.026815 0.005254 408.08 0.61
E 2 77 0.023040 0.002567 346.82 1.91
E 2 80 0.025576 0.006327 376.36 20.73
E 3 4 0.016057 0.001592 254.67 2.23
E 3 5 0.016686 0.001187 266.90 2.78
E 3 11 0.016554 0.003324 256.36 1.74
E 3 13 0.019524 0.004970 302.62 0.99
E 3 15 0.023520 0.006857 368.91 0.07
E 3 16 0.019310 0.001802 314.51 0.02
E 3 25 0.021980 0.004516 333.03 29.04
E 3 26 0.020961 0.002603 328.89 0.62
E 3 31 0.017415 0.004370 266.35 0.05
E 3 45 0.021170 0.004992 328.24 35.74
E 3 62 0.015381 0.001575 255.92 18.09
E 3 71 0.018904 0.003261 293.25 154.15
E 4 5 0.021780 0.004600 371.68 0.02
E 4 11 0.018246 0.004428 286.34 174.76
E 4 15 0.024077 0.007279 364.97 5.06
E 4 16 0.019896 0.002329 306.36 0.31
E 4 25 0.021846 0.004371 353.35 8.25
E 4 26 0.021197 0.002970 334.38 0.45
E 4 27 0.020545 0.001292 339.22 0.59
E 4 28 0.021483 0.003418 346.53 1.62
E 4 29 0.019945 0.001543 316.34 0.48
E 4 31 0.019044 0.004441 311.69 5.79
E 4 33 0.022951 0.005792 376.88 0.11
E 4 35 0.021148 0.004450 346.58 0.50
E 4 43 0.020528 0.002086 302.64 0.21
E 4 49 0.019811 0.001754 302.17 35.06
E 4 55 0.020744 0.001634 329.66 2.77
E 4 56 0.020138 0.001332 313.90 5.01
E 4 62 0.015069 0.001561 243.19 7.62
E 4 63 0.020452 0.005710 339.50 0.46
E 4 67 0.023240 0.004643 371.75 2.59
E 4 71 0.020832 0.004598 319.72 1.39
E 4 72 0.020870 0.002374 258.92 1.24
E 4 74 0.024818 0.006784 412.45 2.92
E 4 78 0.021204 0.005161 323.78 0.67
E 4 79 0.020450 0.001631 324.88 1.55
E 5 6 0.023130 0.000791 315.76 0.99
E 5 8 0.021036 0.002804 359.01 0.01
E 5 10 0.021775 0.004943 352.57 4.73
E 5 13 0.021494 0.003714 337.76 0.02
E 5 15 0.022694 0.005831 355.84 1.35
E 5 16 0.007186 0.002560 724.00 1.05
E 5 18 0.024081 0.005267 430.74 0.01
E 5 19 0.023752 0.000170 451.25 1.04
E 5 20 0.024487 0.001244 387.98 0.41
E 5 22 0.026002 0.003879 436.92 4.12
E 5 23 0.004482 0.000032 444.00 1.12
E 5 25 0.022126 0.003661 335.36 9.33
E 5 26 0.022340 0.003964 361.74 0.35
E 5 28 0.022858 0.003053 377.56 2.01
E 5 29 0.022245 0.003415 376.34 0.91
E 5 30 0.022904 0.000763 356.94 0.60
E 5 31 0.018878 0.002601 343.23 2.93
E 5 33 0.022975 0.006637 358.07 0.06
E 5 35 0.022070 0.003932 361.53 1.25
E 5 36 0.024466 0.006550 381.84 7.00
E 5 44 0.023355 0.004774 387.85 0.16
E 5 45 0.022135 0.004305 342.66 0.08
E 5 48 0.025515 0.002374 456.27 0.30
E 5 49 0.022183 0.003908 324.19 281.13
E 5 50 0.021416 0.003924 317.07 0.15
E 5 51 0.028182 0.006196 416.34 3.06
E 5 52 0.025727 0.003871 388.62 3.34
E 5 54 0.022606 0.001187 379.08 0.72
E 5 57 0.026091 0.006490 393.48 0.99
E 5 58 0.016864 0.001018 270.06 17.48
E 5 59 0.027058 0.005088 446.24 1.87
E 5 60 0.029235 0.007236 423.28 0.16
E 5 61 0.004482 0.000032 444.00 0.08
E 5 65 0.025243 0.005733 354.02 0.78
E 5 66 0.017062 0.000896 1668.00 0.48
E 5 67 0.022184 0.003770 377.53 1.44
E 5 68 0.023752 0.000170 621.90 1.70
E 5 69 0.020967 0.003040 337.11 0.37
E 5 70 0.016865 0.001018 252.33 0.00
E 5 71 0.021759 0.004097 343.48 0.27
E 5 73 0.028782 0.006422 449.90 0.41
E 5 74 0.024233 0.005603 362.97 83.40
E 5 75 0.024170 0.005100 379.31 23.06
E 5 76 0.022854 0.003863 358.51 0.40
E 5 77 0.027766 0.001809 476.68 0.27
E 6 7 0.025796 0.004377 404.99 1.18
E 6 9 0.028340 0.006463 405.43 1.36
E 6 10 0.003025 0.000000 320.00 2.41
E 6 18 0.023964 0.004217 391.62 1.56
E 6 20 0.022837 0.001724 357.47 2.14
E 6 22 0.026817 0.003844 383.33 1.33
E 6 24 0.022267 0.002078 362.90 2.49
E 6 30 0.021899 0.000723 327.95 1.04
E 6 34 0.023521 0.005058 396.62 1.37
E 6 37 0.026118 0.004088 370.40 2.27
E 6 39 0.021418 0.000713 339.98 0.90
E 6 41 0.028861 0.005029 425.03 0.55
E 6 45 0.023582 0.003731 492.89 0.57
E 6 48 0.024723 0.003061 360.85 3.61
E 6 51 0.029043 0.007038 423.46 2.17
E 6 52 0.025878 0.003392 411.05 9.44
E 6 54 0.022018 0.000811 339.74 2.96
E 6 57 0.023627 0.004008 377.30 0.67
E 6 59 0.026928 0.003588 406.27 3.10
E 6 60 0.025513 0.004843 357.41 0.76
E 6 61 0.025164 0.004295 377.48 0.38
E 6 65 0.026059 0.006689 408.89 4.35
E 6 66 0.027155 0.006365 398.97 6.96
E 6 73 0.029142 0.006393 441.29 0.37
E 6 80 0.024544 0.004636 399.29 2.71
E 7 8 0.026872 0.005176 412.85 3.69
E 7 9 0.027845 0.005791 394.63 0.20
E 7 10 0.025618 0.004842 390.45 1.97
E 7 13 0.028289 0.006699 376.59 3.42
E 7 18 0.024901 0.003430 382.02 0.18
E 7 19 0.025974 0.004534 394.11 3.45
E 7 20 0.025012 0.003975 390.49 86.50
E 7 22 0.025083 0.003366 363.94 0.31
E 7 23 0.026052 0.004600 406.73 3.45
E 7 24 0.025603 0.004729 385.62 1.20
E 7 30 0.025073 0.003840 364.67 1.96
E 7 32 0.027129 0.005131 376.93 1.51
E 7 34 0.026652 0.005671 402.51 0.06
E 7 37 0.025264 0.004701 376.71 2.67
E 7 38 0.029162 0.006969 409.96 0.32
E 7 39 0.025136 0.003690 373.95 0.59
E 7 40 0.030027 0.007850 503.84 3.64
E 7 41 0.026686 0.004797 413.61 14.97
E 7 42 0.026006 0.004486 390.52 3.41
E 7 44 0.021887 0.004494 361.05 4.89
E 7 46 0.025861 0.004144 371.39 3.41
E 7 47 0.027078 0.005271 379.53 0.07
E 7 48 0.024821 0.003380 389.59 15.43
E 7 50 0.022016 0.002035 334.71 0.60
E 7 51 0.026748 0.006254 402.22 1.37
E 7 52 0.025312 0.003949 408.23 1.12
E 7 54 0.025050 0.003873 395.84 0.17
E 7 57 0.024962 0.003993 376.52 4.86
E 7 59 0.026240 0.004451 402.85 18.34
E 7 60 0.025710 0.005088 386.97 0.52
E 7 61 0.025404 0.004749 389.96 0.31
E 7 64 0.021938 0.002035 365.62 6.93
E 7 65 0.025401 0.005395 402.85 0.22
E 7 66 0.027528 0.006982 399.50 0.55
E 7 68 0.025246 0.004147 385.09 3.36
E 7 73 0.026752 0.005002 402.13 1.57
E 7 75 0.022710 0.004095 393.54 738.59
E 7 76 0.023102 0.003271 390.93 4.94
E 7 77 0.025246 0.004183 401.24 5.46
E 7 80 0.025344 0.004303 376.58 80.01
E 8 9 0.027930 0.005660 408.84 2.34
E 8 10 0.023251 0.004149 339.47 2.15
E 8 12 0.025257 0.003742 422.01 0.89
E 8 13 0.024336 0.003731 390.25 1.06
E 8 14 0.021328 0.005065 327.33 1.50
E 8 17 0.025404 0.005998 374.60 62.13
E 8 20 0.023583 0.003004 384.95 0.52
E 8 21 0.026074 0.003938 385.50 0.10
E 8 22 0.026762 0.004474 412.91 1.27
E 8 24 0.029632 0.008241 447.00 1.63
E 8 30 0.002705 0.000000 280.00 0.60
E 8 32 0.025983 0.003957 425.30 0.78
E 8 36 0.023510 0.005252 361.74 0.55
E 8 37 0.025917 0.004700 390.98 1.42
E 8 38 0.026217 0.005335 456.24 0.12
E 8 41 0.028051 0.005593 434.99 0.95
E 8 44 0.022862 0.004305 344.72 0.83
E 8 47 0.025616 0.004396 365.48 2.31
E 8 48 0.026634 0.004048 384.11 1.90
E 8 50 0.021363 0.003574 338.84 4.13
E 8 51 0.027997 0.006784 407.95 2.08
E 8 52 0.025744 0.002120 402.52 7.24
E 8 53 0.027023 0.006614 376.81 1.30
E 8 58 0.020093 0.002735 300.20 81.32
E 8 59 0.026594 0.003460 429.85 3.22
E 8 60 0.029598 0.007338 402.83 0.56
E 8 61 0.029604 0.007759 516.15 0.42
E 8 64 0.022521 0.003641 348.65 2.36
E 8 66 0.029219 0.005459 408.08 4.48
E 8 69 0.021062 0.002566 312.77 3.80
E 8 70 0.017419 0.001630 254.04 9.73
E 8 73 0.029385 0.005976 458.85 0.35
E 8 75 0.024197 0.005178 364.26 2.38
E 9 10 0.027995 0.005700 412.31 6.82
E 9 13 0.026067 0.005475 396.79 4.70
E 9 17 0.028063 0.005336 426.12 2.63
E 9 18 0.021377 0.004965 322.82 11.23
E 9 19 0.028605 0.005569 427.89 6.06
E 9 20 0.028052 0.006184 411.91 60.50
E 9 22 0.027742 0.005688 391.65 0.76
E 9 23 0.028983 0.005726 398.52 6.09
E 9 24 0.029584 0.008217 405.24 0.13
E 9 25 0.019594 0.003074 356.64 0.08
E 9 30 0.028134 0.006007 442.96 18.00
E 9 32 0.027945 0.005471 387.04 10.15
E 9 34 0.028318 0.005597 452.42 10.92
E 9 36 0.025574 0.006801 420.41 0.01
E 9 37 0.028068 0.005730 428.07 0.24
E 9 38 0.027964 0.005832 409.24 0.01
E 9 39 0.028127 0.004839 411.36 0.71
E 9 40 0.028280 0.005451 466.04 4.80
E 9 41 0.028856 0.005904 435.25 1.99
E 9 42 0.029801 0.006106 382.04 6.06
E 9 44 0.026837 0.006072 370.61 5.61
E 9 45 0.020703 0.005013 344.01 127.21
E 9 46 0.028651 0.006285 490.19 6.02
E 9 47 0.028209 0.005785 407.02 1.96
E 9 48 0.027915 0.005915 399.63 0.06
E 9 50 0.027716 0.007493 418.19 1.11
E 9 51 0.030049 0.008078 420.50 0.05
E 9 52 0.025276 0.005179 390.56 0.42
E 9 54 0.027866 0.006683 409.65 0.27
E 9 57 0.027180 0.006069 411.84 11.43
E 9 58 0.028706 0.005729 418.14 0.04
E 9 59 0.028097 0.005833 446.05 41.24
E 9 60 0.028771 0.006106 440.47 4.67
E 9 61 0.028169 0.005952 435.76 2.43
E 9 64 0.028465 0.006038 403.70 4.72
E 9 65 0.028254 0.007833 401.97 0.52
E 9 66 0.029697 0.007010 429.98 0.62
E 9 67 0.020865 0.003894 362.20 0.00
E 9 68 0.028157 0.006166 426.60 5.96
E 9 71 0.020378 0.004221 344.38 0.15
E 9 73 0.029118 0.006030 440.23 1.51
E 9 74 0.020370 0.003969 319.98 0.00
E 9 75 0.024398 0.005119 387.70 0.02
E 9 76 0.028078 0.006243 421.83 5.47
E 9 77 0.028143 0.006329 460.40 7.07
E 9 80 0.028182 0.005436 390.06 0.38
E 10 12 0.023271 0.004031 347.61 1.91
E 10 13 0.025500 0.004646 380.98 1.53
E 10 14 0.023289 0.005853 356.63 1.54
E 10 17 0.025334 0.005936 358.69 16.55
E 10 20 0.024883 0.004862 394.21 0.00
E 10 21 0.024973 0.003788 384.37 2.28
E 10 22 0.027296 0.005973 394.59 6.22
E 10 24 0.028542 0.006982 409.04 125.41
E 10 30 0.024262 0.002756 348.96 1.06
E 10 32 0.022302 0.003115 310.61 2.01
E 10 36 0.023655 0.005526 393.80 49.97
E 10 37 0.025345 0.004759 407.00 95.22
E 10 38 0.024717 0.006003 375.15 4.87
E 10 40 0.022547 0.003084 378.30 2.20
E 10 41 0.028531 0.006004 463.03 2.09
E 10 44 0.023732 0.005148 362.53 1.02
E 10 45 0.028160 0.003900 383.11 0.45
E 10 47 0.024730 0.005184 364.91 1.05
E 10 48 0.027258 0.004931 392.17 1.42
E 10 50 0.023392 0.004626 370.65 12.69
E 10 51 0.027312 0.006352 422.46 51.67
E 10 52 0.026537 0.004259 413.51 4.71
E 10 54 0.003025 0.000000 320.00 2.90
E 10 57 0.032063 0.000226 405.40 0.80
E 10 58 0.022180 0.003582 343.80 0.76
E 10 59 0.026725 0.005058 385.64 1.64
E 10 60 0.029598 0.007337 419.37 0.45
E 10 61 0.026830 0.004070 465.86 0.37
E 10 64 0.023381 0.004235 377.70 0.47
E 10 65 0.032063 0.004410 385.83 0.20
E 10 66 0.028627 0.005682 431.95 0.19
E 10 68 0.032063 0.000170 381.81 3.51
E 10 69 0.023176 0.004573 360.10 0.17
E 10 70 0.019672 0.003677 354.30 0.45
E 10 73 0.028998 0.005605 428.18 1.99
E 10 75 0.024231 0.004947 386.40 2.74
E 10 76 0.024184 0.004846 385.88 1.21
E 10 80 0.002161 0.000000 212.00 4.76
E 11 13 0.019405 0.005491 300.88 1.07
E 11 15 0.023477 0.006791 356.57 0.79
E 11 16 0.019254 0.004572 275.37 1.64
E 11 25 0.021980 0.004516 338.26 229.94
E 11 26 0.021112 0.005807 318.36 10.64
E 11 31 0.017451 0.004422 283.64 5.93
E 11 45 0.020954 0.004808 324.46 67.35
E 11 62 0.016725 0.003385 262.64 13.25
E 11 71 0.018926 0.005088 310.99 4.78
E 11 78 0.001297 0.000000 104.00 6.00
E 12 13 0.024165 0.003419 357.42 0.26
E 12 14 0.021466 0.005296 344.36 0.78
E 12 17 0.026220 0.005766 379.51 133.04
E 12 21 0.017928 0.002635 272.88 0.67
E 12 24 0.029827 0.008125 393.29 0.79
E 12 36 0.023021 0.003772 324.98 0.50
E 12 38 0.017165 0.003928 262.49 0.00
E 12 40 0.018615 0.004957 288.24 0.91
E 12 44 0.023946 0.005025 382.76 3.12
E 12 47 0.017946 0.005558 286.61 2.25
E 12 50 0.021890 0.004268 339.69 1.00
E 12 51 0.028111 0.006377 449.35 0.55
E 12 53 0.017794 0.002379 302.45 0.46
E 12 58 0.020258 0.004370 334.11 16.02
E 12 64 0.024501 0.005218 371.29 1.28
E 12 69 0.020209 0.003400 302.48 7.97
E 12 70 0.020292 0.003294 308.90 9.54
E 12 75 0.024893 0.005359 391.58 1.21
E 12 76 0.025945 0.004330 407.76 0.37
E 13 14 0.023963 0.005129 383.12 0.34
E 13 17 0.025260 0.005400 411.16 59.84
E 13 20 0.002865 0.000000 300.00 0.54
E 13 21 0.024165 0.003419 362.48 0.13
E 13 22 0.027053 0.004491 434.16 1.22
E 13 24 0.028634 0.008303 408.16 0.82
E 13 32 0.024141 0.003762 357.32 0.67
E 13 36 0.023895 0.005956 358.65 0.54
E 13 37 0.027123 0.004901 401.40 0.74
E 13 38 0.024547 0.004444 366.55 0.12
E 13 40 0.024677 0.004029 372.65 1.11
E 13 41 0.029494 0.007598 431.76 0.16
E 13 44 0.022821 0.004142 348.94 0.56
E 13 45 0.021372 0.004685 352.15 0.53
E 13 47 0.024142 0.004910 386.17 2.10
E 13 48 0.027101 0.003630 410.10 1.82
E 13 50 0.022879 0.004597 365.25 4.00
E 13 51 0.030039 0.007024 411.96 2.04
E 13 52 0.025793 0.002775 392.22 8.74
E 13 53 0.024685 0.007312 330.49 1.34
E 13 58 0.023305 0.003776 371.37 83.92
E 13 59 0.027173 0.003424 400.74 3.30
E 13 60 0.031750 0.010317 506.44 0.53
E 13 61 0.028798 0.007208 453.98 0.40
E 13 64 0.024787 0.005183 382.65 2.90
E 13 66 0.030177 0.007085 483.84 4.36
E 13 69 0.023052 0.002987 399.10 3.53
E 13 71 0.020471 0.003651 324.35 1.45
E 13 73 0.028464 0.004919 435.80 0.22
E 13 74 0.020551 0.003509 320.20 0.05
E 13 75 0.024193 0.004902 405.89 2.28
E 13 76 0.024957 0.004475 406.72 1.24
E 14 17 0.026220 0.005766 402.70 180.45
E 14 21 0.021469 0.005296 327.20 0.59
E 14 24 0.029827 0.008125 441.96 1.10
E 14 36 0.023021 0.005403 352.64 0.94
E 14 40 0.020920 0.004956 330.57 1.53
E 14 44 0.023698 0.005427 402.63 5.13
E 14 47 0.020951 0.005633 355.64 2.09
E 14 50 0.022113 0.005458 372.27 1.51
E 14 51 0.028110 0.007335 448.66 0.53
E 14 53 0.020708 0.004600 314.50 1.13
E 14 58 0.021514 0.005907 343.49 17.53
E 14 64 0.022691 0.005286 327.03 7.87
E 14 69 0.021733 0.006038 336.24 3.83
E 14 70 0.021759 0.005186 332.32 20.11
E 14 75 0.024663 0.005427 359.35 1.18
E 14 76 0.024954 0.005152 389.01 0.25
E 15 16 0.023391 0.006439 345.42 0.10
E 15 22 0.023414 0.005292 373.06 9.13
E 15 25 0.022975 0.006076 356.19 52.97
E 15 26 0.023213 0.006169 359.49 0.80
E 15 28 0.023370 0.005993 332.80 7.24
E 15 29 0.023646 0.006452 377.97 0.04
E 15 31 0.023520 0.006857 352.46 0.28
E 15 33 0.023398 0.006166 358.34 38.32
E 15 36 0.024648 0.007293 395.54 31.99
E 15 43 0.022735 0.002374 682.57 0.11
E 15 44 0.025036 0.007075 387.87 0.40
E 15 45 0.023529 0.005745 352.87 0.37
E 15 49 0.022416 0.005264 357.60 0.77
E 15 51 0.024160 0.004545 354.22 3.37
E 15 57 0.021731 0.003300 335.29 0.16
E 15 59 0.023414 0.005292 385.81 0.01
E 15 62 0.023633 0.006961 382.77 8.11
E 15 67 0.023275 0.006125 369.47 1.80
E 15 71 0.023059 0.005825 364.41 52.43
E 15 74 0.023423 0.006262 379.12 15.56
E 15 75 0.024156 0.004757 379.89 7.41
E 15 78 0.023181 0.002991 359.70 0.09
E 16 18 0.020327 0.002205 310.92 1.12
E 16 25 0.020133 0.002858 326.10 13.66
E 16 26 0.021628 0.003312 343.72 0.67
E 16 28 0.020887 0.002815 297.14 1.33
E 16 29 0.018460 0.001370 290.81 0.73
E 16 31 0.019286 0.004801 326.86 0.04
E 16 33 0.021065 0.003326 320.27 3.84
E 16 44 0.023375 0.004519 356.87 0.30
E 16 45 0.021997 0.005628 363.97 0.42
E 16 49 0.017628 0.000881 275.87 0.64
E 16 56 0.016635 0.000452 265.92 0.17
E 16 62 0.019351 0.002760 300.05 19.41
E 16 63 0.020396 0.005643 313.59 0.53
E 16 67 0.022074 0.004707 366.84 1.81
E 16 71 0.020108 0.004018 309.15 372.15
E 16 74 0.023581 0.004800 368.33 1.09
E 16 78 0.019614 0.003814 342.93 20.53
E 16 79 0.016388 0.000301 287.24 506.89
E 17 21 0.025879 0.005362 386.52 10.54
E 17 22 0.025582 0.007608 381.08 217.58
E 17 24 0.028221 0.006849 410.80 1.87
E 17 32 0.025286 0.005662 370.75 13.73
E 17 36 0.025417 0.006246 410.50 1.91
E 17 37 0.025284 0.004906 400.47 4.06
E 17 38 0.024243 0.005472 361.16 33.38
E 17 40 0.025353 0.005366 418.32 28.30
E 17 41 0.026696 0.005720 426.67 4.91
E 17 44 0.025425 0.007060 413.70 66.38
E 17 47 0.025096 0.006049 380.66 5.62
E 17 48 0.024614 0.005450 389.40 2.72
E 17 50 0.025834 0.006564 386.80 1.64
E 17 51 0.027682 0.007029 396.16 1.53
E 17 52 0.024938 0.008050 437.67 2.25
E 17 53 0.026362 0.006013 377.20 1.03
E 17 58 0.025433 0.006658 408.95 194.35
E 17 59 0.026039 0.006021 390.37 1.48
E 17 60 0.025983 0.006436 385.95 19.42
E 17 64 0.025715 0.006290 389.29 0.12
E 17 66 0.025205 0.007423 426.26 15.04
E 17 69 0.025562 0.006832 375.56 0.01
E 17 70 0.028066 0.005503 444.13 15.74
E 17 73 0.026860 0.005990 397.30 28.91
E 17 75 0.024707 0.005644 361.39 0.98
E 17 76 0.025952 0.006346 386.55 38.59
E 18 19 0.023853 0.004125 351.35 3.68
E 18 20 0.024915 0.004217 388.48 0.20
E 18 22 0.027442 0.004579 409.11 2.72
E 18 23 0.023682 0.004204 413.63 3.69
E 18 25 0.019091 0.002873 320.64 33.85
E 18 26 0.022350 0.004124 332.47 1.69
E 18 28 0.020224 0.002940 299.31 1.96
E 18 29 0.019073 0.002660 314.57 0.36
E 18 30 0.023853 0.004125 395.94 0.31
E 18 33 0.019322 0.002960 354.84 0.12
E 18 34 0.022226 0.000000 253.94 2.26
E 18 35 0.021445 0.003504 326.69 0.84
E 18 39 0.023965 0.004217 429.43 2.44
E 18 41 0.027483 0.002544 570.50 31.53
E 18 42 0.024347 0.004344 383.13 3.74
E 18 43 0.018945 0.004730 305.95 0.00
E 18 45 0.022801 0.005088 352.07 0.11
E 18 46 0.024346 0.004344 410.16 3.73
E 18 48 0.027103 0.004280 439.40 1.32
E 18 49 0.018881 0.002471 329.35 5.66
E 18 51 0.029971 0.006671 424.25 30.15
E 18 52 0.025748 0.004307 400.77 600.40
E 18 54 0.023396 0.003864 372.31 2.01
E 18 55 0.019069 0.002549 291.16 7.65
E 18 56 0.018880 0.002471 314.65 5.46
E 18 57 0.024798 0.004885 407.97 0.43
E 18 59 0.027293 0.005242 409.95 4.01
E 18 60 0.028237 0.005967 410.78 0.08
E 18 61 0.027991 0.004709 446.38 0.04
E 18 63 0.019141 0.004896 320.54 0.55
E 18 65 0.027326 0.007254 401.99 0.60
E 18 66 0.031647 0.007934 483.65 0.52
E 18 67 0.021297 0.004308 356.01 1.12
E 18 68 0.024083 0.003731 369.42 3.77
E 18 73 0.028331 0.005114 375.25 0.95
E 18 74 0.021685 0.003966 324.60 1.77
E 18 77 0.027235 0.006972 394.11 0.55
E 18 79 0.018880 0.002471 282.84 1.85
E 18 80 0.021208 0.000339 267.33 1.57
E 19 20 0.022853 0.001766 368.05 4.45
E 19 22 0.027625 0.004627 422.93 1.32
E 19 24 0.022169 0.001997 362.85 2.51
E 19 30 0.021889 0.000621 360.66 1.04
E 19 34 0.023521 0.005058 371.44 1.38
E 19 37 0.025934 0.004319 401.19 2.29
E 19 39 0.021186 0.000713 318.10 0.89
E 19 41 0.029109 0.005208 448.71 2.62
E 19 45 0.023582 0.003731 434.10 1.62
E 19 48 0.024735 0.003111 371.62 3.65
E 19 51 0.029595 0.007617 443.58 2.19
E 19 52 0.025859 0.003392 397.87 16.17
E 19 54 0.022025 0.000801 349.10 3.01
E 19 57 0.023840 0.004354 367.81 0.68
E 19 59 0.027686 0.004127 400.91 6.31
E 19 60 0.025667 0.004794 387.92 0.77
E 19 61 0.025164 0.004295 370.18 0.38
E 19 65 0.026212 0.007016 399.72 7.09
E 19 66 0.027189 0.006460 397.20 7.03
E 19 73 0.029361 0.006510 404.49 0.08
E 19 80 0.024781 0.004911 372.21 2.71
E 20 22 0.025488 0.003386 397.39 0.15
E 20 23 0.022854 0.001766 370.06 4.49
E 20 24 0.022410 0.002292 331.53 0.10
E 20 30 0.022969 0.001973 357.71 0.60
E 20 34 0.024753 0.005058 392.20 28.76
E 20 37 0.026117 0.004088 367.19 201.34
E 20 39 0.022817 0.001785 353.84 4.55
E 20 41 0.025918 0.004151 392.46 0.00
E 20 42 0.022857 0.001831 345.13 4.51
E 20 45 0.026974 0.006294 453.02 0.63
E 20 46 0.022858 0.001794 376.44 4.48
E 20 48 0.024737 0.003061 378.72 16.37
E 20 51 0.026932 0.005828 406.40 278.69
E 20 52 0.025209 0.003628 369.67 0.80
E 20 54 0.022886 0.001837 352.44 0.00
E 20 57 0.023615 0.004065 363.26 204.41
E 20 59 0.026287 0.004579 400.28 24.25
E 20 60 0.025677 0.004898 389.54 1.77
E 20 61 0.025201 0.004359 430.26 0.71
E 20 64 0.029915 0.007010 453.73 8.47
E 20 65 0.026000 0.005933 395.78 1.75
E 20 66 0.027307 0.006538 413.94 10.84
E 20 68 0.022816 0.001724 358.99 4.51
E 20 73 0.026828 0.005095 405.08 2.12
E 20 77 0.023149 0.002674 382.48 4.44
E 20 80 0.024444 0.004215 381.64 4.69
E 21 24 0.030108 0.007721 449.65 0.56
E 21 36 0.022867 0.003531 364.46 0.48
E 21 40 0.018513 0.005055 281.92 0.09
E 21 44 0.024117 0.005114 402.55 1.12
E 21 47 0.020153 0.004711 348.64 0.42
E 21 50 0.021518 0.003852 342.26 0.57
E 21 51 0.027841 0.006087 446.97 0.47
E 21 53 0.015622 0.001843 272.28 1.50
E 21 58 0.020605 0.004705 329.58 66.65
E 21 64 0.023969 0.004246 340.71 88.13
E 21 69 0.020143 0.003244 316.81 1.12
E 21 70 0.019363 0.002746 307.66 1.60
E 21 75 0.025181 0.005742 371.26 0.48
E 21 76 0.025332 0.004152 369.83 0.35
E 22 23 0.026855 0.003392 419.29 1.30
E 22 24 0.023794 0.002162 355.05 0.12
E 22 28 0.035342 0.008706 481.38 8.18
E 22 29 0.025754 0.002148 374.33 448.97
E 22 30 0.025488 0.003386 397.80 23.16
E 22 33 0.025754 0.004636 388.08 0.40
E 22 35 0.001713 0.000000 156.00 0.06
E 22 36 0.025311 0.007123 415.92 0.01
E 22 39 0.025342 0.003497 392.87 0.24
E 22 41 0.025146 0.003660 391.76 0.66
E 22 42 0.027144 0.004636 414.15 1.28
E 22 44 0.025229 0.004681 383.11 1.35
E 22 45 0.026665 0.005224 394.02 31.81
E 22 46 0.027168 0.004507 408.44 1.29
E 22 48 0.025487 0.003386 425.36 0.06
E 22 49 0.003842 0.000160 364.00 0.79
E 22 50 0.024963 0.003599 382.90 0.16
E 22 51 0.027621 0.005274 419.98 0.02
E 22 52 0.025683 0.003655 405.30 0.94
E 22 54 0.025623 0.003518 412.15 0.25
E 22 57 0.025545 0.003593 367.27 40.94
E 22 58 0.013139 0.002144 1352.00 0.00
E 22 59 0.025991 0.004795 408.94 5.64
E 22 60 0.025639 0.004939 402.51 5.13
E 22 61 0.025242 0.004166 380.43 6.57
E 22 64 0.025011 0.004195 379.58 3.94
E 22 65 0.025545 0.005678 382.24 0.56
E 22 66 0.026946 0.005747 439.84 0.55
E 22 67 0.023922 0.000170 377.62 0.32
E 22 68 0.025488 0.003386 394.44 1.28
E 22 71 0.024855 0.001696 340.94 0.08
E 22 73 0.026782 0.005067 406.65 0.57
E 22 74 0.027588 0.005020 421.22 0.02
E 22 75 0.025520 0.005060 406.68 0.01
E 22 76 0.025307 0.004262 407.64 1.50
E 22 77 0.025488 0.003386 369.76 1.20
E 22 80 0.024515 0.007717 395.81 0.92
E 23 24 0.022190 0.001928 344.74 2.53
E 23 30 0.021850 0.001757 340.77 1.03
E 23 34 0.023907 0.005498 383.64 1.38
E 23 37 0.025935 0.004319 482.44 2.31
E 23 39 0.021623 0.001702 358.00 0.88
E 23 41 0.029433 0.005512 466.02 2.63
E 23 45 0.023583 0.003731 349.71 1.63
E 23 48 0.024729 0.003142 378.27 3.69
E 23 51 0.029397 0.005815 431.94 2.21
E 23 52 0.025361 0.003356 421.06 16.29
E 23 54 0.022171 0.001853 361.17 3.07
E 23 57 0.023783 0.004198 347.20 0.68
E 23 59 0.027394 0.003419 415.89 6.34
E 23 60 0.025667 0.004794 372.85 0.77
E 23 61 0.025127 0.004439 368.33 0.38
E 23 65 0.026213 0.007016 387.04 7.14
E 23 66 0.027189 0.006460 415.52 7.09
E 23 73 0.029025 0.005476 438.45 0.07
E 23 80 0.024698 0.004902 348.92 2.71
E 24 30 0.022410 0.002292 331.60 6.66
E 24 32 0.028811 0.006901 409.85 21.67
E 24 34 0.024169 0.004518 360.24 0.43
E 24 36 0.030108 0.007721 446.20 0.11
E 24 37 0.025211 0.004673 409.71 3.00
E 24 38 0.027550 0.006744 406.52 0.66
E 24 39 0.022358 0.002216 370.57 0.61
E 24 40 0.030009 0.007958 420.74 1.48
E 24 41 0.026931 0.005135 404.87 0.26
E 24 42 0.021340 0.001178 341.77 2.51
E 24 46 0.021334 0.001211 332.49 2.50
E 24 47 0.027620 0.006221 402.81 4.68
E 24 48 0.024560 0.004550 370.67 1.19
E 24 50 0.030189 0.008392 440.24 0.18
E 24 51 0.027726 0.006205 408.52 0.07
E 24 53 0.022565 0.008238 316.97 0.18
E 24 54 0.021575 0.002742 312.38 0.30
E 24 58 0.028940 0.005292 395.93 28.93
E 24 59 0.026124 0.004562 433.51 69.88
E 24 60 0.025773 0.005118 402.64 8.57
E 24 61 0.024862 0.004172 386.65 11.41
E 24 64 0.029618 0.007747 435.17 2.56
E 24 65 0.024321 0.003790 374.21 4.77
E 24 66 0.026215 0.005548 412.27 2.09
E 24 68 0.022551 0.002320 384.72 2.47
E 24 69 0.031347 0.010704 419.56 2.48
E 24 73 0.026984 0.005434 411.41 1.73
E 24 75 0.025957 0.008989 453.09 0.30
E 24 76 0.030675 0.007858 434.03 4.98
E 24 77 0.022359 0.002216 329.23 6.41
E 24 80 0.025506 0.005921 391.04 0.05
E 25 26 0.021386 0.003371 331.50 0.00
E 25 28 0.020875 0.002870 310.64 77.30
E 25 29 0.019929 0.002698 320.09 31.00
E 25 31 0.021980 0.005239 347.74 16.72
E 25 33 0.020970 0.003184 321.43 7.21
E 25 35 0.019434 0.002569 291.52 13.61
E 25 43 0.019913 0.005263 307.37 32.53
E 25 45 0.022581 0.005279 361.32 14.72
E 25 49 0.020023 0.003017 318.60 3.16
E 25 55 0.019219 0.002148 318.96 23.30
E 25 56 0.019444 0.002353 314.79 91.55
E 25 62 0.021980 0.004516 319.85 9.62
E 25 63 0.019627 0.005999 300.33 27.76
E 25 67 0.022037 0.004744 344.28 3.09
E 25 71 0.020756 0.003931 334.56 18.29
E 25 72 0.019983 0.002318 305.42 3.38
E 25 74 0.022382 0.004327 349.04 3.85
E 25 78 0.020161 0.003218 331.93 17.09
E 25 79 0.019194 0.002123 301.53 228.17
E 26 27 0.022375 0.004250 381.13 2.65
E 26 28 0.021547 0.003381 326.26 0.07
E 26 29 0.021610 0.003514 335.48 0.41
E 26 31 0.020504 0.003188 349.82 23.41
E 26 33 0.021502 0.003519 353.04 0.94
E 26 35 0.021726 0.003954 330.36 15.94
E 26 43 0.022523 0.004070 345.20 0.43
E 26 44 0.022442 0.002189 329.82 1.32
E 26 45 0.021158 0.005028 323.23 0.22
E 26 49 0.021791 0.003549 318.19 53.38
E 26 51 0.002289 0.000000 228.00 154.47
E 26 55 0.022006 0.003572 307.97 2.42
E 26 56 0.022059 0.003806 379.41 0.89
E 26 62 0.021332 0.003104 345.27 0.59
E 26 63 0.022006 0.005161 348.53 1.25
E 26 67 0.022069 0.004610 336.13 0.99
E 26 71 0.020988 0.003588 323.98 7.90
E 26 74 0.022512 0.004570 371.58 22.93
E 26 78 0.021575 0.003731 351.59 19.71
E 26 79 0.022536 0.004127 340.07 247.70
E 27 28 0.020588 0.002932 329.92 38.83
E 27 29 0.018611 0.000988 300.85 0.08
E 27 33 0.021189 0.003547 337.70 0.89
E 27 35 0.019027 0.002186 309.31 1.98
E 27 43 0.018549 0.003198 296.49 0.45
E 27 49 0.017983 0.001041 282.33 1.38
E 27 55 0.016999 0.000701 290.53 0.09
E 27 56 0.016995 0.000707 293.83 0.07
E 27 62 0.019512 0.000169 301.70 31.90
E 27 63 0.018997 0.005665 307.56 0.12
E 27 67 0.022424 0.004859 350.66 4.36
E 27 72 0.016996 0.000707 273.88 7.73
E 27 74 0.021415 0.003722 342.84 3.54
E 27 78 0.018961 0.002899 287.25 19.76
E 27 79 0.016995 0.000707 289.08 83.22
E 28 29 0.020988 0.002883 338.97 2.44
E 28 31 0.021254 0.004353 331.04 9.11
E 28 33 0.021111 0.003414 337.41 1.35
E 28 35 0.020534 0.002680 315.45 2.50
E 28 36 0.021839 0.002762 621.79 36.89
E 28 43 0.020593 0.004148 323.94 1.97
E 28 45 0.021757 0.005851 336.24 0.25
E 28 49 0.020838 0.002873 322.20 13.15
E 28 52 0.024736 0.003477 407.81 5.75
E 28 55 0.020864 0.002832 342.02 87.71
E 28 56 0.020769 0.002714 304.01 3.97
E 28 62 0.020962 0.003193 322.78 0.30
E 28 63 0.021374 0.004793 314.69 3.47
E 28 67 0.022273 0.004504 366.33 0.29
E 28 71 0.020516 0.003877 320.50 0.64
E 28 72 0.021158 0.004022 322.32 0.51
E 28 74 0.022405 0.004521 350.54 1.74
E 28 75 0.023001 0.005233 367.72 2.56
E 28 78 0.020969 0.003311 339.06 11.88
E 28 79 0.021373 0.003888 323.45 0.30
E 29 33 0.021029 0.003319 315.90 2.53
E 29 35 0.018666 0.001323 310.88 278.39
E 29 43 0.018874 0.003820 298.62 18.88
E 29 44 0.030367 0.002035 606.86 0.35
E 29 45 0.022751 0.005314 409.19 0.49
E 29 49 0.018422 0.000747 302.64 0.67
E 29 51 0.022310 0.003307 429.07 107.13
E 29 52 0.025053 0.002120 410.96 43.02
E 29 55 0.018455 0.000915 281.10 0.97
E 29 56 0.018533 0.000788 310.67 0.12
E 29 62 0.019647 0.000407 343.18 5.80
E 29 63 0.019221 0.005266 299.70 0.45
E 29 67 0.022107 0.004518 355.10 1.34
E 29 71 0.019984 0.003015 321.43 383.44
E 29 72 0.017240 0.000317 279.90 14.80
E 29 74 0.022466 0.004515 376.45 6.68
E 29 78 0.018984 0.002957 307.31 62.65
E 29 79 0.017912 0.000965 277.63 356.45
E 30 34 0.023142 0.004862 345.67 2.69
E 30 37 0.026117 0.004088 385.57 50.72
E 30 39 0.021749 0.000751 338.38 1.34
E 30 41 0.026027 0.004106 416.22 1.30
E 30 42 0.021749 0.000632 347.53 1.01
E 30 45 0.023582 0.003731 345.18 0.09
E 30 46 0.021797 0.000922 345.94 1.01
E 30 48 0.024700 0.003025 384.28 7.83
E 30 51 0.026932 0.005828 391.98 106.13
E 30 52 0.025233 0.003694 392.74 48.65
E 30 54 0.022011 0.000812 343.78 6.10
E 30 57 0.023615 0.004065 373.39 0.07
E 30 59 0.026374 0.004669 387.81 1.15
E 30 60 0.025677 0.004898 396.65 0.03
E 30 61 0.025201 0.004359 391.62 0.08
E 30 65 0.025706 0.005779 422.95 3.52
E 30 66 0.027307 0.006538 449.37 1.64
E 30 68 0.022021 0.000895 360.61 0.99
E 30 73 0.026828 0.005095 383.00 0.17
E 30 77 0.023137 0.002641 364.25 0.24
E 30 80 0.024381 0.004112 386.04 13.37
E 31 36 0.024777 0.007418 433.36 74.28
E 31 44 0.022914 0.004505 345.39 0.00
E 31 62 0.017631 0.004639 273.44 12.76
E 31 71 0.018989 0.003968 303.34 2.07
E 32 34 0.023355 0.003877 367.88 2.83
E 32 37 0.025715 0.004712 431.28 23.68
E 32 38 0.016696 0.003398 282.00 6.98
E 32 40 0.018569 0.004452 305.25 0.84
E 32 41 0.030364 0.007252 421.35 3.76
E 32 47 0.018715 0.005291 303.20 0.22
E 32 48 0.012564 0.000640 1280.00 14.81
E 32 53 0.015480 0.003277 247.67 3.35
E 32 59 0.028386 0.003986 426.50 1.60
E 32 61 0.026503 0.004617 367.49 0.02
E 32 64 0.022856 0.002423 294.83 21.12
E 32 73 0.028065 0.003174 437.21 0.23
E 32 80 0.022333 0.004070 383.76 1.78
E 33 35 0.021125 0.003387 352.09 0.11
E 33 43 0.021076 0.003945 320.00 4.19
E 33 44 0.005730 0.000384 600.00 0.59
E 33 45 0.021731 0.005206 359.90 0.35
E 33 49 0.020968 0.003183 336.65 2.36
E 33 51 0.022310 0.003307 573.15 0.81
E 33 52 0.025678 0.005578 322.95 3.09
E 33 55 0.020897 0.002942 337.12 8.53
E 33 56 0.021021 0.003261 348.43 24.28
E 33 62 0.022037 0.003128 447.01 18.63
E 33 63 0.019910 0.006077 349.68 0.62
E 33 67 0.021909 0.004331 332.11 0.58
E 33 71 0.021224 0.003870 345.76 0.08
E 33 74 0.022463 0.004515 349.12 129.28
E 33 78 0.020934 0.003117 329.47 57.41
E 33 79 0.019894 0.001660 305.08 126.78
E 34 37 0.021012 0.006075 324.87 2.22
E 34 38 0.024187 0.003392 433.20 0.07
E 34 39 0.022803 0.005667 412.60 0.20
E 34 40 0.024375 0.004523 372.48 0.61
E 34 41 0.030653 0.007615 486.97 0.94
E 34 42 0.024501 0.006122 386.53 1.35
E 34 46 0.024501 0.006122 432.43 1.35
E 34 47 0.019485 0.005130 322.95 0.55
E 34 48 0.027233 0.004942 397.32 0.03
E 34 52 0.026041 0.004155 512.72 0.76
E 34 54 0.024574 0.004216 362.93 0.28
E 34 57 0.026149 0.005040 443.85 8.75
E 34 59 0.027483 0.005365 401.68 3.89
E 34 60 0.029619 0.007666 443.15 1.71
E 34 61 0.025012 0.005773 383.48 0.76
E 34 65 0.027070 0.004991 432.07 0.26
E 34 66 0.031077 0.009413 472.57 0.76
E 34 68 0.024625 0.005802 391.71 1.32
E 34 73 0.028034 0.005863 402.93 0.72
E 34 77 0.027877 0.006703 403.38 2.86
E 34 80 0.024715 0.005859 377.75 293.34
E 35 43 0.019055 0.003972 299.88 83.74
E 35 45 0.023752 0.004579 307.40 13.82
E 35 49 0.018760 0.001952 297.03 12.52
E 35 52 0.023752 0.004579 398.14 0.60
E 35 54 0.022188 0.001727 341.88 0.50
E 35 55 0.019029 0.002186 295.15 2.50
E 35 56 0.019049 0.002208 296.92 1132.81
E 35 57 0.023886 0.003910 395.97 57.25
E 35 63 0.019145 0.006075 301.69 6.08
E 35 65 0.026099 0.007349 415.21 0.25
E 35 67 0.022208 0.004563 350.61 0.21
E 35 72 0.019050 0.002208 295.67 0.04
E 35 74 0.022418 0.004414 346.58 0.02
E 35 78 0.018860 0.002893 316.80 19.16
E 35 79 0.019049 0.002208 306.80 288.89
E 36 37 0.025786 0.004240 439.03 0.22
E 36 41 0.025228 0.006477 390.22 0.44
E 36 44 0.023865 0.006060 353.74 4.93
E 36 45 0.024322 0.006683 348.96 180.64
E 36 48 0.025788 0.003788 422.37 0.39
E 36 50 0.023728 0.005298 352.51 0.01
E 36 51 0.027195 0.006685 418.83 2.87
E 36 52 0.025157 0.006888 404.03 0.87
E 36 58 0.023754 0.005686 364.92 115.34
E 36 59 0.026251 0.006602 414.05 3.47
E 36 60 0.030536 0.005936 381.63 19.79
E 36 64 0.023650 0.005510 346.99 3.90
E 36 66 0.030706 0.005427 503.04 0.96
E 36 69 0.023842 0.005614 380.03 0.45
E 36 70 0.022870 0.003531 349.60 0.18
E 36 71 0.024369 0.006884 359.88 0.10
E 36 73 0.025573 0.006476 401.30 0.34
E 36 74 0.024224 0.006671 384.84 0.06
E 36 75 0.024225 0.005686 384.92 0.04
E 36 76 0.023955 0.005795 397.69 0.59
E 37 38 0.027084 0.004862 402.02 0.59
E 37 39 0.024346 0.002035 419.92 0.60
E 37 40 0.026916 0.004979 409.53 1.43
E 37 41 0.030282 0.007436 454.41 0.23
E 37 42 0.025720 0.003765 424.00 2.29
E 37 46 0.027241 0.004288 378.68 2.27
E 37 47 0.021435 0.005150 328.75 15.20
E 37 48 0.027269 0.003962 445.35 1.76
E 37 50 0.028264 0.010922 366.05 0.37
E 37 51 0.030559 0.007777 414.79 0.13
E 37 52 0.024713 0.002374 402.47 0.62
E 37 54 0.025245 0.003019 374.77 0.28
E 37 57 0.023922 0.001413 372.68 8.12
E 37 58 0.024344 0.004663 408.56 23.44
E 37 59 0.027722 0.004749 383.31 77.81
E 37 60 0.029877 0.007526 378.85 10.36
E 37 61 0.025420 0.004766 408.11 59.89
E 37 64 0.026137 0.004636 420.65 1.88
E 37 65 0.029348 0.004138 662.32 6.73
E 37 66 0.031111 0.009345 473.39 3.54
E 37 68 0.026117 0.004088 389.80 2.24
E 37 73 0.026922 0.004774 395.94 1.91
E 37 75 0.002065 0.000000 200.00 0.54
E 37 76 0.026634 0.004517 422.09 5.57
E 37 77 0.029632 0.004202 481.33 6.11
E 37 80 0.024748 0.004938 356.19 0.00
E 38 40 0.018519 0.004497 305.96 0.13
E 38 41 0.029870 0.007894 448.53 0.54
E 38 47 0.019640 0.004918 315.23 1.10
E 38 48 0.012564 0.000640 1280.00 0.10
E 38 53 0.014632 0.003231 237.94 0.41
E 38 58 0.020385 0.003004 313.11 43.33
E 38 59 0.028385 0.003986 504.42 19.67
E 38 61 0.027835 0.005505 423.02 2.21
E 38 64 0.022509 0.003392 345.19 5.58
E 38 73 0.021350 0.001920 2204.00 0.07
E 38 80 0.022112 0.000339 372.15 0.13
E 39 41 0.024674 0.003251 381.63 1.33
E 39 42 0.021240 0.000944 327.91 0.86
E 39 45 0.024375 0.005993 425.07 1.56
E 39 46 0.021262 0.000990 324.55 0.88
E 39 48 0.024586 0.002760 385.57 0.60
E 39 51 0.025943 0.005616 385.14 0.92
E 39 52 0.025254 0.003970 386.04 5.51
E 39 54 0.022004 0.000836 344.08 0.21
E 39 57 0.023680 0.004129 373.56 2.13
E 39 59 0.025853 0.004725 402.69 2.79
E 39 60 0.025214 0.004569 388.64 1.45
E 39 61 0.025016 0.004176 378.43 0.57
E 39 65 0.025488 0.005459 411.51 3.15
E 39 66 0.026894 0.006106 393.67 2.82
E 39 68 0.022185 0.001187 345.07 0.89
E 39 73 0.026591 0.005010 407.60 0.29
E 39 77 0.023092 0.002540 359.04 0.00
E 39 80 0.024950 0.004926 372.43 2.66
E 40 41 0.030003 0.007443 406.72 2.13
E 40 47 0.018735 0.005190 293.99 2.22
E 40 48 0.027105 0.001884 389.99 1.85
E 40 50 0.022260 0.001526 310.40 4.29
E 40 53 0.018544 0.004777 280.32 1.30
E 40 58 0.022257 0.003561 348.15 221.17
E 40 59 0.026918 0.001922 403.45 5.50
E 40 60 0.034232 0.009701 498.22 0.56
E 40 61 0.028181 0.006445 453.08 0.34
E 40 64 0.023350 0.002914 356.28 7.85
E 40 66 0.031044 0.005879 448.65 4.41
E 40 73 0.029323 0.005330 471.19 0.09
E 40 75 0.024940 0.000000 712.76 2.47
E 40 80 0.022444 0.001914 335.92 0.91
E 41 42 0.028501 0.006954 469.98 2.61
E 41 44 0.024079 0.004228 394.30 11.98
E 41 46 0.028501 0.006954 452.61 2.60
E 41 47 0.030364 0.007252 440.19 26.65
E 41 48 0.026734 0.004885 398.18 3.41
E 41 50 0.025419 0.004598 380.93 1.62
E 41 51 0.027632 0.006459 434.50 1.11
E 41 52 0.025241 0.004100 408.20 2.70
E 41 54 0.024948 0.003988 391.96 0.15
E 41 57 0.025212 0.004004 394.09 0.40
E 41 58 0.030648 0.007632 432.46 8.54
E 41 59 0.026670 0.005175 381.83 0.61
E 41 60 0.026660 0.004834 388.85 1.15
E 41 61 0.026749 0.004693 414.58 1.25
E 41 64 0.026335 0.004966 404.42 11.04
E 41 65 0.025600 0.005801 397.46 3.11
E 41 66 0.027001 0.006118 412.14 10.40
E 41 68 0.026217 0.004049 413.91 2.57
E 41 73 0.027163 0.005151 413.53 1.05
E 41 75 0.024831 0.004729 386.22 8.34
E 41 76 0.026252 0.004905 396.36 82.55
E 41 77 0.026118 0.004196 386.38 90.27
E 41 80 0.026873 0.004962 407.74 11.32
E 42 45 0.023583 0.003731 457.05 1.64
E 42 48 0.024925 0.003142 421.62 3.69
E 42 52 0.024718 0.002835 403.05 16.27
E 42 54 0.022118 0.000967 347.16 3.08
E 42 57 0.023784 0.004198 334.02 0.63
E 42 59 0.027410 0.001987 465.73 6.31
E 42 60 0.025668 0.004794 422.54 0.56
E 42 61 0.025151 0.004504 403.79 0.38
E 42 65 0.026278 0.006757 410.65 7.19
E 42 66 0.027101 0.006363 413.74 4.39
E 42 73 0.028577 0.004009 494.48 0.07
E 42 80 0.025183 0.005644 385.82 2.65
E 43 49 0.018804 0.003618 301.26 0.58
E 43 55 0.018635 0.003486 293.71 1.22
E 43 56 0.018801 0.003533 275.80 0.08
E 43 62 0.018946 0.000339 289.70 5.67
E 43 63 0.019379 0.005630 316.94 0.30
E 43 67 0.022319 0.004658 346.51 1.76
E 43 72 0.018755 0.003200 304.76 60.31
E 43 74 0.021828 0.004022 326.22 0.52
E 43 78 0.019737 0.003996 312.49 236.50
E 43 79 0.018801 0.003533 306.32 472.71
E 44 45 0.023186 0.004528 351.99 0.08
E 44 48 0.027339 0.005088 387.43 1.00
E 44 50 0.023304 0.004596 360.40 3.20
E 44 51 0.027461 0.005857 421.61 2.04
E 44 52 0.025060 0.004417 431.35 8.30
E 44 58 0.023329 0.004612 375.14 18.52
E 44 59 0.026126 0.005749 391.47 3.24
E 44 60 0.025617 0.004364 435.88 0.11
E 44 64 0.023327 0.004625 365.68 52.37
E 44 66 0.025956 0.003935 507.59 2.23
E 44 67 0.003057 0.000000 324.00 74.04
E 44 69 0.023299 0.004531 370.01 1.81
E 44 70 0.023244 0.004696 395.05 5.78
E 44 71 0.023236 0.004604 336.15 3.24
E 44 73 0.026048 0.004577 392.25 0.45
E 44 74 0.027653 0.005088 493.01 1.71
E 44 75 0.024161 0.004687 373.68 1.91
E 44 76 0.024061 0.004672 380.21 1.17
E 45 46 0.023583 0.003731 333.12 1.63
E 45 48 0.028080 0.003460 422.73 2.72
E 45 49 0.009236 0.000800 864.00 1.14
E 45 50 0.020235 0.003650 332.36 87.04
E 45 51 0.028787 0.005567 393.11 170.66
E 45 52 0.024988 0.005304 384.17 20.58
E 45 54 0.023582 0.003731 373.46 1.68
E 45 57 0.024854 0.005343 355.18 0.11
E 45 58 0.010963 0.001728 1080.00 5.06
E 45 59 0.027257 0.003430 395.14 1.07
E 45 60 0.033010 0.014721 519.31 0.10
E 45 64 0.023129 0.003109 374.89 21.81
E 45 65 0.026493 0.005879 380.00 679.60
E 45 66 0.030994 0.005718 433.02 10.67
E 45 67 0.021346 0.005295 351.98 1.29
E 45 68 0.023583 0.003731 525.74 1.63
E 45 71 0.021669 0.004899 317.80 8.36
E 45 73 0.029728 0.003901 475.05 0.59
E 45 74 0.022217 0.005129 363.59 15.65
E 45 75 0.024331 0.004810 360.34 17.77
E 45 76 0.024528 0.005479 396.00 0.49
E 45 77 0.011124 0.001760 1100.00 0.40
E 46 48 0.024924 0.003142 383.18 3.65
E 46 52 0.025127 0.003604 395.71 16.15
E 46 54 0.022115 0.000981 336.90 3.03
E 46 57 0.023581 0.003816 375.72 0.64
E 46 59 0.027016 0.002099 420.43 6.28
E 46 60 0.025668 0.004794 366.28 0.56
E 46 61 0.025118 0.004449 396.83 0.38
E 46 65 0.026278 0.006757 383.15 7.15
E 46 66 0.027157 0.006365 399.28 4.42
E 46 73 0.028576 0.004009 455.83 0.08
E 46 80 0.025022 0.005676 360.37 2.65
E 47 48 0.012564 0.000640 1280.00 0.55
E 47 59 0.028386 0.004621 428.29 5.40
E 47 61 0.026160 0.004494 353.80 0.11
E 47 64 0.003201 0.000096 284.00 28.00
E 47 66 0.002449 0.000000 248.00 0.81
E 47 73 0.028035 0.003456 412.89 1.77
E 47 80 0.022333 0.003330 300.86 10.67
E 48 51 0.027491 0.006804 386.24 0.51
E 48 52 0.025205 0.003738 381.62 0.50
E 48 54 0.024874 0.003180 390.16 0.55
E 48 57 0.024840 0.004178 408.26 12.67
E 48 58 0.027345 0.005088 372.15 41.52
E 48 59 0.026365 0.004609 415.10 11.30
E 48 60 0.025913 0.005445 387.75 1.44
E 48 61 0.025126 0.004015 376.94 0.88
E 48 64 0.027819 0.003392 445.92 4.17
E 48 65 0.025332 0.005293 389.54 0.13
E 48 66 0.027150 0.006047 412.45 0.25
E 48 68 0.024694 0.003061 369.12 3.62
E 48 73 0.027194 0.004979 385.12 0.97
E 48 75 0.027154 0.006106 441.89 3074.96
E 48 76 0.024567 0.004299 362.57 1.87
E 48 77 0.024854 0.003025 394.79 3.55
E 48 80 0.024808 0.004305 395.97 378.42
E 49 55 0.017872 0.000872 301.18 0.81
E 49 56 0.017829 0.000834 306.17 1.40
E 49 62 0.020169 0.002436 293.75 121.85
E 49 63 0.019672 0.006056 295.48 7.54
E 49 67 0.022235 0.004478 359.77 3.38
E 49 71 0.019716 0.002326 354.89 67.21
E 49 72 0.017185 0.000471 288.62 2.57
E 49 74 0.022515 0.004570 342.70 2.94
E 49 78 0.019447 0.003676 301.79 3.20
E 49 79 0.017816 0.000816 294.15 12.86
E 50 51 0.027459 0.005965 436.78 0.02
E 50 52 0.025036 0.003707 392.16 0.38
E 50 53 0.024375 0.009611 347.07 0.63
E 50 58 0.021114 0.003493 343.39 0.22
E 50 59 0.025982 0.006016 403.24 36.14
E 50 60 0.002385 0.000000 240.00 3.55
E 50 64 0.022775 0.004164 362.78 6.56
E 50 69 0.021066 0.003505 314.98 0.30
E 50 70 0.021120 0.003493 334.78 0.12
E 50 73 0.025348 0.004244 401.53 1.25
E 50 75 0.024231 0.004945 350.58 0.01
E 50 76 0.024007 0.004821 367.23 3.85
E 51 52 0.028064 0.005993 447.15 0.38
E 51 54 0.027006 0.005332 437.16 0.73
E 51 57 0.026809 0.005449 413.05 22.17
E 51 58 0.027432 0.006345 373.37 111.73
E 51 59 0.027938 0.006879 421.58 46.93
E 51 60 0.027533 0.006265 427.32 20.70
E 51 61 0.026932 0.005828 396.47 21.05
E 51 64 0.027345 0.006112 402.47 4.04
E 51 65 0.026810 0.005449 382.87 1.35
E 51 66 0.027583 0.006385 386.72 1.23
E 51 67 0.008419 0.001248 820.00 0.75
E 51 68 0.026740 0.005957 370.13 2.20
E 51 69 0.028110 0.006377 448.67 0.69
E 51 71 0.027103 0.005949 425.46 0.07
E 51 73 0.027566 0.006401 413.64 0.74
E 51 74 0.024642 0.004198 434.94 0.07
E 51 75 0.027599 0.005505 386.95 0.08
E 51 76 0.027743 0.006207 418.52 1.10
E 51 77 0.026740 0.005957 424.15 2.19
E 51 80 0.026822 0.005755 413.70 1205.68
E 52 54 0.025264 0.003567 364.44 3.05
E 52 57 0.025263 0.004677 385.59 5.66
E 52 59 0.026449 0.004918 415.13 44.65
E 52 60 0.025599 0.004886 402.02 7.28
E 52 61 0.025896 0.005299 378.16 10.32
E 52 65 0.026112 0.006219 385.69 25.95
E 52 66 0.026827 0.005384 386.61 1.71
E 52 68 0.025234 0.003694 365.82 16.13
E 52 73 0.026770 0.004943 403.63 9.28
E 52 74 0.025154 0.003485 365.56 2.41
E 52 75 0.025059 0.004588 407.24 0.15
E 52 76 0.025080 0.003374 385.61 18.04
E 52 77 0.025233 0.003694 384.33 12.39
E 52 80 0.024449 0.002035 345.78 0.13
E 53 58 0.017732 0.001272 308.53 40.44
E 53 70 0.017251 0.006219 297.03 0.94
E 54 57 0.023675 0.003950 362.63 0.65
E 54 59 0.026288 0.004579 405.62 1.83
E 54 60 0.025580 0.004569 396.29 2.13
E 54 61 0.025281 0.004438 365.05 1.08
E 54 65 0.026016 0.006717 388.34 1.70
E 54 66 0.027116 0.006468 459.82 6.01
E 54 68 0.022132 0.001004 343.14 3.07
E 54 73 0.026850 0.005211 379.26 3.21
E 54 77 0.023476 0.003093 359.91 18.74
E 54 80 0.021939 0.001750 360.08 19.88
E 55 56 0.016261 0.000384 261.82 15.44
E 55 62 0.019240 0.000551 289.72 48.94
E 55 63 0.019302 0.005583 307.45 1.01
E 55 67 0.022361 0.004725 354.46 14.79
E 55 72 0.015779 0.000374 237.92 4.34
E 55 74 0.023922 0.005729 359.67 1.84
E 55 78 0.019294 0.003242 292.13 14.06
E 55 79 0.015777 0.000374 251.30 56.23
E 56 62 0.019239 0.000203 377.10 7.46
E 56 63 0.019276 0.005618 322.05 0.79
E 56 67 0.022276 0.004603 347.21 1.49
E 56 72 0.016227 0.000181 250.73 33.61
E 56 74 0.025411 0.007538 420.04 2.54
E 56 78 0.019389 0.003646 296.77 2.18
E 56 79 0.016231 0.000178 273.39 0.64
E 57 58 0.006610 0.000064 652.00 5.43
E 57 59 0.026347 0.004755 419.80 0.17
E 57 60 0.025344 0.004237 384.64 0.11
E 57 61 0.025281 0.004438 381.95 0.22
E 57 64 0.023357 0.000226 372.03 2.79
E 57 65 0.026157 0.007143 377.68 8.96
E 57 66 0.026860 0.005514 401.01 24.00
E 57 68 0.023658 0.004171 367.60 0.64
E 57 73 0.026850 0.005211 399.55 0.57
E 57 76 0.023809 0.001809 538.82 0.54
E 57 77 0.023614 0.004004 362.26 0.54
E 57 80 0.023625 0.004258 382.86 49.44
E 58 59 0.027009 0.004663 509.25 1.76
E 58 60 0.030704 0.005088 452.91 3.41
E 58 64 0.022395 0.003725 337.23 1.59
E 58 66 0.015587 0.002688 1600.00 1.37
E 58 69 0.018866 0.003661 312.30 2.68
E 58 70 0.018856 0.003609 321.41 2.17
E 58 73 0.027933 0.005088 397.36 229.09
E 58 75 0.024191 0.004901 387.04 1.09
E 58 76 0.024254 0.004697 369.99 168.79
E 59 60 0.026372 0.004834 407.20 0.63
E 59 61 0.026240 0.004386 403.96 1.38
E 59 64 0.026075 0.004315 378.23 0.97
E 59 65 0.026282 0.004996 377.65 35.48
E 59 66 0.027022 0.006094 410.61 6.93
E 59 68 0.026226 0.004533 398.79 6.22
E 59 73 0.027123 0.005048 451.67 5.98
E 59 75 0.026541 0.005728 409.53 190.45
E 59 76 0.026337 0.004811 431.99 31.97
E 59 77 0.026263 0.004604 414.94 168.22
E 59 80 0.026242 0.004760 408.32 0.01
E 60 61 0.025442 0.004553 401.12 0.03
E 60 64 0.034491 0.009781 501.03 4.37
E 60 65 0.025333 0.005293 418.40 6.27
E 60 66 0.027425 0.006775 410.26 10.99
E 60 68 0.025439 0.004755 366.05 0.56
E 60 73 0.026964 0.005450 402.22 0.28
E 60 75 0.037998 0.012382 750.05 5.34
E 60 76 0.026092 0.005317 366.98 0.34
E 60 77 0.025376 0.004682 405.66 0.34
E 60 80 0.025445 0.004600 418.31 1.93
E 61 64 0.003313 0.000000 356.00 14.38
E 61 65 0.025400 0.005395 421.23 5.27
E 61 66 0.027233 0.006525 391.78 1.59
E 61 68 0.025092 0.004376 382.62 0.37
E 61 73 0.026838 0.004989 400.60 0.41
E 61 77 0.025162 0.004504 401.47 0.14
E 61 80 0.024997 0.004376 374.70 1.33
E 62 63 0.019427 0.003138 423.83 6.20
E 62 67 0.021824 0.002683 377.79 2.61
E 62 71 0.019322 0.003074 330.74 0.00
E 62 72 0.002626 0.000032 212.00 5.69
E 62 74 0.023718 0.005427 405.72 67.75
E 63 67 0.022425 0.006358 334.20 3.56
E 63 72 0.019399 0.005610 314.90 1.77
E 63 78 0.019321 0.005423 317.02 1.53
E 63 79 0.019355 0.005630 297.19 1.44
E 64 66 0.030237 0.005597 440.44 0.27
E 64 69 0.022704 0.004116 346.74 0.49
E 64 70 0.022159 0.003652 343.72 0.78
E 64 73 0.026653 0.004344 393.05 171.74
E 64 75 0.024291 0.005041 405.71 5.11
E 64 76 0.024256 0.004934 368.61 23.87
E 65 66 0.027020 0.006081 433.19 0.12
E 65 68 0.025488 0.005459 436.18 7.21
E 65 73 0.026850 0.005211 428.32 4.86
E 65 77 0.025783 0.006228 381.50 2.15
E 65 80 0.025402 0.005395 399.15 0.55
E 66 68 0.027228 0.006525 417.76 4.44
E 66 73 0.027132 0.005950 414.66 4.26
E 66 75 0.025956 0.008989 443.96 0.16
E 66 76 0.026572 0.005330 405.14 2.82
E 66 77 0.027153 0.006365 412.39 2.46
E 66 80 0.027206 0.006554 430.23 1.17
E 67 71 0.020990 0.003303 333.87 0.26
E 67 74 0.022464 0.004638 362.58 0.09
E 67 78 0.022180 0.004497 354.25 0.13
E 67 79 0.022377 0.004799 342.35 0.30
E 68 73 0.026839 0.004989 399.75 0.37
E 68 80 0.024875 0.004832 387.54 2.59
E 69 70 0.017676 0.001927 269.16 0.02
E 69 71 0.017815 0.000339 664.77 0.14
E 69 75 0.024405 0.004709 366.39 0.08
E 69 76 0.023891 0.004421 367.41 1.72
E 70 75 0.025957 0.008989 435.44 0.04
E 70 76 0.027042 0.004952 481.50 5.67
E 71 74 0.021956 0.003421 368.03 0.02
E 71 75 0.024477 0.005248 364.17 0.08
E 72 78 0.020153 0.004485 350.15 3.84
E 72 79 0.015485 0.000208 246.96 1.74
E 73 75 0.026112 0.005139 389.35 0.81
E 73 76 0.027151 0.005258 431.86 0.33
E 73 77 0.026829 0.005095 401.38 0.37
E 73 80 0.026777 0.004952 400.68 0.44
E 74 75 0.024455 0.005548 361.37 0.64
E 74 78 0.022516 0.004570 386.13 4.18
E 75 76 0.024211 0.004958 384.56 2.01
E 77 80 0.024273 0.003952 378.67 2.69
E 78 79 0.019668 0.003605 303.06 4.83
END

SECTION Terminals
Root 35
Terminals 48
T 62
T 61
T 26
T 37
T 76
T 1
T 57
T 12
T 24
T 69
T 39
T 6
T 68
T 41
T 10
T 72
T 80
T 65
T 23
T 49
T 56
T 46
T 53
T 27
T 48
T 45
T 9
T 3
T 13
T 52
T 42
T 20
T 17
T 71
T 38
T 79
T 15
T 22
T 2
T 5
T 67
T 66
T 36
T 4
T 28
T 75
T 64
T 33
END

EOF