SECTION Comment
CREATOR "Carlos Araujo"
REMARK "Instance for QoS Multicast Routing Problem"
QoS METRICS "delay, jitter, bandwidth and estimate of link duration"
END

SECTION Graph
Nodes 30
Edges 159

E 1 2 0.025868 0.005185 394.20 0.12
E 1 5 0.026374 0.005857 387.23 0.61
E 1 6 0.027864 0.006084 370.24 0.40
E 1 7 0.025894 0.005437 400.06 0.43
E 1 8 0.028328 0.006143 424.37 0.79
E 1 9 0.028211 0.005257 435.71 4.82
E 1 10 0.028025 0.005856 459.76 4.28
E 1 13 0.026374 0.005858 431.16 0.13
E 1 17 0.026008 0.007010 384.07 0.05
E 1 18 0.002289 0.000000 228.00 18.61
E 1 19 0.028453 0.004533 455.12 0.44
E 1 20 0.025696 0.005337 384.75 0.00
E 1 22 0.025427 0.005044 401.76 2.18
E 1 23 0.027427 0.003769 460.04 14.62
E 1 24 0.026058 0.005286 424.64 25.68
E 1 30 0.025696 0.005337 377.54 0.20
E 2 6 0.022312 0.001846 363.67 5.26
E 2 7 0.023490 0.002136 360.10 2.82
E 2 9 0.025617 0.005291 376.71 8.56
E 2 18 0.026668 0.006139 409.60 15.74
E 2 19 0.022348 0.001944 364.98 0.54
E 2 20 0.022331 0.001744 354.67 7.94
E 2 22 0.024920 0.003205 350.32 4.14
E 2 23 0.022358 0.001807 368.12 5.27
E 2 24 0.022343 0.002320 359.02 18.15
E 2 30 0.022331 0.001744 357.67 3.18
E 3 4 0.016509 0.002496 256.88 21.45
E 3 5 0.016860 0.001187 266.74 2.90
E 3 11 0.017745 0.005492 292.63 3.89
E 3 13 0.019279 0.004817 319.37 1.10
E 3 15 0.025214 0.004964 468.06 8.68
E 3 16 0.021241 0.001662 336.37 0.00
E 3 26 0.022185 0.003352 314.01 10.35
E 3 28 0.021838 0.002932 361.00 6.95
E 4 11 0.019349 0.006594 300.85 4.04
E 4 15 0.026296 0.005039 335.56 24.89
E 4 16 0.022129 0.002229 397.30 1.97
E 4 26 0.022419 0.003246 313.78 8.39
E 4 28 0.021209 0.000339 308.07 3.33
E 5 8 0.019628 0.002001 316.88 2.98
E 5 9 0.026232 0.005581 392.46 5.36
E 5 10 0.021490 0.004530 331.95 2.64
E 5 13 0.019338 0.004046 324.96 0.32
E 5 15 0.023469 0.002827 396.81 10.68
E 5 17 0.025052 0.008616 351.78 0.18
E 5 22 0.027778 0.005512 454.61 0.96
E 5 28 0.022323 0.003025 391.26 1.92
E 6 7 0.024256 0.001803 376.79 6.67
E 6 9 0.026145 0.005729 397.28 10.40
E 6 18 0.025108 0.002120 543.05 190.08
E 6 19 0.019784 0.000363 351.18 0.56
E 6 20 0.021397 0.000856 347.71 2.35
E 6 22 0.026959 0.004011 394.08 1.12
E 6 23 0.019765 0.000370 304.98 3.51
E 6 24 0.022255 0.002179 365.27 14.97
E 6 30 0.021033 0.000581 340.60 2.09
E 7 8 0.026161 0.003053 354.42 1.93
E 7 9 0.026159 0.005291 368.38 8.87
E 7 10 0.027314 0.006445 473.79 4.04
E 7 17 0.024829 0.007659 418.46 0.28
E 7 18 0.004833 0.000448 488.00 153.32
E 7 19 0.024512 0.001802 444.10 0.81
E 7 20 0.023486 0.002218 369.45 2.00
E 7 22 0.025002 0.003282 421.57 1.46
E 7 23 0.024665 0.001832 360.45 2.26
E 7 24 0.023313 0.002417 412.42 8.34
E 7 30 0.023489 0.002136 401.87 1.67
E 8 9 0.026835 0.006071 420.97 5.24
E 8 10 0.021557 0.004036 357.93 4.09
E 8 12 0.022509 0.002770 336.32 1.13
E 8 13 0.021320 0.002883 352.73 0.29
E 8 14 0.019330 0.005505 333.25 1.38
E 8 17 0.024924 0.007123 360.79 0.21
E 8 20 0.023159 0.001781 448.81 5.86
E 8 22 0.026762 0.004474 395.18 1.99
E 8 24 0.030975 0.008073 517.37 8.23
E 9 10 0.026836 0.006630 351.28 6.56
E 9 13 0.022549 0.004671 362.88 3.17
E 9 15 0.022807 0.004762 351.22 0.01
E 9 17 0.027311 0.004274 376.80 3.29
E 9 18 0.020376 0.003969 292.09 4.39
E 9 19 0.027030 0.002940 471.61 3.29
E 9 20 0.025616 0.005291 389.26 0.89
E 9 22 0.028758 0.005948 418.54 12.48
E 9 23 0.003873 0.000064 368.00 3.32
E 9 24 0.034094 0.010176 464.62 11.51
E 9 25 0.019594 0.003074 317.09 1.28
E 9 26 0.022015 0.005126 371.51 0.61
E 9 28 0.020371 0.003969 341.92 76.04
E 9 29 0.019596 0.003074 315.45 0.04
E 9 30 0.025616 0.005291 391.45 5.86
E 10 12 0.021431 0.003838 358.80 13.86
E 10 13 0.026672 0.006143 423.62 10.78
E 10 14 0.021584 0.008121 350.32 7.36
E 10 17 0.024819 0.006932 363.95 2.58
E 10 21 0.023244 0.001018 271.15 0.11
E 10 22 0.027132 0.006373 431.13 0.15
E 10 24 0.028082 0.007590 417.50 0.04
E 10 30 0.022905 0.002487 348.20 8.92
E 11 15 0.025352 0.010459 329.08 42.39
E 11 16 0.021942 0.009215 353.34 103.56
E 11 26 0.022812 0.006046 328.99 12.53
E 11 28 0.022657 0.003546 409.41 1.55
E 12 14 0.021015 0.005653 327.01 0.10
E 12 17 0.026069 0.005469 391.57 0.25
E 12 21 0.015918 0.001812 251.24 23.85
E 13 15 0.022838 0.004146 362.45 12.65
E 13 22 0.028669 0.006935 416.86 14.77
E 13 26 0.022430 0.006954 308.12 14.29
E 13 28 0.020791 0.004458 334.26 3.54
E 14 17 0.025744 0.006219 450.27 0.10
E 14 21 0.021019 0.005653 300.20 1.45
E 15 16 0.024717 0.004216 362.08 0.10
E 15 18 0.022867 0.004785 410.70 0.09
E 15 22 0.023414 0.005292 363.35 12.47
E 15 25 0.023062 0.004431 342.05 10.27
E 15 26 0.023608 0.005843 376.83 11.82
E 15 28 0.023577 0.004639 357.41 161.99
E 15 29 0.024035 0.004274 353.09 189.83
E 16 18 0.020327 0.002205 352.57 0.57
E 16 25 0.018823 0.001625 299.99 34.35
E 16 26 0.022853 0.005267 349.11 3.42
E 16 27 0.018195 0.001272 300.38 4.32
E 16 28 0.020799 0.002856 315.23 69.97
E 16 29 0.017531 0.000736 282.67 5.26
E 17 21 0.022480 0.001272 301.60 27.50
E 17 22 0.025157 0.007979 400.35 2.12
E 17 24 0.026948 0.005573 427.94 6.67
E 18 19 0.025108 0.002120 389.46 1.83
E 18 22 0.032174 0.008763 501.73 2.33
E 18 23 0.023752 0.003222 331.50 0.38
E 18 25 0.019336 0.002888 313.73 13.14
E 18 26 0.022916 0.006132 354.39 1.57
E 18 29 0.019293 0.002679 290.38 2.47
E 18 30 0.025108 0.002120 354.16 161.02
E 19 20 0.021395 0.000877 328.53 9.12
E 19 22 0.029424 0.006445 480.67 0.12
E 19 23 0.018754 0.000289 302.04 0.56
E 19 24 0.022161 0.001943 328.34 1.23
E 19 30 0.021035 0.000504 353.00 0.82
E 20 22 0.024919 0.003205 381.82 10.63
E 20 30 0.021366 0.000779 332.72 4.38
E 22 23 0.027822 0.002544 596.33 0.09
E 22 24 0.023736 0.002097 372.04 0.17
E 22 28 0.035342 0.008706 519.69 0.06
E 22 30 0.024919 0.003205 387.01 5.76
E 23 24 0.022182 0.001879 344.06 0.06
E 23 30 0.021015 0.000575 290.23 6.60
E 24 30 0.022392 0.002397 320.88 63.94
E 25 26 0.022749 0.005397 356.98 0.56
E 25 27 0.018991 0.001902 295.65 0.17
E 25 28 0.020689 0.002746 353.92 0.22
E 25 29 0.018878 0.001753 286.72 0.40
E 26 27 0.022790 0.005942 361.48 1.84
E 26 28 0.022804 0.005660 334.78 0.04
E 26 29 0.022853 0.005267 321.53 0.07
E 27 28 0.020224 0.002561 335.89 0.17
E 27 29 0.017622 0.001018 302.12 0.01
E 28 29 0.020799 0.002856 345.39 0.01
END

SECTION Terminals
Root 19
Terminals 16
T 3
T 14
T 24
T 21
T 18
T 15
T 17
T 2
T 9
T 6
T 26
T 10
T 5
T 28
T 25
T 4
END

EOF