SECTION Comment
CREATOR "Carlos Araujo"
REMARK "Instance for QoS Multicast Routing Problem"
QoS METRICS "delay, jitter, bandwidth and estimate of link duration"
END

SECTION Graph
Nodes 100
Edges 2208

E 1 3 0.032816 0.003480 488.04 36.32
E 1 5 0.035306 0.003813 478.18 0.90
E 1 6 0.035151 0.006784 470.20 62.61
E 1 7 0.029941 0.004570 420.53 10.77
E 1 8 0.035197 0.005329 467.16 0.31
E 1 9 0.030418 0.003015 431.71 6.32
E 1 11 0.030143 0.003116 458.77 1.04
E 1 12 0.035326 0.003668 496.05 0.08
E 1 13 0.029796 0.002808 427.50 0.75
E 1 14 0.040853 0.006614 556.25 39.62
E 1 16 0.035980 0.004537 476.14 27.24
E 1 17 0.033224 0.003270 476.19 3.39
E 1 18 0.035034 0.003566 476.56 0.16
E 1 19 0.029643 0.003167 408.25 26.92
E 1 20 0.029843 0.004240 431.09 26.43
E 1 21 0.029843 0.003000 434.96 1.07
E 1 22 0.035442 0.003646 494.70 0.06
E 1 23 0.032108 0.004104 467.68 0.09
E 1 24 0.035268 0.004644 491.94 0.05
E 1 25 0.029938 0.003033 445.85 0.08
E 1 26 0.035324 0.003668 466.08 1.20
E 1 27 0.040853 0.006614 522.96 14.74
E 1 29 0.040853 0.007598 512.96 2.24
E 1 30 0.035694 0.003864 505.99 2.98
E 1 31 0.037272 0.004425 507.70 64.35
E 1 33 0.035035 0.006038 465.36 15.35
E 1 34 0.030025 0.003077 424.07 19.90
E 1 35 0.035268 0.003711 514.27 12.50
E 1 36 0.030131 0.003017 441.59 0.85
E 1 37 0.041560 0.007511 495.38 1.37
E 1 38 0.037737 0.005088 477.36 0.19
E 1 39 0.035268 0.004423 469.40 0.45
E 1 40 0.034497 0.003425 481.03 57.12
E 1 41 0.031036 0.002020 438.81 18.84
E 1 42 0.029834 0.003089 436.63 0.78
E 1 43 0.035122 0.004361 517.11 1.75
E 1 44 0.041559 0.006742 520.92 350.49
E 1 46 0.030102 0.003053 432.71 84.73
E 1 47 0.032466 0.003972 441.22 21.85
E 1 48 0.051398 0.000678 528.90 0.88
E 1 49 0.030177 0.003474 426.35 84.44
E 1 50 0.044613 0.005766 472.01 0.37
E 1 51 0.032836 0.005492 476.38 63.07
E 1 52 0.030523 0.003546 465.68 62.73
E 1 53 0.035035 0.003566 500.60 11.03
E 1 54 0.035277 0.005766 497.95 1.26
E 1 55 0.029193 0.003434 418.87 25.55
E 1 56 0.035268 0.004867 454.73 10.41
E 1 57 0.045970 0.005936 664.52 0.16
E 1 59 0.032142 0.005187 433.36 69.87
E 1 61 0.031322 0.003226 429.49 70.41
E 1 63 0.035064 0.004647 443.53 34.21
E 1 64 0.041560 0.006742 523.48 74.47
E 1 65 0.017347 0.002240 1936.00 0.57
E 1 66 0.031971 0.004421 464.94 69.38
E 1 67 0.031534 0.003859 446.99 0.20
E 1 68 0.034149 0.004363 482.37 4.33
E 1 69 0.045970 0.005936 553.20 3.90
E 1 70 0.040853 0.006614 493.78 60.10
E 1 71 0.031137 0.004590 421.21 26.22
E 1 72 0.030025 0.003077 416.68 1.11
E 1 73 0.028164 0.003430 399.69 0.21
E 1 74 0.032027 0.003067 459.85 2.00
E 1 77 0.037177 0.006052 508.97 151.66
E 1 79 0.035591 0.003641 485.84 2.22
E 1 81 0.038505 0.006833 504.82 13.57
E 1 84 0.035124 0.005809 493.55 0.61
E 1 85 0.029938 0.003033 416.49 1.62
E 1 86 0.029776 0.003126 455.16 1.11
E 1 87 0.041560 0.006742 561.77 1.41
E 1 88 0.039645 0.005960 582.66 0.00
E 2 6 0.034356 0.006041 504.26 1527.62
E 2 10 0.026796 0.003328 416.56 85.90
E 2 11 0.030076 0.002084 458.33 2.12
E 2 12 0.028550 0.003084 420.14 3.40
E 2 13 0.034837 0.007340 516.49 0.97
E 2 14 0.024998 0.002829 408.92 3.70
E 2 15 0.024678 0.004665 397.08 9.23
E 2 16 0.021750 0.001815 359.59 1593.76
E 2 17 0.027636 0.003097 433.60 0.87
E 2 23 0.032475 0.005088 494.91 1.83
E 2 27 0.023416 0.002477 371.84 0.02
E 2 29 0.032745 0.003912 479.15 1.85
E 2 30 0.023300 0.003392 363.40 5.04
E 2 31 0.023187 0.003022 342.24 1553.34
E 2 32 0.026819 0.004227 405.95 1128.59
E 2 37 0.031259 0.006588 453.48 8.90
E 2 40 0.032629 0.003319 454.15 1491.17
E 2 41 0.027408 0.003341 411.04 1134.04
E 2 44 0.026783 0.003607 398.81 0.91
E 2 48 0.023282 0.002579 363.38 0.08
E 2 50 0.023318 0.002556 359.94 0.69
E 2 52 0.027585 0.000678 450.23 1476.33
E 2 57 0.023656 0.003127 371.72 0.29
E 2 58 0.023263 0.003251 350.64 1139.95
E 2 60 0.023263 0.003612 345.94 1150.72
E 2 62 0.023124 0.002740 350.16 0.08
E 2 63 0.033078 0.004044 452.19 1029.68
E 2 64 0.024628 0.003095 393.22 1279.05
E 2 65 0.027724 0.004658 427.71 26.98
E 2 68 0.030516 0.002808 463.83 2.18
E 2 69 0.023690 0.002917 387.52 0.34
E 2 70 0.027113 0.003621 409.42 0.23
E 2 71 0.030570 0.001809 499.63 868.57
E 2 76 0.023355 0.002601 351.29 0.19
E 2 77 0.032530 0.002528 416.84 0.51
E 2 78 0.023074 0.003562 341.15 1.94
E 2 79 0.029314 0.003457 431.75 2.69
E 2 81 0.034707 0.006008 480.34 269.04
E 2 82 0.023462 0.004780 384.15 3.19
E 3 4 0.031827 0.003174 480.90 14.36
E 3 5 0.034315 0.004366 488.91 63.14
E 3 7 0.030102 0.003458 422.71 37.52
E 3 8 0.035141 0.005247 471.83 1.42
E 3 9 0.032263 0.003109 452.41 1.45
E 3 11 0.028132 0.002636 437.43 179.47
E 3 12 0.033458 0.002927 484.70 3.14
E 3 13 0.038847 0.004070 561.42 7.78
E 3 17 0.033018 0.003613 466.96 2.06
E 3 18 0.032305 0.002842 489.81 2.07
E 3 21 0.027504 0.002397 392.35 107.65
E 3 22 0.032305 0.003838 493.27 1.31
E 3 23 0.036430 0.008056 468.36 32.66
E 3 24 0.032124 0.004510 453.24 141.67
E 3 25 0.028132 0.003431 403.34 89.43
E 3 26 0.035063 0.002965 473.26 0.00
E 3 29 0.036429 0.008056 529.72 2.16
E 3 30 0.035331 0.003234 506.67 2.24
E 3 33 0.033498 0.006038 452.80 8.54
E 3 34 0.028133 0.002564 441.78 0.13
E 3 35 0.032124 0.002597 435.03 4.24
E 3 36 0.030665 0.002676 419.27 7.50
E 3 38 0.033926 0.003995 482.68 76.70
E 3 39 0.032124 0.004423 478.43 44.44
E 3 42 0.028477 0.002594 420.41 4.82
E 3 43 0.032305 0.004365 463.80 1.57
E 3 53 0.032263 0.002747 430.63 9.60
E 3 54 0.034306 0.005965 507.55 0.66
E 3 56 0.032124 0.004867 457.77 6.49
E 3 67 0.033498 0.004291 455.78 34.35
E 3 68 0.038454 0.006462 506.78 1.48
E 3 71 0.031139 0.003446 468.64 180.90
E 3 72 0.028133 0.002564 416.76 36.20
E 3 73 0.023259 0.004141 369.60 3.55
E 3 74 0.034303 0.004520 468.28 5.44
E 3 77 0.038834 0.007201 495.62 20.52
E 3 79 0.032958 0.002944 524.57 27.36
E 3 81 0.038685 0.006983 490.74 0.18
E 3 84 0.032124 0.006017 478.46 2.35
E 3 85 0.027620 0.003801 402.14 0.42
E 3 86 0.028513 0.002643 423.94 4.19
E 4 5 0.031536 0.003625 443.66 2.83
E 4 6 0.034115 0.004558 502.29 0.67
E 4 7 0.033897 0.005866 524.34 0.55
E 4 8 0.032593 0.005204 464.24 8.05
E 4 11 0.028010 0.002242 464.81 46.59
E 4 13 0.029961 0.002272 435.86 246.90
E 4 17 0.031653 0.002892 459.13 13.01
E 4 21 0.027366 0.002035 403.15 0.95
E 4 22 0.027772 0.002083 412.87 0.85
E 4 23 0.031968 0.003839 463.49 19.59
E 4 24 0.027491 0.002530 397.07 6.78
E 4 29 0.031870 0.003053 474.25 0.33
E 4 30 0.027879 0.002341 420.03 0.53
E 4 31 0.030791 0.001060 422.99 2.46
E 4 33 0.029334 0.003731 410.45 5.09
E 4 35 0.027409 0.001972 405.91 2.36
E 4 36 0.027707 0.002013 430.63 0.20
E 4 38 0.027603 0.002382 409.92 10.77
E 4 39 0.027430 0.003000 401.51 3.51
E 4 42 0.028010 0.001736 449.96 3.15
E 4 43 0.030201 0.005131 449.26 46.19
E 4 46 0.027117 0.003135 408.48 37.57
E 4 49 0.027208 0.004570 417.42 37.40
E 4 51 0.032169 0.005404 446.24 2.45
E 4 52 0.027507 0.005342 390.57 12.37
E 4 53 0.027704 0.001875 430.47 0.94
E 4 54 0.028830 0.003387 444.42 3.38
E 4 56 0.027376 0.002957 416.04 3.50
E 4 59 0.031955 0.004785 458.52 24.61
E 4 61 0.029887 0.002035 441.50 24.76
E 4 66 0.031936 0.004126 479.24 24.42
E 4 67 0.032070 0.004222 465.59 159.78
E 4 68 0.031540 0.003356 432.13 23.09
E 4 72 0.026598 0.004028 349.85 0.05
E 4 74 0.031435 0.002454 422.23 0.19
E 4 75 0.026733 0.001758 393.60 69.98
E 4 77 0.034958 0.004327 471.78 0.28
E 4 79 0.029912 0.002867 430.92 7.84
E 4 84 0.027285 0.004050 389.52 0.00
E 5 6 0.034237 0.005341 469.21 31.02
E 5 7 0.034645 0.005039 457.49 0.05
E 5 8 0.030623 0.004112 450.56 3.18
E 5 9 0.033225 0.003721 538.40 3.53
E 5 10 0.028687 0.003230 430.57 0.95
E 5 11 0.035595 0.004042 561.58 0.40
E 5 12 0.030578 0.003402 443.25 1.12
E 5 13 0.034519 0.004797 507.95 1.49
E 5 14 0.028798 0.003147 424.44 5.01
E 5 16 0.035193 0.004240 508.42 20.68
E 5 17 0.031493 0.002892 481.36 0.67
E 5 18 0.031637 0.003712 456.18 6.61
E 5 19 0.035595 0.004042 474.67 22.16
E 5 20 0.035595 0.004834 490.77 21.82
E 5 21 0.035595 0.004042 461.30 0.24
E 5 22 0.031616 0.003777 459.04 0.67
E 5 23 0.032046 0.003712 443.87 0.54
E 5 24 0.034511 0.004730 497.15 0.61
E 5 25 0.035594 0.004042 462.59 0.48
E 5 26 0.032711 0.003336 474.17 2.46
E 5 27 0.034630 0.003376 466.51 0.10
E 5 29 0.033160 0.004015 450.89 0.70
E 5 30 0.029188 0.003301 442.20 0.68
E 5 31 0.029036 0.003122 459.55 30.67
E 5 33 0.031243 0.004707 455.75 0.11
E 5 34 0.035595 0.004042 528.17 18.72
E 5 35 0.034902 0.003420 463.44 4.38
E 5 36 0.034640 0.003126 527.86 0.11
E 5 37 0.030589 0.006505 431.23 3.52
E 5 38 0.035494 0.003731 480.23 31.08
E 5 39 0.035495 0.003731 534.78 6.11
E 5 40 0.033149 0.003122 472.14 34.21
E 5 42 0.034640 0.002846 524.40 2.54
E 5 43 0.030937 0.003910 456.80 3.36
E 5 44 0.028405 0.003584 400.73 1.76
E 5 46 0.035160 0.003423 463.55 88.27
E 5 47 0.035594 0.004042 479.45 91.25
E 5 49 0.034454 0.003091 484.59 87.49
E 5 50 0.023662 0.001601 365.93 1.51
E 5 51 0.033483 0.005849 455.96 31.93
E 5 52 0.034952 0.003374 510.96 33.16
E 5 53 0.031701 0.003431 457.07 0.22
E 5 54 0.032451 0.004809 486.40 0.34
E 5 55 0.035595 0.004042 542.53 18.75
E 5 56 0.032379 0.004206 465.13 0.42
E 5 57 0.028491 0.003225 427.60 0.23
E 5 59 0.032169 0.004489 459.42 74.87
E 5 61 0.031645 0.003648 460.08 76.22
E 5 63 0.034331 0.005320 460.81 15.98
E 5 64 0.027267 0.003287 407.57 11.18
E 5 65 0.028465 0.003964 432.45 9.86
E 5 66 0.033289 0.004240 480.76 73.53
E 5 67 0.033132 0.004817 470.25 4.78
E 5 68 0.034184 0.004159 493.50 2.13
E 5 69 0.027633 0.002841 412.58 0.67
E 5 70 0.028851 0.003148 421.69 0.60
E 5 71 0.035595 0.004042 519.79 18.13
E 5 72 0.035595 0.004042 467.89 16.02
E 5 73 0.033011 0.001696 461.10 0.22
E 5 74 0.033401 0.003546 478.49 0.14
E 5 77 0.036582 0.005766 463.68 0.34
E 5 79 0.030749 0.003253 451.49 0.51
E 5 81 0.034590 0.005306 485.01 25.80
E 6 7 0.036355 0.006901 484.26 63.36
E 6 8 0.034378 0.005198 489.36 1.89
E 6 9 0.034076 0.005440 509.31 1.66
E 6 10 0.034128 0.004778 481.19 8.10
E 6 11 0.035061 0.006723 536.91 31.39
E 6 12 0.034570 0.006007 481.91 2.43
E 6 13 0.034417 0.004946 498.05 7.22
E 6 14 0.034143 0.004051 478.48 206.16
E 6 15 0.031079 0.006207 461.96 1.27
E 6 17 0.034739 0.005634 472.25 2.11
E 6 18 0.033777 0.005206 477.06 2.44
E 6 21 0.035768 0.007375 496.10 38.41
E 6 22 0.033816 0.005002 447.59 1.22
E 6 23 0.033664 0.004493 477.54 35.61
E 6 24 0.038505 0.008072 470.83 160.54
E 6 25 0.035600 0.007293 548.29 85.51
E 6 26 0.034475 0.005150 482.92 0.00
E 6 27 0.035434 0.005445 449.39 122.69
E 6 29 0.034022 0.004936 494.02 3.47
E 6 30 0.033357 0.003933 489.03 2.28
E 6 33 0.033951 0.004862 465.38 7.54
E 6 34 0.035061 0.006206 494.24 0.14
E 6 35 0.038506 0.008073 478.65 3.98
E 6 36 0.035009 0.006714 444.65 9.50
E 6 37 0.034429 0.006303 497.03 3.92
E 6 38 0.038505 0.008072 462.85 89.91
E 6 39 0.038506 0.008072 485.54 45.70
E 6 42 0.035769 0.007375 472.30 4.60
E 6 43 0.034170 0.005094 467.97 1.68
E 6 44 0.034203 0.004985 482.26 55.66
E 6 48 0.037440 0.005766 457.68 107.25
E 6 50 0.037440 0.005766 521.99 1.90
E 6 53 0.033895 0.005136 482.62 13.18
E 6 54 0.034863 0.006026 478.56 0.61
E 6 56 0.034277 0.005178 489.84 5.57
E 6 57 0.033088 0.003590 475.42 35.39
E 6 65 0.034203 0.004985 450.86 0.79
E 6 67 0.034364 0.005101 494.92 86.68
E 6 68 0.034465 0.005209 492.12 0.82
E 6 69 0.033209 0.003482 447.54 2.55
E 6 70 0.034203 0.004985 464.74 73.93
E 6 71 0.035099 0.006492 452.07 191.30
E 6 72 0.035869 0.007168 479.19 38.02
E 6 73 0.038734 0.005993 542.64 28.34
E 6 74 0.034721 0.005731 476.82 7.43
E 6 77 0.036543 0.005637 490.48 20.78
E 6 79 0.034601 0.005775 471.53 17.38
E 6 81 0.035207 0.005978 497.10 0.16
E 6 84 0.033638 0.004397 482.80 1.61
E 6 85 0.035062 0.006206 518.98 0.29
E 6 86 0.035062 0.006206 494.10 0.81
E 6 87 0.034203 0.004985 481.16 2.19
E 7 8 0.036006 0.005463 524.31 6.44
E 7 9 0.031004 0.004671 435.79 7.92
E 7 11 0.028155 0.004952 432.33 0.78
E 7 12 0.033458 0.004834 443.07 3.39
E 7 13 0.031413 0.003666 497.80 0.70
E 7 14 0.033351 0.000814 452.03 3.84
E 7 16 0.034690 0.005385 503.21 27.97
E 7 17 0.033168 0.003693 469.47 0.37
E 7 18 0.033956 0.004795 493.76 91.70
E 7 19 0.026834 0.005100 398.23 27.77
E 7 20 0.026823 0.004933 380.96 27.29
E 7 21 0.027089 0.005100 414.46 0.13
E 7 22 0.033925 0.005139 451.63 0.71
E 7 23 0.033758 0.000763 483.80 1.10
E 7 24 0.034281 0.004830 445.12 5.81
E 7 25 0.027019 0.004957 406.65 9.05
E 7 26 0.035289 0.005159 490.76 4.42
E 7 27 0.037082 0.004409 454.79 0.02
E 7 29 0.033351 0.007598 653.05 0.83
E 7 30 0.035674 0.005276 475.65 1.61
E 7 31 0.034411 0.005015 496.93 64.96
E 7 33 0.033956 0.006038 494.53 0.04
E 7 34 0.027249 0.004918 397.28 18.58
E 7 35 0.034403 0.004878 441.80 57.16
E 7 36 0.029457 0.004004 478.18 0.12
E 7 37 0.034097 0.000904 451.39 0.77
E 7 38 0.035045 0.004500 469.00 4.07
E 7 39 0.034403 0.004878 475.04 896.76
E 7 40 0.038110 0.006360 542.47 58.12
E 7 41 0.032841 0.003539 465.19 87.34
E 7 42 0.027348 0.004705 418.57 2.30
E 7 43 0.033956 0.004795 449.22 0.93
E 7 44 0.034096 0.004816 481.02 1.07
E 7 46 0.029347 0.004078 422.65 83.76
E 7 47 0.027217 0.006643 382.57 23.16
E 7 48 0.034098 0.000904 511.20 0.19
E 7 49 0.028958 0.004035 393.45 83.44
E 7 50 0.034097 0.000904 443.15 0.40
E 7 51 0.032872 0.004543 456.97 63.70
E 7 52 0.028622 0.004924 430.38 61.10
E 7 53 0.033956 0.004795 458.66 0.21
E 7 54 0.034366 0.005766 493.17 32.88
E 7 55 0.026079 0.005329 418.63 26.31
E 7 56 0.033957 0.004868 481.83 0.29
E 7 57 0.034097 0.000904 463.03 0.73
E 7 59 0.032926 0.004692 432.86 69.27
E 7 61 0.032310 0.004195 459.89 69.85
E 7 63 0.039184 0.008574 529.55 33.78
E 7 64 0.034097 0.000904 491.14 75.15
E 7 65 0.009650 0.000256 1032.00 3.00
E 7 66 0.033250 0.004812 466.66 68.74
E 7 67 0.033470 0.004628 477.75 120.95
E 7 68 0.036530 0.005052 462.32 2.62
E 7 69 0.034097 0.002035 484.22 0.40
E 7 70 0.035454 0.005359 599.17 0.29
E 7 71 0.031037 0.004922 431.69 28.85
E 7 72 0.027249 0.004918 406.01 209.33
E 7 73 0.025029 0.004114 380.33 0.39
E 7 74 0.033465 0.003857 464.31 0.12
E 7 77 0.039271 0.007564 483.41 0.16
E 7 79 0.033738 0.005159 475.21 0.40
E 7 81 0.038273 0.007123 576.64 87.09
E 7 84 0.033935 0.006574 470.89 0.00
E 8 9 0.034527 0.005509 473.61 15.21
E 8 10 0.028272 0.003209 472.46 4.99
E 8 11 0.036257 0.005552 493.93 0.21
E 8 12 0.030430 0.004128 439.95 0.13
E 8 13 0.035371 0.005104 495.06 1.71
E 8 14 0.029259 0.003235 423.69 3.11
E 8 15 0.037151 0.006190 458.07 0.04
E 8 16 0.037010 0.005547 477.39 1.18
E 8 17 0.031473 0.003964 452.29 36.46
E 8 18 0.033445 0.005774 452.78 0.49
E 8 19 0.037010 0.005547 456.83 1.17
E 8 20 0.037011 0.005547 510.14 1.17
E 8 21 0.037256 0.005894 516.43 0.96
E 8 22 0.033505 0.005302 453.72 0.52
E 8 23 0.032025 0.003645 430.91 0.26
E 8 24 0.034634 0.005486 483.14 0.82
E 8 25 0.037010 0.005547 530.17 0.89
E 8 26 0.031169 0.004217 443.48 2.35
E 8 27 0.036498 0.004645 625.20 41.00
E 8 29 0.033231 0.003431 453.00 1.64
E 8 30 0.030447 0.004287 439.32 3.72
E 8 31 0.030111 0.004111 457.50 1.88
E 8 32 0.027691 0.003906 423.50 3.14
E 8 33 0.031980 0.004508 459.19 4.82
E 8 34 0.036230 0.004628 505.80 0.73
E 8 35 0.036593 0.006491 474.99 16.27
E 8 36 0.036621 0.005766 534.16 0.68
E 8 37 0.030661 0.006590 443.70 1.91
E 8 38 0.037035 0.007425 504.14 1.20
E 8 39 0.036567 0.006606 457.73 0.66
E 8 40 0.033179 0.003652 468.00 1.88
E 8 41 0.032824 0.003953 462.23 5.70
E 8 42 0.036916 0.006980 472.98 6.05
E 8 43 0.030832 0.004716 459.63 1.92
E 8 44 0.028139 0.003068 437.18 5.36
E 8 46 0.036593 0.006491 498.40 1.85
E 8 47 0.039947 0.007293 493.79 1.16
E 8 49 0.036593 0.006491 525.12 1.84
E 8 50 0.024005 0.001408 370.70 0.87
E 8 51 0.033239 0.005674 462.23 1.87
E 8 52 0.036827 0.005239 521.99 1.89
E 8 53 0.033507 0.005420 454.70 0.26
E 8 54 0.030559 0.004175 455.31 0.18
E 8 55 0.037683 0.004119 502.43 1.20
E 8 56 0.033709 0.005750 493.03 0.15
E 8 57 0.027229 0.002854 392.09 0.63
E 8 59 0.033495 0.005427 458.29 1.67
E 8 61 0.032568 0.004883 481.80 1.69
E 8 63 0.034333 0.005018 486.08 1.21
E 8 64 0.027213 0.003252 424.50 1.33
E 8 65 0.028107 0.003789 437.68 0.05
E 8 66 0.033477 0.005157 499.51 1.65
E 8 67 0.033477 0.005157 463.77 0.55
E 8 68 0.034206 0.004159 462.65 18.07
E 8 69 0.027229 0.002854 394.85 112.87
E 8 70 0.028365 0.002835 421.74 0.00
E 8 71 0.036020 0.004319 495.55 0.44
E 8 72 0.037256 0.005894 490.03 13.11
E 8 73 0.016727 0.001024 1568.00 0.99
E 8 74 0.033423 0.004388 498.52 1.04
E 8 77 0.036744 0.005673 507.53 1.42
E 8 79 0.030319 0.004087 460.66 0.27
E 8 81 0.034765 0.005547 459.26 0.66
E 8 82 0.024005 0.004438 363.81 0.29
E 8 84 0.033709 0.005750 503.09 6.54
E 8 86 0.037009 0.005547 513.21 407.41
E 8 87 0.027835 0.002804 423.32 56.97
E 8 88 0.032011 0.005837 457.52 1551.21
E 9 10 0.028076 0.001455 415.66 2.68
E 9 11 0.028978 0.002945 470.45 21.17
E 9 12 0.033509 0.003145 456.67 133.12
E 9 13 0.030061 0.002384 458.99 2.54
E 9 17 0.031338 0.002351 464.20 1.66
E 9 18 0.028448 0.002465 443.67 1.18
E 9 20 0.027419 0.005699 390.84 4.24
E 9 21 0.028467 0.000916 428.13 14.09
E 9 22 0.028458 0.002597 412.82 29.71
E 9 23 0.030497 0.004085 462.66 1.93
E 9 24 0.028159 0.002835 438.46 285.77
E 9 25 0.032572 0.005512 473.94 47.70
E 9 26 0.031001 0.002285 417.59 3.12
E 9 27 0.037376 0.003279 567.33 1.43
E 9 29 0.030751 0.003377 435.23 1.17
E 9 30 0.033720 0.003329 510.56 0.42
E 9 31 0.030288 0.003155 461.41 3.44
E 9 33 0.029719 0.004062 419.85 39.45
E 9 34 0.028318 0.002537 459.90 3.79
E 9 35 0.028159 0.002511 408.95 0.44
E 9 36 0.028396 0.002386 415.17 1.13
E 9 37 0.032062 0.000000 506.46 4.95
E 9 38 0.028563 0.002603 431.82 8.51
E 9 39 0.028165 0.002955 415.13 6.33
E 9 40 0.032141 0.002785 435.88 3.61
E 9 41 0.030537 0.002060 450.87 4.41
E 9 42 0.028329 0.001128 419.11 0.65
E 9 43 0.030557 0.005564 429.61 84.85
E 9 44 0.028586 0.001611 444.02 1.10
E 9 46 0.028255 0.002665 404.69 3.88
E 9 48 0.029688 0.000848 348.19 75.40
E 9 49 0.028250 0.003731 422.51 3.88
E 9 50 0.002801 0.000000 292.00 5.68
E 9 51 0.032310 0.005244 447.99 3.44
E 9 52 0.028788 0.002842 408.97 3.44
E 9 53 0.028419 0.002467 418.93 475.83
E 9 54 0.030488 0.003905 433.36 29.93
E 9 56 0.028228 0.003100 446.89 935.53
E 9 57 0.028614 0.000622 425.83 1.68
E 9 59 0.032117 0.005356 436.15 3.44
E 9 61 0.030475 0.002987 436.05 3.43
E 9 63 0.034187 0.006147 456.46 4.11
E 9 64 0.002801 0.000000 292.00 4.07
E 9 66 0.031813 0.003954 453.44 3.45
E 9 67 0.031586 0.003766 447.74 9.87
E 9 68 0.033995 0.004712 430.58 2.15
E 9 69 0.028614 0.002035 460.09 37.51
E 9 71 0.031130 0.007349 409.66 4.36
E 9 72 0.028302 0.001662 405.82 0.10
E 9 74 0.031567 0.002489 462.46 76.16
E 9 75 0.027977 0.002734 391.10 60.30
E 9 77 0.035785 0.005966 492.69 59.67
E 9 79 0.030810 0.003317 493.87 7.95
E 9 81 0.034855 0.005391 480.87 4.04
E 9 84 0.028170 0.004794 450.18 0.00
E 9 86 0.028362 0.001413 423.49 0.00
E 9 88 0.031702 0.006275 433.68 0.00
E 10 12 0.029921 0.002737 440.55 239.28
E 10 13 0.032707 0.004597 463.91 0.84
E 10 14 0.027615 0.002334 422.48 48.36
E 10 15 0.027127 0.004950 400.08 1.39
E 10 18 0.027989 0.001595 403.83 0.55
E 10 22 0.027989 0.001502 439.53 0.28
E 10 26 0.030635 0.002258 418.16 1.97
E 10 27 0.029702 0.002750 420.73 9.44
E 10 29 0.033297 0.003510 462.19 0.74
E 10 30 0.027908 0.001900 407.48 6.27
E 10 31 0.027798 0.002533 410.22 8.06
E 10 32 0.027551 0.004695 404.95 10.06
E 10 33 0.028118 0.002815 426.94 33.93
E 10 37 0.031942 0.007396 457.54 1.06
E 10 40 0.033131 0.003425 474.84 8.07
E 10 41 0.029368 0.001820 418.39 10.07
E 10 43 0.029838 0.004588 415.97 11.30
E 10 44 0.027712 0.004309 408.96 31.56
E 10 48 0.026271 0.003757 366.39 4.34
E 10 50 0.026653 0.003690 402.68 1.18
E 10 51 0.031687 0.005134 471.91 8.06
E 10 52 0.034142 0.002962 440.09 8.14
E 10 53 0.027989 0.002210 415.12 1.33
E 10 54 0.029954 0.003715 436.50 2.98
E 10 57 0.027455 0.001632 423.42 0.65
E 10 58 0.026326 0.004071 404.98 9.66
E 10 59 0.031990 0.006066 445.07 1.46
E 10 60 0.028689 0.008162 396.31 9.52
E 10 61 0.028659 0.001622 420.09 1.26
E 10 62 0.024938 0.001018 384.47 4.61
E 10 63 0.034826 0.005560 474.14 9.17
E 10 64 0.030351 0.006215 428.49 9.58
E 10 65 0.028124 0.004769 417.49 0.64
E 10 66 0.031307 0.003430 459.17 1.72
E 10 67 0.030104 0.003901 419.17 0.06
E 10 68 0.034531 0.004336 461.01 6.83
E 10 69 0.027511 0.001667 406.46 6.12
E 10 70 0.027555 0.003159 423.46 0.00
E 10 74 0.030332 0.001979 460.27 13.12
E 10 76 0.024940 0.003138 427.65 12.40
E 10 77 0.036607 0.006062 475.96 797.95
E 10 79 0.030003 0.002742 453.74 2.35
E 10 81 0.034765 0.005760 478.86 4.58
E 10 82 0.026926 0.002585 380.00 1.51
E 10 84 0.027662 0.001832 400.92 0.01
E 10 87 0.027491 0.001748 404.97 0.42
E 10 88 0.032164 0.005510 435.85 2.71
E 11 12 0.028375 0.003392 440.12 0.04
E 11 13 0.030095 0.003307 454.20 0.54
E 11 14 0.033283 0.005020 495.23 46.51
E 11 16 0.028966 0.004965 428.24 110.69
E 11 17 0.031335 0.003425 430.48 3.34
E 11 19 0.028130 0.003493 414.49 117.96
E 11 20 0.028334 0.003837 386.33 113.80
E 11 21 0.028206 0.003375 406.10 0.22
E 11 23 0.032845 0.004663 466.69 0.22
E 11 25 0.028135 0.003293 439.88 0.08
E 11 26 0.032089 0.002888 468.01 1.27
E 11 27 0.032425 0.003098 427.77 1.19
E 11 29 0.032721 0.004308 456.45 2.70
E 11 30 0.035750 0.003519 470.07 4.37
E 11 32 0.028873 0.004167 444.35 17.64
E 11 34 0.028316 0.003555 402.35 82.87
E 11 37 0.030132 0.005914 419.48 0.73
E 11 40 0.032473 0.003166 453.64 49.92
E 11 41 0.030855 0.003338 464.14 18.78
E 11 42 0.027964 0.003115 414.64 1.45
E 11 44 0.041728 0.002205 523.95 69.40
E 11 47 0.026760 0.002431 383.14 157.24
E 11 51 0.031244 0.006047 446.35 202.63
E 11 52 0.028181 0.003192 409.57 34.63
E 11 54 0.038095 0.005669 597.79 1.13
E 11 55 0.028441 0.003783 416.37 110.56
E 11 59 0.032381 0.005960 455.03 208.25
E 11 61 0.028567 0.003155 445.38 210.40
E 11 63 0.034187 0.005212 511.48 44.04
E 11 65 0.028484 0.003172 418.17 0.63
E 11 66 0.031855 0.003458 433.62 206.12
E 11 67 0.030696 0.003399 427.39 0.37
E 11 68 0.034112 0.004219 465.72 4.51
E 11 70 0.028366 0.002363 434.37 19.69
E 11 71 0.030864 0.004696 428.45 101.51
E 11 72 0.028192 0.003293 434.49 2.55
E 11 73 0.027967 0.003124 396.57 0.14
E 11 74 0.031764 0.003111 483.08 0.19
E 11 77 0.037306 0.005789 491.47 4.85
E 11 79 0.029851 0.003065 436.82 1.61
E 11 81 0.034662 0.006175 477.04 8.50
E 11 85 0.028377 0.003689 419.65 0.62
E 11 86 0.027964 0.003115 404.91 0.44
E 11 88 0.029689 0.005653 446.53 4.99
E 12 13 0.034737 0.006130 480.33 0.50
E 12 14 0.030026 0.003146 455.64 506.19
E 12 15 0.029898 0.004131 398.42 0.40
E 12 16 0.029463 0.001809 544.27 3.99
E 12 17 0.031528 0.002982 448.83 3.87
E 12 18 0.033515 0.003010 462.09 0.26
E 12 19 0.033589 0.001357 466.31 8.43
E 12 20 0.018437 0.003456 1956.00 3.53
E 12 22 0.033515 0.003318 469.84 0.08
E 12 23 0.031994 0.003456 467.88 0.25
E 12 24 0.031916 0.003985 580.60 0.15
E 12 25 0.032165 0.006671 433.90 0.19
E 12 26 0.033880 0.002809 488.14 0.80
E 12 27 0.030144 0.003429 440.87 8.57
E 12 29 0.033342 0.003578 454.52 16.64
E 12 30 0.033961 0.004037 489.62 10.06
E 12 31 0.030692 0.003505 430.87 2.45
E 12 32 0.029670 0.004778 416.25 4.09
E 12 33 0.033515 0.006335 491.28 2.25
E 12 34 0.033590 0.000170 516.64 4.02
E 12 35 0.031917 0.001696 428.90 8.12
E 12 36 0.032455 0.002864 426.87 0.23
E 12 37 0.031062 0.006727 439.36 0.45
E 12 38 0.031916 0.001696 449.91 0.29
E 12 39 0.032288 0.001809 496.47 0.14
E 12 40 0.033242 0.003179 462.05 2.42
E 12 41 0.034140 0.003030 577.25 3.87
E 12 42 0.004674 0.000032 468.00 2.58
E 12 43 0.033515 0.004369 502.56 0.36
E 12 44 0.030184 0.003986 412.42 0.00
E 12 48 0.028646 0.002792 419.09 0.58
E 12 50 0.029063 0.003152 417.53 0.28
E 12 51 0.033589 0.005242 459.83 2.44
E 12 52 0.029901 0.003642 431.23 2.44
E 12 53 0.033525 0.003253 499.20 0.09
E 12 54 0.033954 0.005610 471.44 0.85
E 12 56 0.033695 0.005744 478.71 0.11
E 12 57 0.029775 0.002676 447.53 0.16
E 12 58 0.027837 0.002840 434.80 3.82
E 12 59 0.033366 0.004117 494.67 2.45
E 12 60 0.027837 0.002840 380.99 2.97
E 12 61 0.033515 0.005245 469.80 2.45
E 12 62 0.029297 0.002975 463.52 3.92
E 12 63 0.034850 0.005511 468.99 2.55
E 12 64 0.029900 0.003211 427.35 2.57
E 12 65 0.030071 0.004289 445.96 0.17
E 12 66 0.033494 0.005057 470.39 2.47
E 12 67 0.034775 0.005201 500.42 0.29
E 12 68 0.035033 0.004720 481.09 6.90
E 12 69 0.029688 0.002560 410.00 8.76
E 12 70 0.030071 0.003140 440.85 0.00
E 12 71 0.031547 0.005482 440.18 14.88
E 12 72 0.033589 0.000904 644.76 23.50
E 12 74 0.034618 0.004162 467.65 0.52
E 12 76 0.027837 0.002840 402.86 0.40
E 12 77 0.036677 0.005950 488.44 4.73
E 12 79 0.030566 0.003232 432.10 0.21
E 12 81 0.034984 0.005542 472.82 1.26
E 12 82 0.028588 0.005789 418.41 0.11
E 12 83 0.028083 0.002814 416.11 0.03
E 12 84 0.034098 0.005126 525.33 0.08
E 12 86 0.004962 0.000256 504.00 0.76
E 12 87 0.030146 0.003209 428.12 0.07
E 12 88 0.032033 0.005938 461.77 1.50
E 13 14 0.035375 0.007032 484.33 4.92
E 13 15 0.034927 0.006888 465.30 1.43
E 13 16 0.035116 0.007000 468.42 7.50
E 13 17 0.030725 0.002750 433.94 3.72
E 13 18 0.030484 0.002634 432.79 4.44
E 13 19 0.035077 0.004127 446.13 7.58
E 13 20 0.029597 0.004653 415.33 7.55
E 13 21 0.029449 0.002804 446.59 1.92
E 13 22 0.030346 0.002695 446.10 0.69
E 13 23 0.032748 0.004611 460.26 1.34
E 13 25 0.030241 0.002678 468.01 12.57
E 13 26 0.032141 0.004774 451.60 2.42
E 13 27 0.035423 0.007549 487.85 0.96
E 13 29 0.032787 0.004688 439.41 5.18
E 13 30 0.034997 0.006854 493.37 16.28
E 13 31 0.035227 0.006206 476.33 7.29
E 13 32 0.034739 0.006590 508.73 6.70
E 13 33 0.030219 0.002772 451.82 1.33
E 13 34 0.030096 0.001916 428.05 6.33
E 13 36 0.028830 0.001998 420.54 0.48
E 13 37 0.034944 0.007428 487.26 0.99
E 13 39 0.012451 0.002336 1324.00 0.62
E 13 40 0.033383 0.005941 469.10 7.13
E 13 41 0.032320 0.005397 466.10 6.69
E 13 42 0.029515 0.001407 431.89 42.47
E 13 43 0.030484 0.004311 438.07 0.92
E 13 44 0.034921 0.006197 474.37 55.97
E 13 46 0.028830 0.002839 395.36 8.36
E 13 48 0.035140 0.007772 513.57 0.51
E 13 49 0.028340 0.003134 407.66 8.36
E 13 50 0.034837 0.007340 439.27 0.49
E 13 51 0.031753 0.005444 464.06 7.28
E 13 52 0.030877 0.003932 436.30 7.24
E 13 53 0.030354 0.002467 442.65 0.33
E 13 54 0.030761 0.004258 443.17 3.19
E 13 56 0.029963 0.002237 416.57 0.56
E 13 57 0.032483 0.007700 446.01 16.36
E 13 58 0.034139 0.007892 455.13 6.72
E 13 59 0.031776 0.005524 431.98 7.78
E 13 60 0.034140 0.007892 444.94 6.73
E 13 61 0.030469 0.002656 455.26 7.79
E 13 62 0.033587 0.008197 467.16 1.15
E 13 63 0.034823 0.005413 481.74 6.84
E 13 64 0.034785 0.006681 473.54 6.73
E 13 65 0.035272 0.006668 486.16 2.00
E 13 66 0.031287 0.003326 430.12 7.78
E 13 67 0.030544 0.003227 441.41 0.78
E 13 68 0.034238 0.004774 474.25 2.83
E 13 69 0.032191 0.008193 483.31 2.16
E 13 70 0.035426 0.006823 496.55 19.54
E 13 71 0.031494 0.004986 458.54 7.53
E 13 72 0.030311 0.002695 459.42 8.00
E 13 74 0.030304 0.002510 435.39 0.36
E 13 76 0.033963 0.007220 487.65 0.27
E 13 77 0.036863 0.005991 477.43 0.84
E 13 78 0.032741 0.009498 419.25 2.67
E 13 79 0.031913 0.004352 442.08 0.66
E 13 81 0.034926 0.006019 475.86 7.62
E 13 82 0.034837 0.007340 502.01 1.09
E 13 83 0.034616 0.008164 488.67 5.72
E 13 84 0.029523 0.002176 431.88 6.65
E 13 85 0.028304 0.001180 400.63 74.81
E 13 86 0.029515 0.001449 446.05 0.02
E 14 15 0.029405 0.004639 445.63 5.58
E 14 16 0.030759 0.004830 415.30 157.98
E 14 17 0.029804 0.002956 418.01 6.70
E 14 19 0.033283 0.005020 497.62 164.87
E 14 20 0.034436 0.004409 465.39 161.71
E 14 21 0.034521 0.004664 492.70 2.33
E 14 22 0.030028 0.001628 432.68 4.20
E 14 23 0.033334 0.004850 452.40 3.38
E 14 25 0.033283 0.005020 488.72 299.56
E 14 26 0.034525 0.004302 470.73 3.27
E 14 27 0.030153 0.003994 443.14 2.29
E 14 29 0.033797 0.004450 447.87 0.70
E 14 30 0.025973 0.002079 389.17 0.25
E 14 31 0.023464 0.003499 382.12 212.24
E 14 32 0.027476 0.004755 422.54 57.35
E 14 34 0.031552 0.001525 411.69 133.07
E 14 37 0.031589 0.007055 469.19 6.70
E 14 40 0.035864 0.004537 498.79 187.90
E 14 41 0.031558 0.004445 454.11 58.37
E 14 44 0.027295 0.004108 400.94 0.04
E 14 48 0.031259 0.004795 469.97 5.32
E 14 50 0.028127 0.003502 425.98 4.23
E 14 51 0.032061 0.003656 433.15 209.58
E 14 52 0.033214 0.004929 448.30 206.45
E 14 54 0.034818 0.004628 493.49 8.02
E 14 55 0.031723 0.003773 458.99 158.86
E 14 57 0.022220 0.001895 334.78 34.78
E 14 58 0.031721 0.004445 456.06 60.31
E 14 60 0.031929 0.006296 454.29 62.01
E 14 62 0.032368 0.004647 488.40 7.66
E 14 63 0.037596 0.007589 469.04 173.50
E 14 64 0.026892 0.004140 389.69 66.95
E 14 65 0.028245 0.005408 423.56 4.49
E 14 68 0.038420 0.006462 485.63 5.07
E 14 69 0.022221 0.001895 349.27 7.50
E 14 70 0.027616 0.003671 393.55 0.15
E 14 71 0.030977 0.004732 465.12 146.55
E 14 72 0.031552 0.001525 413.05 0.54
E 14 74 0.040288 0.005088 487.13 27.21
E 14 76 0.032266 0.005894 457.47 105.06
E 14 77 0.038701 0.006938 529.83 5.46
E 14 78 0.033417 0.001560 407.43 5.10
E 14 79 0.030353 0.002776 467.32 4.40
E 14 80 0.003121 0.000000 332.00 131.29
E 14 81 0.036610 0.006341 510.04 59.04
E 14 82 0.027109 0.004633 418.30 70.18
E 14 83 0.031595 0.005365 454.54 16.20
E 14 85 0.033079 0.000237 436.00 32.13
E 14 87 0.024246 0.002708 393.52 6.02
E 14 88 0.031871 0.005657 456.86 4.70
E 15 16 0.020705 0.004186 318.95 5.26
E 15 23 0.034599 0.006282 453.61 0.55
E 15 25 0.009859 0.000928 1000.00 0.74
E 15 26 0.035342 0.005484 519.73 10.12
E 15 27 0.022736 0.004371 341.14 1.91
E 15 29 0.033977 0.004579 486.65 9.77
E 15 30 0.035135 0.004028 444.46 2.12
E 15 31 0.026347 0.005584 416.42 5.12
E 15 32 0.026849 0.004589 401.40 3.91
E 15 37 0.031861 0.007150 472.37 1.27
E 15 40 0.037849 0.006212 444.15 4.94
E 15 41 0.027715 0.004678 431.88 3.90
E 15 44 0.028338 0.004794 461.95 2.71
E 15 48 0.022737 0.004243 379.86 0.70
E 15 50 0.022964 0.003951 371.05 0.78
E 15 52 0.032945 0.004028 483.04 5.14
E 15 54 0.038096 0.005669 506.77 5.58
E 15 57 0.026294 0.004229 417.63 0.66
E 15 58 0.023778 0.005427 368.55 3.98
E 15 60 0.023210 0.004793 388.99 4.01
E 15 62 0.023014 0.004680 362.79 1.36
E 15 63 0.038740 0.008913 514.14 4.42
E 15 64 0.024750 0.003986 373.38 4.32
E 15 65 0.029522 0.005604 439.86 4.54
E 15 68 0.038484 0.004822 469.46 6.82
E 15 69 0.026067 0.002713 388.88 5.99
E 15 70 0.029702 0.004834 487.68 2.47
E 15 71 0.031141 0.005492 424.99 5.40
E 15 76 0.022753 0.004468 351.41 0.31
E 15 77 0.039526 0.000000 499.94 0.47
E 15 78 0.020658 0.004108 329.11 0.61
E 15 79 0.031893 0.006190 412.23 0.15
E 15 80 0.019208 0.004070 303.77 65.16
E 15 81 0.038404 0.008244 471.66 7.60
E 15 82 0.023185 0.004365 364.57 0.51
E 15 83 0.022746 0.004311 361.87 0.49
E 15 87 0.025472 0.004350 375.15 1.22
E 15 88 0.032596 0.005168 465.11 0.00
E 16 17 0.033419 0.004918 460.75 2.99
E 16 21 0.028967 0.004965 471.07 53.27
E 16 23 0.034524 0.005636 514.84 21.87
E 16 25 0.026562 0.004157 384.83 42.49
E 16 26 0.036310 0.004430 472.73 0.00
E 16 27 0.021445 0.002474 346.16 142.88
E 16 29 0.033261 0.004975 463.81 1.40
E 16 30 0.035733 0.004430 476.79 3.20
E 16 34 0.028903 0.004850 450.09 0.05
E 16 37 0.032080 0.005410 442.70 1.22
E 16 42 0.029864 0.004106 424.54 4.73
E 16 44 0.033011 0.004816 416.98 53.20
E 16 48 0.019434 0.003112 311.72 140.85
E 16 50 0.022187 0.001621 321.11 1.99
E 16 54 0.038095 0.005669 544.17 0.30
E 16 65 0.032381 0.008395 454.55 0.87
E 16 68 0.038369 0.006282 513.66 3.97
E 16 70 0.033881 0.006630 513.21 61.33
E 16 71 0.031316 0.005330 455.79 68.88
E 16 72 0.028048 0.004844 392.17 21.38
E 16 73 0.028703 0.003833 389.97 3.53
E 16 74 0.035260 0.004579 516.43 5.04
E 16 76 0.021224 0.002426 332.31 6.88
E 16 77 0.039777 0.007329 523.39 11.27
E 16 78 0.018449 0.001392 303.93 2.07
E 16 79 0.033249 0.004787 480.25 10.57
E 16 80 0.017535 0.000984 265.71 13.82
E 16 81 0.039744 0.008420 517.71 0.03
E 16 83 0.020331 0.001715 322.60 2.35
E 16 85 0.028240 0.004235 421.03 2.30
E 16 86 0.029331 0.004690 452.10 2.03
E 17 18 0.031556 0.002877 429.23 7.68
E 17 19 0.033652 0.003010 497.07 2.82
E 17 20 0.033733 0.006996 445.69 1.81
E 17 21 0.033016 0.003191 460.19 0.99
E 17 22 0.031556 0.002877 467.61 0.80
E 17 23 0.031919 0.003544 467.07 2.83
E 17 24 0.032768 0.003654 441.37 9.93
E 17 25 0.033514 0.003300 439.52 4.07
E 17 26 0.031604 0.002898 451.88 1.44
E 17 29 0.032020 0.002921 448.85 13.00
E 17 30 0.031552 0.002993 464.05 1.30
E 17 31 0.030455 0.002016 437.52 2.10
E 17 32 0.029802 0.004125 426.37 30.28
E 17 33 0.031556 0.003372 458.19 0.27
E 17 34 0.033453 0.003053 451.09 1.10
E 17 35 0.032940 0.002706 465.25 0.56
E 17 36 0.033070 0.002862 458.16 0.57
E 17 37 0.029761 0.005523 437.77 10.29
E 17 38 0.031957 0.002900 471.14 21.92
E 17 39 0.032869 0.004527 466.97 5.67
E 17 40 0.032429 0.002825 471.12 2.14
E 17 41 0.031574 0.002953 470.90 32.14
E 17 42 0.033104 0.002760 450.66 3.90
E 17 43 0.031473 0.005168 452.82 1.67
E 17 44 0.030146 0.003518 461.36 3.53
E 17 46 0.033141 0.003003 439.62 2.09
E 17 47 0.033418 0.003024 528.60 2.32
E 17 49 0.033141 0.003089 470.45 2.09
E 17 51 0.032415 0.005522 444.23 2.10
E 17 52 0.032895 0.004097 457.13 2.06
E 17 53 0.031556 0.002877 447.17 0.40
E 17 54 0.031606 0.004170 470.47 1.98
E 17 55 0.033947 0.003166 404.60 2.80
E 17 56 0.031618 0.002809 439.08 0.66
E 17 57 0.027734 0.000868 406.99 1.25
E 17 59 0.032391 0.005534 473.93 1.94
E 17 61 0.031639 0.003002 464.73 1.95
E 17 63 0.033754 0.004672 472.66 1.73
E 17 65 0.029761 0.003614 441.28 13.32
E 17 66 0.031660 0.004166 457.99 1.93
E 17 67 0.031983 0.004303 460.20 5.72
E 17 68 0.034172 0.004198 464.89 0.46
E 17 69 0.027734 0.000868 399.67 1.07
E 17 70 0.029761 0.002874 451.05 1.28
E 17 71 0.033453 0.003894 445.82 2.65
E 17 72 0.033270 0.003116 457.89 1.85
E 17 74 0.032034 0.002984 476.18 0.77
E 17 77 0.036706 0.005583 490.40 1.60
E 17 79 0.031441 0.002834 457.06 2.23
E 17 81 0.034502 0.005123 453.13 0.22
E 17 84 0.031575 0.003371 429.59 1.30
E 17 86 0.033160 0.002748 448.26 2.17
E 17 87 0.029761 0.002874 442.95 2.36
E 18 21 0.031043 0.001413 395.77 1.20
E 18 22 0.027938 0.002132 413.70 1.73
E 18 23 0.032001 0.003859 455.27 0.39
E 18 24 0.027576 0.002452 431.61 0.91
E 18 25 0.032572 0.005512 433.92 0.82
E 18 26 0.030812 0.002116 433.27 1.52
E 18 27 0.037082 0.005823 466.18 26.43
E 18 29 0.031871 0.003053 462.04 5.63
E 18 30 0.028125 0.002310 434.94 8.00
E 18 31 0.030287 0.002791 424.20 4.66
E 18 33 0.029361 0.003639 442.10 171.35
E 18 35 0.027588 0.001925 402.42 9.69
E 18 36 0.027717 0.002051 425.24 11.65
E 18 37 0.032062 0.000000 594.70 33.83
E 18 38 0.027352 0.002228 440.03 0.78
E 18 39 0.027580 0.002744 431.16 0.38
E 18 40 0.032224 0.002368 450.62 4.90
E 18 41 0.030670 0.001725 423.49 5.95
E 18 42 0.032062 0.005823 483.59 5.09
E 18 43 0.030571 0.005777 421.54 97.72
E 18 44 0.030141 0.004749 500.58 1.11
E 18 46 0.027688 0.002743 438.91 5.41
E 18 48 0.031044 0.000678 352.80 8.98
E 18 49 0.027700 0.003787 396.66 5.41
E 18 50 0.031044 0.000000 633.44 7.77
E 18 51 0.032273 0.004996 457.14 4.65
E 18 52 0.035508 0.003030 447.50 4.72
E 18 53 0.027600 0.001882 426.34 2.47
E 18 54 0.030381 0.003711 452.54 0.39
E 18 56 0.027491 0.002819 407.00 14.02
E 18 57 0.032063 0.005823 547.03 2.77
E 18 59 0.031802 0.004999 458.66 4.82
E 18 61 0.030505 0.003024 447.10 4.81
E 18 63 0.034096 0.005145 466.08 5.36
E 18 64 0.031044 0.000000 361.54 5.50
E 18 65 0.002929 0.000000 308.00 1.06
E 18 66 0.031856 0.004070 441.26 4.83
E 18 67 0.031701 0.003694 451.05 0.30
E 18 68 0.034138 0.004385 467.21 4.41
E 18 69 0.031043 0.002035 336.22 7.20
E 18 72 0.031044 0.000000 802.95 1.32
E 18 74 0.031740 0.002669 463.09 9.11
E 18 75 0.027157 0.001443 400.71 0.86
E 18 77 0.036315 0.005854 476.57 186.02
E 18 79 0.030538 0.003009 410.88 9.56
E 18 81 0.034738 0.005579 486.52 2.19
E 18 84 0.027510 0.003179 419.52 427.98
E 18 87 0.032063 0.005823 394.87 416.26
E 18 88 0.031307 0.005612 465.93 0.00
E 19 21 0.023700 0.002671 362.60 98.01
E 19 23 0.034498 0.005308 507.93 23.06
E 19 25 0.023789 0.002874 377.39 41.44
E 19 26 0.036310 0.002821 509.82 0.00
E 19 27 0.032425 0.003098 443.02 146.52
E 19 29 0.033901 0.004836 464.23 1.41
E 19 30 0.036013 0.003613 529.89 3.21
E 19 34 0.024098 0.002878 366.51 0.05
E 19 37 0.029350 0.000424 431.56 1.21
E 19 42 0.025615 0.002640 410.00 4.64
E 19 44 0.041728 0.002205 447.91 54.82
E 19 54 0.038095 0.005669 538.82 0.30
E 19 67 0.033787 0.004070 495.19 7.18
E 19 68 0.034811 0.005066 479.72 4.54
E 19 70 0.034605 0.004805 471.02 63.70
E 19 71 0.031009 0.005083 440.52 64.58
E 19 72 0.023835 0.002974 374.32 20.87
E 19 73 0.022806 0.002972 342.30 3.53
E 19 74 0.034316 0.004235 457.37 5.02
E 19 77 0.037358 0.005945 502.28 11.10
E 19 78 0.019174 0.000000 426.82 2.10
E 19 79 0.033249 0.001272 539.34 10.56
E 19 81 0.038388 0.008192 462.06 0.03
E 19 85 0.022930 0.002462 361.34 2.28
E 19 86 0.025823 0.002640 414.91 2.19
E 20 21 0.024162 0.003832 370.25 96.44
E 20 23 0.034773 0.005743 482.10 22.63
E 20 25 0.023809 0.003837 360.15 41.03
E 20 26 0.036990 0.003901 513.30 0.00
E 20 27 0.036424 0.004749 424.20 145.99
E 20 29 0.033476 0.005597 462.73 1.38
E 20 30 0.036014 0.004833 454.27 3.25
E 20 34 0.024153 0.003864 380.84 0.07
E 20 37 0.002257 0.000000 224.00 1.21
E 20 42 0.025605 0.004228 395.68 4.69
E 20 44 0.036584 0.007348 578.29 54.29
E 20 52 0.027916 0.003759 399.89 0.00
E 20 54 0.038095 0.005669 550.32 0.19
E 20 63 0.039542 0.009194 539.23 1.62
E 20 67 0.030590 0.005311 436.87 12.81
E 20 68 0.034103 0.004933 456.84 2.94
E 20 70 0.034604 0.004805 510.83 62.88
E 20 71 0.031099 0.005188 500.71 767.69
E 20 72 0.024117 0.003785 377.04 21.85
E 20 73 0.023752 0.003913 367.83 3.53
E 20 74 0.031644 0.004371 439.10 5.00
E 20 77 0.037440 0.005945 501.13 10.95
E 20 79 0.033984 0.001583 417.08 10.26
E 20 81 0.039389 0.007847 554.57 0.03
E 20 85 0.023680 0.003649 353.65 2.28
E 20 86 0.026061 0.004165 384.16 2.14
E 21 22 0.029858 0.002487 422.97 1.60
E 21 23 0.032413 0.004899 439.57 3.16
E 21 24 0.038337 0.002883 494.71 2.82
E 21 25 0.023840 0.001696 370.67 3.93
E 21 26 0.036989 0.002674 494.79 4.27
E 21 27 0.036422 0.004749 499.13 0.17
E 21 29 0.031987 0.004363 439.79 1.87
E 21 30 0.036003 0.003463 514.51 2.44
E 21 31 0.030592 0.001413 469.61 115.30
E 21 33 0.032876 0.003528 484.64 0.13
E 21 34 0.024024 0.001734 392.68 141.61
E 21 35 0.033080 0.000000 725.53 1.78
E 21 36 0.029179 0.001413 418.84 7.10
E 21 37 0.033334 0.006953 494.95 0.54
E 21 38 0.032062 0.000565 514.60 6.94
E 21 39 0.006114 0.000128 648.00 3.05
E 21 40 0.032392 0.002827 471.26 51.69
E 21 41 0.030837 0.002052 459.79 18.98
E 21 42 0.025604 0.002045 372.67 4.61
E 21 43 0.032062 0.000565 659.19 1.24
E 21 44 0.033010 0.004816 615.59 1.19
E 21 47 0.024246 0.001133 367.61 114.67
E 21 48 0.032063 0.000678 518.42 0.29
E 21 50 0.032062 0.003901 417.06 1.12
E 21 51 0.032401 0.003053 505.59 113.15
E 21 52 0.028581 0.003335 429.64 106.35
E 21 53 0.030365 0.001413 780.59 0.62
E 21 54 0.037962 0.005291 456.60 2.05
E 21 55 0.023604 0.001526 384.73 50.34
E 21 57 0.032063 0.000565 391.15 0.93
E 21 59 0.031978 0.006239 451.46 121.56
E 21 61 0.036641 0.012494 520.88 122.84
E 21 63 0.033871 0.005222 457.90 42.49
E 21 64 0.031384 0.004070 443.00 36.71
E 21 65 0.035030 0.003647 493.29 0.96
E 21 66 0.030884 0.003267 447.70 120.30
E 21 67 0.030686 0.003537 462.26 1.17
E 21 68 0.034571 0.004879 500.22 13.24
E 21 69 0.032063 0.001244 492.41 1.07
E 21 70 0.034604 0.004805 443.31 0.27
E 21 71 0.031318 0.005657 436.49 48.88
E 21 72 0.023763 0.000967 383.26 4.75
E 21 73 0.023224 0.002614 370.79 4.48
E 21 74 0.031556 0.002706 412.51 0.68
E 21 76 0.029180 0.002600 387.94 1.68
E 21 77 0.037440 0.005945 514.79 0.30
E 21 79 0.034378 0.002091 438.86 0.19
E 21 81 0.034572 0.005999 469.30 3.76
E 21 83 0.029180 0.001413 379.54 2.20
E 21 85 0.023538 0.002485 365.75 8.36
E 21 86 0.026061 0.002416 389.44 24.57
E 21 87 0.029179 0.001413 445.47 0.00
E 22 23 0.032001 0.003859 451.09 0.11
E 22 24 0.027553 0.002452 409.09 0.17
E 22 25 0.032571 0.005512 500.55 0.13
E 22 26 0.030812 0.002116 439.52 0.30
E 22 27 0.036471 0.005088 438.14 1.18
E 22 29 0.031406 0.003030 453.97 11.57
E 22 30 0.028125 0.002310 395.02 11.63
E 22 31 0.031041 0.003460 483.29 1.22
E 22 33 0.029451 0.003528 433.86 2.04
E 22 35 0.027556 0.001701 414.13 11.19
E 22 36 0.028116 0.002253 410.75 0.28
E 22 37 0.033334 0.006953 410.35 1.98
E 22 38 0.026929 0.002367 388.16 0.51
E 22 39 0.027556 0.002744 396.33 0.97
E 22 40 0.032224 0.002368 464.07 1.25
E 22 41 0.030670 0.001618 454.09 3.45
E 22 42 0.029857 0.002487 446.36 2.38
E 22 43 0.030614 0.005874 438.75 0.70
E 22 44 0.031260 0.004872 452.32 14.95
E 22 46 0.027622 0.003153 426.14 2.12
E 22 48 0.034434 0.000678 685.96 0.41
E 22 49 0.027622 0.003787 429.11 2.12
E 22 50 0.034435 0.001356 449.86 0.17
E 22 51 0.032273 0.004996 445.56 1.21
E 22 52 0.035507 0.002798 475.24 1.86
E 22 53 0.027827 0.002181 420.98 3.49
E 22 54 0.030381 0.003711 441.06 11.97
E 22 56 0.027656 0.002819 408.52 14.71
E 22 57 0.029856 0.002487 415.67 0.17
E 22 59 0.031882 0.005082 474.41 1.28
E 22 61 0.030506 0.003024 423.74 1.27
E 22 63 0.034090 0.005082 462.48 1.46
E 22 64 0.033870 0.002940 486.28 1.55
E 22 65 0.033758 0.003731 485.30 1.85
E 22 66 0.031832 0.004006 444.81 1.28
E 22 67 0.031701 0.003763 466.77 0.45
E 22 68 0.034182 0.004332 479.86 3.60
E 22 69 0.029856 0.002487 451.30 5.32
E 22 70 0.028942 0.001628 545.62 7.75
E 22 72 0.034436 0.000969 398.80 10.15
E 22 74 0.031740 0.002669 436.36 0.27
E 22 75 0.027280 0.001590 383.37 5.68
E 22 77 0.035871 0.005280 480.46 6.06
E 22 79 0.030538 0.003009 431.41 2.21
E 22 81 0.034738 0.005579 491.51 1.35
E 22 84 0.027486 0.003179 428.42 0.93
E 22 87 0.029856 0.002487 448.00 0.74
E 22 88 0.031430 0.005535 472.12 0.00
E 23 25 0.032834 0.004608 436.43 0.07
E 23 26 0.031977 0.004326 469.42 0.33
E 23 27 0.033919 0.006364 494.50 2.25
E 23 29 0.032613 0.004376 463.09 1.63
E 23 30 0.033513 0.005020 447.73 1.79
E 23 31 0.033730 0.005122 399.10 36.43
E 23 32 0.032514 0.005100 456.23 9.11
E 23 33 0.032000 0.003859 461.71 199.07
E 23 34 0.032845 0.004663 471.67 18.04
E 23 37 0.032272 0.006327 451.39 1.56
E 23 40 0.032842 0.004663 468.80 11.85
E 23 41 0.032563 0.004840 464.72 8.83
E 23 42 0.031384 0.003920 431.40 0.72
E 23 43 0.031987 0.004311 428.14 1.79
E 23 44 0.031890 0.003925 449.90 8.43
E 23 47 0.027313 0.000775 415.41 29.43
E 23 48 0.038168 0.009326 518.07 0.46
E 23 50 0.033589 0.005568 493.09 0.27
E 23 51 0.031999 0.006286 452.56 35.94
E 23 52 0.033125 0.005221 466.78 36.66
E 23 53 0.032001 0.003859 507.92 1.06
E 23 54 0.031462 0.003580 444.67 2.21
E 23 55 0.033237 0.005266 494.73 21.53
E 23 56 0.031340 0.003713 458.87 7.16
E 23 58 0.034548 0.006812 423.16 8.82
E 23 59 0.031999 0.005682 453.53 37.16
E 23 60 0.034148 0.006471 520.02 8.71
E 23 61 0.031999 0.003859 456.66 37.50
E 23 62 0.034147 0.006471 460.73 1.40
E 23 63 0.033826 0.004700 465.17 11.29
E 23 64 0.032281 0.004680 480.83 10.27
E 23 65 0.032194 0.004749 418.86 0.92
E 23 66 0.032000 0.003859 496.07 36.82
E 23 67 0.032000 0.003901 465.72 0.27
E 23 68 0.034074 0.004626 498.44 8.08
E 23 70 0.032197 0.004436 469.70 11.58
E 23 71 0.032783 0.005942 466.88 20.88
E 23 72 0.032846 0.004663 455.68 0.64
E 23 73 0.027313 0.001206 434.42 0.21
E 23 74 0.031617 0.003724 461.58 0.73
E 23 76 0.033756 0.006057 464.94 0.39
E 23 77 0.036727 0.005648 506.16 351.32
E 23 78 0.032061 0.005152 500.90 0.31
E 23 79 0.031718 0.003509 453.75 2.81
E 23 80 0.032584 0.006027 490.09 34.55
E 23 81 0.034425 0.005536 474.84 6.24
E 23 83 0.034011 0.006572 455.21 0.87
E 23 85 0.033280 0.005393 424.42 3.09
E 23 86 0.032024 0.004557 445.41 2.00
E 23 87 0.032688 0.004761 469.28 12.44
E 23 88 0.032267 0.006106 481.04 8.84
E 24 25 0.007233 0.000544 788.00 0.33
E 24 26 0.029435 0.002301 444.86 4.55
E 24 27 0.042917 0.002883 607.58 6.47
E 24 30 0.034606 0.003290 547.76 7.97
E 24 31 0.030664 0.003957 419.30 478.79
E 24 33 0.029656 0.004029 451.29 11.86
E 24 35 0.021657 0.002243 335.14 8.29
E 24 36 0.024113 0.002714 376.14 2.42
E 24 37 0.003025 0.000000 320.00 3.89
E 24 38 0.021818 0.002310 342.03 2.39
E 24 39 0.021865 0.003397 348.55 0.21
E 24 40 0.035791 0.004466 470.32 503.61
E 24 41 0.033055 0.001430 436.79 632.01
E 24 42 0.030591 0.004466 432.69 1.46
E 24 43 0.029876 0.004618 435.96 2.62
E 24 46 0.023610 0.003018 375.36 520.79
E 24 48 0.003345 0.000000 360.00 6.66
E 24 49 0.024155 0.004001 383.48 521.08
E 24 51 0.032067 0.005476 470.57 478.41
E 24 52 0.037262 0.003985 525.80 522.82
E 24 53 0.027157 0.002737 419.85 0.71
E 24 54 0.030279 0.004051 438.88 5.05
E 24 56 0.025636 0.002824 390.72 0.86
E 24 57 0.038338 0.002883 579.75 18.86
E 24 59 0.031968 0.005061 462.69 451.45
E 24 61 0.030536 0.003071 450.32 450.38
E 24 63 0.007234 0.000544 788.00 600.52
E 24 66 0.033257 0.004781 464.92 453.29
E 24 67 0.032241 0.004619 460.95 0.09
E 24 68 0.041171 0.006541 492.53 1.20
E 24 69 0.007234 0.000544 788.00 1.52
E 24 72 0.003345 0.000000 360.00 5.40
E 24 74 0.034261 0.004293 480.61 7.48
E 24 75 0.021038 0.001685 326.37 45.00
E 24 77 0.038336 0.002883 625.81 31.78
E 24 79 0.032759 0.004968 430.15 1.20
E 24 81 0.046646 0.004466 448.77 447.41
E 24 84 0.025024 0.004034 378.22 6.69
E 24 87 0.007234 0.000544 788.00 0.00
E 25 26 0.036249 0.003410 503.08 0.37
E 25 27 0.032424 0.003708 484.27 4.35
E 25 29 0.032762 0.004381 473.86 3.87
E 25 30 0.035992 0.003943 479.09 11.63
E 25 31 0.032571 0.005512 444.09 88.30
E 25 32 0.024092 0.001221 533.40 104.27
E 25 33 0.032875 0.005512 602.64 129.79
E 25 34 0.024072 0.001787 371.91 27.11
E 25 35 0.012180 0.000096 1232.00 17.23
E 25 36 0.032572 0.005512 480.93 15.44
E 25 37 0.032536 0.005563 416.14 0.85
E 25 38 0.024327 0.000288 2460.00 0.97
E 25 40 0.032663 0.002748 446.57 75.53
E 25 41 0.030204 0.002042 428.48 103.28
E 25 42 0.025638 0.002064 390.96 2.64
E 25 43 0.045631 0.000000 551.34 1.55
E 25 44 0.033010 0.005512 458.14 0.70
E 25 47 0.027134 0.003053 388.85 30.76
E 25 48 0.011123 0.000320 1100.00 1.06
E 25 50 0.032571 0.005512 517.55 0.16
E 25 51 0.032627 0.005512 537.16 86.73
E 25 52 0.028539 0.003301 437.34 85.71
E 25 53 0.032572 0.005512 434.28 0.12
E 25 54 0.037962 0.005291 500.40 3.20
E 25 55 0.023732 0.001689 375.27 40.37
E 25 56 0.002897 0.000000 304.00 0.33
E 25 57 0.009955 0.000128 1012.00 0.05
E 25 59 0.033397 0.004839 471.26 95.84
E 25 60 0.005986 0.001152 632.00 104.85
E 25 61 0.045631 0.012494 608.09 96.63
E 25 63 0.034267 0.005290 476.18 86.61
E 25 64 0.031383 0.005031 447.26 88.92
E 25 65 0.036404 0.005031 496.20 1.45
E 25 66 0.031620 0.003584 468.44 95.08
E 25 67 0.033524 0.003784 442.14 0.31
E 25 68 0.034525 0.004592 486.68 0.71
E 25 69 0.021431 0.001152 2156.00 1.33
E 25 70 0.034604 0.005031 518.72 42.96
E 25 71 0.031309 0.005575 425.90 42.70
E 25 72 0.023807 0.001713 365.50 3.29
E 25 73 0.023650 0.002073 362.82 0.06
E 25 74 0.031765 0.002768 458.70 1.11
E 25 76 0.032572 0.005512 563.55 71.49
E 25 77 0.037341 0.006056 521.69 841.97
E 25 79 0.034377 0.005031 498.91 0.42
E 25 81 0.038232 0.008367 530.75 191.86
E 25 83 0.032572 0.005512 464.24 1.31
E 25 85 0.023650 0.002367 364.60 7.40
E 25 86 0.025843 0.002004 385.70 15.37
E 26 27 0.035614 0.002859 494.24 7.28
E 26 29 0.032652 0.004523 456.10 1.09
E 26 30 0.031503 0.002970 460.06 0.58
E 26 31 0.034817 0.002839 464.55 0.00
E 26 32 0.036156 0.005802 512.05 0.00
E 26 33 0.030769 0.003189 429.23 1.30
E 26 34 0.036990 0.002674 458.60 0.00
E 26 35 0.028800 0.002136 427.89 4.47
E 26 36 0.031156 0.002423 484.47 1.42
E 26 37 0.034746 0.007356 471.53 3.20
E 26 38 0.029357 0.002508 421.67 0.33
E 26 39 0.029242 0.002304 408.16 0.82
E 26 40 0.032835 0.002944 453.54 0.00
E 26 41 0.030566 0.002261 447.45 0.00
E 26 42 0.031855 0.002879 455.26 0.30
E 26 43 0.030769 0.004636 448.73 30.50
E 26 44 0.031138 0.004415 449.32 19.89
E 26 46 0.028491 0.002264 426.37 0.00
E 26 47 0.037586 0.003392 465.32 0.00
E 26 49 0.029034 0.003983 417.58 0.00
E 26 50 0.036471 0.005427 448.82 0.36
E 26 51 0.032195 0.005059 464.85 0.00
E 26 52 0.035937 0.004562 469.86 0.00
E 26 53 0.030747 0.002150 446.16 2.76
E 26 54 0.030995 0.003831 453.17 6.44
E 26 55 0.037671 0.002609 474.59 0.00
E 26 56 0.029942 0.002451 455.38 12.67
E 26 57 0.035552 0.002516 530.33 0.90
E 26 59 0.031882 0.004907 465.33 0.00
E 26 61 0.030924 0.002610 467.35 0.00
E 26 63 0.034990 0.005507 488.32 0.00
E 26 64 0.036311 0.003121 491.73 0.00
E 26 65 0.034447 0.004409 501.79 4.42
E 26 66 0.031820 0.003987 446.10 0.00
E 26 67 0.031380 0.003860 449.51 12.45
E 26 68 0.034385 0.003971 492.02 2.43
E 26 69 0.034833 0.003279 415.55 2.09
E 26 70 0.034447 0.005350 452.76 73.44
E 26 71 0.036310 0.004093 528.70 0.00
E 26 72 0.036989 0.002674 461.40 0.51
E 26 73 0.036894 0.002205 476.60 0.36
E 26 74 0.031521 0.002491 477.64 0.88
E 26 75 0.028425 0.002154 414.02 4.45
E 26 77 0.036475 0.005626 489.34 8.84
E 26 79 0.031228 0.002825 461.18 27.03
E 26 81 0.035160 0.005603 489.52 3.20
E 26 84 0.030268 0.002019 445.35 35.35
E 26 85 0.036470 0.003392 403.66 24.51
E 26 86 0.031820 0.002843 435.10 19.22
E 26 87 0.034470 0.002643 434.78 30.87
E 27 29 0.033990 0.005321 471.52 1.42
E 27 30 0.035451 0.004176 483.17 2.54
E 27 31 0.029225 0.002738 466.55 126.65
E 27 32 0.027047 0.004830 403.43 64.05
E 27 33 0.037082 0.004409 562.58 0.07
E 27 34 0.036424 0.004749 503.46 245.17
E 27 36 0.037375 0.003279 509.71 0.21
E 27 37 0.031375 0.006740 456.53 1.88
E 27 38 0.004049 0.000000 448.00 0.00
E 27 40 0.038227 0.006636 504.07 117.13
E 27 41 0.031108 0.003053 433.58 65.44
E 27 43 0.037377 0.003279 650.04 2.78
E 27 44 0.030298 0.005244 451.56 0.55
E 27 48 0.022157 0.003038 365.37 0.06
E 27 50 0.022413 0.002074 360.12 0.53
E 27 51 0.032340 0.002773 493.64 125.72
E 27 52 0.032724 0.003687 435.00 120.46
E 27 53 0.035878 0.002883 470.42 0.39
E 27 54 0.034817 0.004085 500.78 305.18
E 27 55 0.033882 0.003947 484.41 145.40
E 27 57 0.032243 0.003477 429.13 0.59
E 27 58 0.021734 0.002762 339.04 61.53
E 27 60 0.021635 0.002788 342.93 61.08
E 27 62 0.021252 0.002002 323.45 0.09
E 27 63 0.039814 0.008831 512.46 91.73
E 27 64 0.025190 0.003241 399.52 86.18
E 27 65 0.031188 0.006329 440.39 33.70
E 27 68 0.038893 0.006574 489.14 1.75
E 27 69 0.032341 0.003598 511.92 0.32
E 27 70 0.031190 0.005559 461.28 0.14
E 27 71 0.031197 0.004885 458.06 151.53
E 27 72 0.036423 0.004749 519.70 564.44
E 27 74 0.038642 0.006310 523.90 0.19
E 27 76 0.021042 0.001916 349.58 0.18
E 27 77 0.038280 0.008351 463.45 0.24
E 27 78 0.017495 0.001034 278.06 1.74
E 27 79 0.033514 0.003368 485.70 0.80
E 27 80 0.017287 0.001072 275.45 0.67
E 27 81 0.039055 0.007434 481.86 88.22
E 27 82 0.022421 0.004328 357.33 2.00
E 27 83 0.021222 0.002004 325.81 0.00
E 29 30 0.036079 0.006695 458.90 0.08
E 29 31 0.037353 0.004715 453.83 4.63
E 29 32 0.032828 0.005052 457.55 5.59
E 29 33 0.031871 0.003053 454.27 2.62
E 29 34 0.032722 0.004308 469.78 8.02
E 29 37 0.032805 0.005636 452.35 6.33
E 29 40 0.032817 0.004243 467.56 2.00
E 29 41 0.032438 0.003574 479.18 5.26
E 29 42 0.032102 0.005168 463.46 0.22
E 29 43 0.031984 0.003714 463.84 14.04
E 29 44 0.033160 0.004015 476.46 0.38
E 29 47 0.033291 0.009371 505.92 1.69
E 29 48 0.034192 0.003351 452.35 3.02
E 29 50 0.032718 0.004442 479.17 7.85
E 29 51 0.031983 0.006316 488.44 3.90
E 29 52 0.032615 0.003503 453.94 3.11
E 29 53 0.031871 0.003053 465.21 4.75
E 29 54 0.032295 0.004232 440.11 1.76
E 29 55 0.031704 0.004826 465.80 1.55
E 29 58 0.033618 0.004735 459.96 5.18
E 29 59 0.031990 0.006035 484.22 5.90
E 29 60 0.033368 0.004155 484.33 4.81
E 29 61 0.031983 0.002830 459.79 5.68
E 29 62 0.033304 0.005461 481.84 3.02
E 29 63 0.033943 0.005052 469.59 2.10
E 29 64 0.032820 0.004372 452.13 2.40
E 29 65 0.032780 0.004755 492.51 1.58
E 29 66 0.031983 0.002976 429.57 5.68
E 29 67 0.031984 0.002830 465.44 16.07
E 29 68 0.034277 0.004213 482.14 1.18
E 29 70 0.032780 0.004176 457.00 0.30
E 29 71 0.032645 0.005936 465.10 0.70
E 29 72 0.032722 0.004308 449.89 2.62
E 29 73 0.032004 0.006445 438.37 5.33
E 29 74 0.032497 0.003764 494.77 3.04
E 29 76 0.032861 0.004918 452.17 5.41
E 29 77 0.037034 0.006090 506.68 1.32
E 29 78 0.032400 0.005415 469.88 93.21
E 29 79 0.033218 0.004099 474.53 2.80
E 29 80 0.031244 0.003212 451.24 67.99
E 29 81 0.034391 0.005543 482.98 1.60
E 29 85 0.032868 0.005440 454.72 0.00
E 29 86 0.032320 0.004985 481.49 0.00
E 29 87 0.033230 0.003430 443.77 0.00
E 30 31 0.026706 0.003456 401.40 3.36
E 30 32 0.035310 0.006354 582.36 3.57
E 30 33 0.029436 0.003618 447.77 1.34
E 30 34 0.036519 0.003812 495.62 3.67
E 30 35 0.037345 0.002762 444.32 0.10
E 30 36 0.035584 0.003731 476.11 6.71
E 30 37 0.033058 0.007020 489.04 15.05
E 30 38 0.037344 0.002762 436.45 2.04
E 30 39 0.037344 0.002762 496.23 1.86
E 30 40 0.038002 0.005669 490.81 3.19
E 30 41 0.033587 0.003017 485.80 3.56
E 30 42 0.036560 0.003767 467.23 0.12
E 30 43 0.029767 0.004620 445.72 11.95
E 30 44 0.027640 0.004200 425.12 0.14
E 30 46 0.033505 0.003646 482.07 3.65
E 30 47 0.036961 0.002224 506.50 3.37
E 30 48 0.037772 0.002940 529.83 7.03
E 30 49 0.035351 0.003757 513.13 3.64
E 30 50 0.037343 0.005427 518.40 4.30
E 30 51 0.034163 0.004038 509.24 3.34
E 30 52 0.036087 0.004039 530.25 3.30
E 30 53 0.027719 0.001939 430.55 6.25
E 30 54 0.030982 0.003960 460.21 2.54
E 30 55 0.037036 0.004165 528.26 3.23
E 30 56 0.032196 0.004678 451.90 2.73
E 30 57 0.025582 0.001560 377.87 25.56
E 30 59 0.034068 0.003426 459.20 3.42
E 30 61 0.033660 0.004773 462.17 3.44
E 30 63 0.038959 0.008968 510.61 3.28
E 30 64 0.035779 0.004247 518.06 3.36
E 30 65 0.032625 0.004591 456.76 4.16
E 30 66 0.034678 0.004969 470.72 3.41
E 30 67 0.033474 0.004636 482.66 2.44
E 30 68 0.038899 0.005385 486.35 1.19
E 30 69 0.024829 0.001597 384.81 0.88
E 30 70 0.033032 0.005334 461.67 0.13
E 30 71 0.035733 0.004385 491.18 3.33
E 30 72 0.036485 0.003639 503.78 1.90
E 30 73 0.037234 0.002290 529.04 4.47
E 30 74 0.034774 0.004301 498.37 2.91
E 30 77 0.039084 0.007816 541.98 1.05
E 30 79 0.030503 0.002959 425.79 0.74
E 30 81 0.035112 0.005790 476.25 2.48
E 30 85 0.037234 0.002290 495.40 0.00
E 30 87 0.027911 0.002295 424.74 0.00
E 31 33 0.032675 0.004656 479.78 7.46
E 31 35 0.030599 0.001654 385.11 10.35
E 31 36 0.030673 0.001950 444.97 17.37
E 31 37 0.030923 0.006578 426.45 1.39
E 31 38 0.030664 0.001756 446.52 250.41
E 31 39 0.031095 0.002114 461.11 137.93
E 31 42 0.030592 0.001526 435.28 4.61
E 31 43 0.030826 0.004903 471.46 4.11
E 31 44 0.026827 0.003901 444.51 57.34
E 31 48 0.031043 0.002035 466.23 109.51
E 31 50 0.027601 0.003256 398.47 1.92
E 31 53 0.030350 0.002584 415.61 26.27
E 31 54 0.034420 0.005133 477.93 0.33
E 31 56 0.030955 0.005116 462.60 19.84
E 31 57 0.023283 0.003066 337.08 35.80
E 31 65 0.027481 0.004579 407.83 0.81
E 31 67 0.033984 0.004863 457.95 85.43
E 31 68 0.039877 0.006837 516.72 0.85
E 31 69 0.023201 0.003108 363.20 2.62
E 31 70 0.026138 0.002786 388.24 76.09
E 31 72 0.030027 0.000678 496.67 39.07
E 31 74 0.035134 0.004134 474.34 7.58
E 31 77 0.038280 0.008351 478.78 21.36
E 31 79 0.030409 0.002902 441.94 16.91
E 31 81 0.038355 0.008014 468.67 0.06
E 31 82 0.025928 0.007010 405.03 2.51
E 31 84 0.030687 0.008847 458.87 9.68
E 31 87 0.024685 0.002525 395.92 2.24
E 32 37 0.031664 0.006636 429.71 3.71
E 32 44 0.026951 0.004460 434.02 27.67
E 32 48 0.027025 0.004957 396.20 51.24
E 32 50 0.026906 0.004413 385.80 1.81
E 32 54 0.038096 0.005669 564.86 0.72
E 32 57 0.026145 0.004898 367.35 17.88
E 32 62 0.026613 0.004475 389.26 39.75
E 32 65 0.027723 0.004658 419.33 0.51
E 32 68 0.033729 0.004583 441.10 4.32
E 32 69 0.025762 0.003877 388.36 2.72
E 32 70 0.027215 0.004641 415.22 27.88
E 32 71 0.031448 0.006122 440.31 198.25
E 32 76 0.026795 0.004749 409.01 12.51
E 32 77 0.034958 0.004498 486.41 24.80
E 32 78 0.024502 0.003562 353.89 1.99
E 32 79 0.029108 0.004187 433.28 6.39
E 32 81 0.034634 0.005892 447.00 0.19
E 32 82 0.026831 0.005005 395.47 1.46
E 32 83 0.027000 0.004758 414.27 1.96
E 32 87 0.026941 0.004395 413.49 1.03
E 33 35 0.029540 0.003761 435.67 4.97
E 33 36 0.029666 0.003826 418.23 0.87
E 33 37 0.032876 0.003528 796.36 0.59
E 33 38 0.028411 0.002926 414.20 376.83
E 33 39 0.029508 0.003714 443.19 121.61
E 33 40 0.032300 0.003166 482.20 7.90
E 33 41 0.030670 0.002714 440.65 9.43
E 33 42 0.033456 0.004259 461.45 1.98
E 33 43 0.030483 0.005594 429.48 0.58
E 33 44 0.035195 0.006804 468.28 1.67
E 33 46 0.029584 0.003712 436.34 9.01
E 33 48 0.032876 0.003527 460.05 0.23
E 33 49 0.029661 0.003904 439.65 9.01
E 33 50 0.030140 0.000904 382.22 0.51
E 33 51 0.032323 0.005072 446.43 7.44
E 33 52 0.035507 0.003392 482.92 7.63
E 33 53 0.029524 0.003824 438.67 0.55
E 33 54 0.030380 0.003711 444.92 17.27
E 33 56 0.029486 0.003794 442.32 0.33
E 33 57 0.034182 0.004028 476.09 9.11
E 33 59 0.031802 0.004999 448.58 8.11
E 33 61 0.030506 0.003410 431.72 8.10
E 33 63 0.034090 0.005082 451.77 8.58
E 33 64 0.033871 0.003528 613.85 8.75
E 33 65 0.008530 0.000256 892.00 3.32
E 33 66 0.031878 0.004161 444.45 8.12
E 33 67 0.031701 0.003763 458.81 79.08
E 33 68 0.034136 0.004433 475.99 1.66
E 33 69 0.034182 0.004028 423.66 1.59
E 33 70 0.012611 0.001632 1344.00 0.48
E 33 72 0.030140 0.000904 478.28 8.69
E 33 74 0.031740 0.003108 464.84 1.07
E 33 75 0.028963 0.003212 442.93 1.98
E 33 77 0.036631 0.005863 493.21 0.19
E 33 79 0.030538 0.003392 436.25 0.38
E 33 81 0.034682 0.005463 473.64 10.66
E 33 84 0.029550 0.003885 425.88 9.51
E 34 40 0.032215 0.002697 444.87 0.02
E 34 41 0.030856 0.001869 433.45 0.01
E 34 42 0.025604 0.002045 407.84 4.68
E 34 44 0.041728 0.002205 569.50 52.25
E 34 47 0.024372 0.001119 379.31 0.03
E 34 52 0.027879 0.003183 393.70 0.01
E 34 54 0.039242 0.005455 499.94 0.10
E 34 55 0.024215 0.001817 377.19 0.05
E 34 59 0.032463 0.005828 428.12 0.01
E 34 63 0.034129 0.005190 455.74 0.02
E 34 66 0.031545 0.003247 445.61 0.01
E 34 68 0.033827 0.004727 488.56 2.09
E 34 70 0.035452 0.005359 497.88 69.33
E 34 71 0.031063 0.005113 443.37 0.04
E 34 72 0.024046 0.001723 382.16 28.33
E 34 73 0.024020 0.002482 382.74 3.02
E 34 74 0.031765 0.002768 453.41 4.22
E 34 77 0.037377 0.005866 496.99 7.73
E 34 79 0.033984 0.001922 422.65 7.44
E 34 81 0.034663 0.006175 497.51 0.04
E 34 85 0.024177 0.002324 353.01 2.26
E 34 86 0.025843 0.002004 392.66 2.11
E 35 36 0.024090 0.001899 369.90 28.15
E 35 38 0.019969 0.002374 328.07 33.58
E 35 39 0.021633 0.003490 349.87 26.43
E 35 40 0.036132 0.000763 609.69 10.72
E 35 41 0.026150 0.001856 2804.00 0.43
E 35 42 0.028040 0.001696 420.53 0.52
E 35 43 0.030031 0.004843 425.34 6.92
E 35 46 0.023610 0.003018 372.76 9.86
E 35 49 0.024276 0.004148 374.88 9.86
E 35 51 0.031873 0.005503 434.27 10.35
E 35 52 0.038168 0.003596 513.87 10.32
E 35 53 0.027137 0.001884 397.58 11.53
E 35 54 0.030259 0.004012 446.07 4.96
E 35 56 0.025419 0.002463 414.20 1.34
E 35 59 0.031839 0.004977 458.53 9.16
E 35 61 0.030507 0.003057 469.75 9.13
E 35 66 0.033517 0.005050 451.27 9.20
E 35 67 0.032250 0.004366 458.30 5.88
E 35 68 0.041172 0.006542 577.34 30.11
E 35 74 0.034761 0.004844 489.84 1.79
E 35 75 0.019730 0.001077 309.19 97.88
E 35 77 0.012180 0.000096 1232.00 0.26
E 35 79 0.033249 0.003368 511.36 0.26
E 35 81 0.046647 0.000763 443.71 13.37
E 35 84 0.025058 0.004083 381.60 149.97
E 35 88 0.007282 0.000064 736.00 0.00
E 36 37 0.032061 0.000170 556.46 1.08
E 36 38 0.024115 0.002092 377.88 12.26
E 36 39 0.024113 0.002794 375.37 46.84
E 36 40 0.037657 0.003290 550.10 18.54
E 36 41 0.030051 0.001696 423.67 22.38
E 36 42 0.025808 0.001858 401.39 13.53
E 36 43 0.030634 0.005754 426.74 0.52
E 36 44 0.033012 0.004817 571.24 77.54
E 36 46 0.023717 0.002493 367.44 20.95
E 36 48 0.029857 0.000678 580.50 0.04
E 36 49 0.024131 0.004011 368.34 20.96
E 36 50 0.029858 0.000170 445.73 0.13
E 36 51 0.032075 0.004971 473.68 17.38
E 36 52 0.035508 0.002798 485.29 18.03
E 36 53 0.027400 0.001913 426.65 0.04
E 36 54 0.030364 0.003658 449.39 5.22
E 36 56 0.025589 0.002724 395.79 0.13
E 36 57 0.027907 0.000678 485.65 0.04
E 36 59 0.031830 0.004910 443.99 18.70
E 36 61 0.030615 0.003179 420.18 18.68
E 36 63 0.038541 0.007971 551.52 20.66
E 36 64 0.031045 0.000509 473.05 20.67
E 36 65 0.005634 0.000032 588.00 1.43
E 36 66 0.031876 0.003924 439.23 18.74
E 36 67 0.031628 0.003766 438.80 65.35
E 36 68 0.040675 0.006716 544.77 1.11
E 36 69 0.027907 0.001993 427.38 0.45
E 36 72 0.029858 0.000170 513.90 5.23
E 36 74 0.031646 0.002535 440.78 0.06
E 36 75 0.023427 0.002211 377.62 0.11
E 36 77 0.035822 0.005600 494.14 4.79
E 36 79 0.032625 0.003117 442.64 0.10
E 36 81 0.040173 0.007463 497.07 24.26
E 36 84 0.024981 0.004019 375.13 1.47
E 36 86 0.025123 0.001696 400.91 8.04
E 37 38 0.003025 0.000000 320.00 4.84
E 37 40 0.032992 0.006585 462.25 3.83
E 37 41 0.034581 0.007137 502.64 3.68
E 37 43 0.032063 0.000000 395.35 0.04
E 37 44 0.031895 0.007172 443.37 21.81
E 37 48 0.031504 0.006614 455.90 0.78
E 37 50 0.031514 0.006473 461.93 1.96
E 37 51 0.032189 0.005385 480.98 3.97
E 37 52 0.030433 0.006002 429.23 3.85
E 37 53 0.032061 0.000000 370.68 0.62
E 37 54 0.034818 0.006184 472.16 0.91
E 37 55 0.029349 0.002849 409.32 4.30
E 37 57 0.031465 0.007264 455.11 1.33
E 37 58 0.030950 0.006143 447.08 3.75
E 37 60 0.030950 0.006143 466.98 3.76
E 37 62 0.034741 0.008582 476.71 1.97
E 37 63 0.034781 0.006600 471.16 3.45
E 37 64 0.032469 0.007945 460.15 3.35
E 37 65 0.031926 0.007103 467.80 0.86
E 37 68 0.034687 0.005640 445.25 1.61
E 37 69 0.031335 0.007281 431.16 5.18
E 37 70 0.031758 0.007337 442.46 9.51
E 37 71 0.031237 0.006002 463.63 4.51
E 37 72 0.033335 0.006953 461.29 3.00
E 37 74 0.034663 0.004974 581.21 0.62
E 37 76 0.030792 0.006239 470.87 0.59
E 37 77 0.036629 0.005863 471.69 0.31
E 37 78 0.032063 0.001187 404.76 0.48
E 37 79 0.030789 0.006537 459.73 0.43
E 37 81 0.034765 0.006475 451.83 4.89
E 37 82 0.031687 0.006850 449.39 0.39
E 37 83 0.031018 0.006310 478.99 1.00
E 37 87 0.031701 0.007320 455.45 1.92
E 38 39 0.021793 0.003763 341.79 0.03
E 38 40 0.035791 0.000339 451.36 264.22
E 38 42 0.028039 0.001696 407.58 0.85
E 38 43 0.030114 0.005258 487.37 4.39
E 38 46 0.023611 0.003018 372.76 276.41
E 38 48 0.002129 0.000000 208.00 507.66
E 38 49 0.024214 0.004134 386.76 276.59
E 38 51 0.031326 0.004908 432.05 250.32
E 38 52 0.037262 0.003393 625.53 261.10
E 38 53 0.027027 0.002255 393.19 19.69
E 38 54 0.029880 0.003008 430.10 4.45
E 38 56 0.025420 0.002463 399.23 2.15
E 38 57 0.007538 0.000064 768.00 8.17
E 38 59 0.031135 0.004485 464.10 240.66
E 38 61 0.030549 0.003464 446.51 240.03
E 38 66 0.032158 0.004569 452.01 241.62
E 38 67 0.033982 0.005653 458.22 0.08
E 38 68 0.041171 0.006541 501.40 2.83
E 38 69 0.002545 0.000000 260.00 4.25
E 38 74 0.035646 0.005694 540.22 168.41
E 38 75 0.018517 0.002531 309.42 1.57
E 38 77 0.034098 0.000340 505.25 57.11
E 38 79 0.033644 0.003052 431.23 3.40
E 38 81 0.046646 0.000339 528.64 129.39
E 38 84 0.025115 0.004238 384.96 3.92
E 38 87 0.002545 0.000000 260.00 23.65
E 39 40 0.006753 0.000064 728.00 144.28
E 39 41 0.030116 0.002401 422.72 179.40
E 39 42 0.018517 0.001120 1908.00 0.67
E 39 43 0.029916 0.004700 423.05 3.66
E 39 46 0.023610 0.003018 378.06 143.04
E 39 49 0.024276 0.004148 392.62 143.13
E 39 51 0.032127 0.005884 436.58 137.85
E 39 52 0.037262 0.003393 466.56 142.59
E 39 53 0.027136 0.002696 426.48 413.32
E 39 54 0.029889 0.003848 467.71 2.90
E 39 56 0.025425 0.002949 414.79 5.98
E 39 59 0.031846 0.005060 465.74 124.58
E 39 61 0.030424 0.002966 447.58 124.03
E 39 66 0.031920 0.004161 453.29 125.42
E 39 67 0.032250 0.004366 450.63 0.18
E 39 68 0.027189 0.004320 2992.00 3.61
E 39 74 0.031713 0.004042 434.09 13.71
E 39 75 0.021805 0.003664 322.16 2.21
E 39 77 0.003185 0.000000 340.00 260.72
E 39 79 0.033249 0.003368 474.46 12.96
E 39 81 0.008801 0.000064 984.00 40.71
E 39 84 0.025058 0.004083 355.57 1.42
E 40 42 0.031355 0.001861 470.58 4.51
E 40 43 0.032199 0.004625 453.89 1.55
E 40 44 0.033255 0.004271 453.86 51.39
E 40 48 0.038205 0.006369 560.88 108.81
E 40 50 0.038482 0.006954 485.56 1.88
E 40 53 0.031881 0.001917 453.01 11.82
E 40 54 0.033047 0.003640 475.07 0.58
E 40 56 0.030320 0.001546 424.01 5.13
E 40 57 0.038844 0.004485 559.98 36.70
E 40 65 0.032993 0.004552 465.15 0.76
E 40 67 0.031865 0.004244 461.26 20.50
E 40 68 0.034646 0.004070 478.46 0.88
E 40 69 0.038846 0.004485 509.71 2.65
E 40 70 0.032993 0.003225 477.29 67.70
E 40 71 0.032497 0.004704 458.92 179.36
E 40 72 0.032215 0.002697 445.62 34.18
E 40 74 0.032561 0.002650 494.87 6.93
E 40 76 0.045292 0.003392 422.51 16.04
E 40 77 0.036585 0.005766 485.05 18.62
E 40 79 0.033058 0.002764 463.23 18.66
E 40 81 0.035092 0.005486 486.29 0.15
E 40 82 0.038537 0.007894 479.44 1.02
E 40 83 0.040000 0.007259 477.08 2.45
E 40 84 0.002993 0.000000 316.00 1.41
E 40 86 0.031355 0.001861 440.55 1.18
E 40 87 0.032865 0.003016 472.89 2.20
E 41 44 0.030151 0.004325 429.03 28.07
E 41 48 0.027853 0.002863 412.94 52.20
E 41 50 0.027487 0.004894 397.84 1.80
E 41 53 0.030232 0.001676 434.38 6.64
E 41 54 0.030340 0.003673 456.37 0.71
E 41 57 0.027837 0.001215 392.99 18.11
E 41 62 0.025473 0.000827 410.81 40.17
E 41 65 0.031969 0.005870 441.95 0.52
E 41 68 0.034220 0.004469 479.39 3.67
E 41 69 0.025250 0.001565 392.96 2.67
E 41 70 0.031410 0.005118 486.62 28.28
E 41 71 0.031234 0.004689 447.40 197.33
E 41 72 0.030856 0.001869 458.15 41.92
E 41 74 0.030858 0.001788 457.32 9.29
E 41 76 0.025527 0.004194 384.69 12.52
E 41 77 0.036595 0.005346 490.16 24.59
E 41 78 0.023994 0.003562 342.36 1.99
E 41 79 0.031249 0.003376 458.22 6.68
E 41 81 0.034865 0.006282 495.01 0.19
E 41 82 0.027665 0.002061 406.83 1.45
E 41 83 0.026326 0.001484 383.97 1.96
E 41 85 0.030152 0.001580 428.77 0.33
E 41 87 0.029355 0.002324 455.77 1.06
E 42 43 0.030535 0.003817 535.86 3.09
E 42 46 0.025921 0.002235 393.59 5.58
E 42 47 0.025345 0.001152 383.81 5.49
E 42 49 0.025822 0.003505 400.91 5.55
E 42 51 0.032481 0.006864 472.26 4.57
E 42 52 0.028380 0.003522 416.64 4.58
E 42 53 0.028628 0.001823 416.53 5.03
E 42 54 0.039241 0.005455 484.31 1.64
E 42 55 0.025543 0.001973 373.46 4.83
E 42 56 0.028040 0.001696 461.75 20.72
E 42 59 0.031925 0.005000 458.25 4.49
E 42 61 0.030058 0.002874 445.22 4.48
E 42 63 0.033811 0.005284 474.39 4.89
E 42 66 0.032132 0.004458 462.79 4.50
E 42 67 0.031474 0.004011 436.68 0.84
E 42 68 0.034074 0.004402 476.87 3.73
E 42 71 0.031132 0.004693 434.79 3.41
E 42 72 0.025605 0.002045 390.65 0.25
E 42 73 0.025650 0.002577 378.25 9.36
E 42 74 0.031771 0.002536 456.94 5.18
E 42 77 0.037241 0.005856 515.79 2.37
E 42 79 0.034434 0.002204 521.82 6.77
E 42 81 0.034776 0.006302 453.54 3.47
E 42 84 0.028864 0.007317 499.29 14.49
E 42 85 0.025591 0.002017 375.75 3.33
E 42 86 0.026133 0.002358 394.76 5.13
E 43 44 0.029783 0.004787 448.79 185.73
E 43 46 0.030178 0.004968 444.88 4.35
E 43 48 0.029010 0.000848 676.84 1.03
E 43 49 0.029885 0.004771 432.50 4.35
E 43 51 0.032354 0.005603 444.88 4.11
E 43 52 0.035508 0.006134 529.27 4.30
E 43 53 0.030619 0.005569 450.13 0.45
E 43 54 0.030380 0.004805 452.95 21.13
E 43 56 0.030145 0.005000 431.66 0.46
E 43 57 0.029009 0.000226 500.80 1.15
E 43 59 0.031757 0.005083 455.12 3.84
E 43 61 0.030506 0.005177 452.15 3.83
E 43 63 0.033998 0.005271 492.50 4.85
E 43 66 0.031886 0.004689 474.12 3.87
E 43 67 0.031432 0.004568 444.63 2.26
E 43 68 0.034136 0.004433 462.79 3.48
E 43 69 0.029009 0.002120 396.53 14.07
E 43 72 0.005474 0.000000 568.00 268.31
E 43 74 0.031735 0.004535 462.16 0.46
E 43 75 0.029541 0.004697 453.25 0.63
E 43 77 0.036478 0.005784 466.13 0.42
E 43 79 0.030445 0.004837 464.15 0.53
E 43 81 0.034673 0.005326 491.89 1.50
E 43 84 0.029975 0.004636 454.40 256.32
E 43 87 0.029009 0.000000 612.82 6.75
E 44 48 0.030194 0.003824 420.67 2.77
E 44 50 0.026784 0.003607 401.65 7.37
E 44 51 0.033358 0.005460 472.26 56.72
E 44 52 0.034141 0.004108 492.64 55.39
E 44 53 0.030774 0.003935 455.33 98.90
E 44 54 0.030720 0.004167 453.90 6.59
E 44 55 0.034182 0.005681 499.58 54.00
E 44 57 0.027136 0.004011 426.00 3.70
E 44 58 0.029818 0.003863 476.61 27.81
E 44 59 0.029485 0.002318 526.83 64.46
E 44 60 0.030065 0.008162 451.48 28.04
E 44 61 0.032892 0.004447 499.17 64.78
E 44 62 0.031298 0.003392 342.64 4.27
E 44 63 0.035042 0.005469 481.97 45.10
E 44 64 0.026783 0.003607 416.24 32.36
E 44 65 0.028119 0.004777 407.02 4.26
E 44 68 0.034965 0.004622 486.19 4.68
E 44 69 0.026936 0.004101 392.23 2.83
E 44 70 0.027543 0.004108 421.83 0.03
E 44 71 0.033011 0.004816 540.04 52.47
E 44 72 0.033011 0.004816 486.32 0.35
E 44 74 0.034435 0.004409 595.05 9.66
E 44 76 0.033134 0.007220 462.63 32.98
E 44 77 0.036630 0.005863 517.61 1.31
E 44 78 0.039071 0.004862 454.40 125.11
E 44 79 0.030266 0.004342 441.05 1.46
E 44 80 0.007874 0.000416 868.00 8.15
E 44 81 0.034960 0.005724 481.01 33.78
E 44 82 0.026784 0.004574 395.28 0.00
E 44 85 0.041729 0.002205 476.48 0.00
E 46 53 0.026859 0.002946 414.40 7.97
E 46 54 0.028958 0.003364 408.33 0.73
E 46 56 0.025489 0.003023 393.21 7.56
E 46 67 0.031736 0.003782 436.15 56.91
E 46 68 0.043257 0.007123 694.33 4.68
E 46 74 0.031612 0.002610 460.83 9.30
E 46 75 0.023803 0.003272 361.21 9.59
E 46 77 0.035742 0.004236 472.53 26.09
E 46 79 0.033250 0.003368 466.70 33.56
E 46 84 0.025493 0.004832 368.89 3.65
E 46 86 0.025173 0.002219 393.46 5.37
E 47 54 0.042070 0.006614 774.57 0.32
E 47 67 0.033519 0.006444 483.77 19.75
E 47 68 0.033758 0.000775 460.65 20.11
E 47 71 0.031302 0.005327 470.40 39.94
E 47 72 0.024259 0.000975 372.42 15.01
E 47 73 0.018540 0.002253 296.14 3.80
E 47 74 0.035848 0.005003 532.18 4.96
E 47 77 0.038725 0.006205 509.83 8.78
E 47 79 0.034098 0.000678 496.15 34.20
E 47 85 0.020533 0.001860 337.98 2.49
E 47 86 0.026572 0.002912 482.31 3.26
E 48 50 0.020776 0.002540 327.36 0.22
E 48 51 0.032627 0.002826 453.34 109.58
E 48 52 0.037262 0.003393 550.63 106.32
E 48 53 0.030365 0.000678 315.60 0.09
E 48 54 0.037530 0.002883 487.43 9.80
E 48 57 0.024553 0.002802 433.85 0.27
E 48 58 0.020533 0.003242 329.81 47.55
E 48 60 0.020533 0.003015 334.14 46.53
E 48 62 0.020302 0.002694 306.09 0.08
E 48 63 0.036929 0.004809 480.48 99.55
E 48 64 0.024865 0.003067 381.25 61.96
E 48 65 0.028291 0.005314 435.45 1.40
E 48 68 0.041123 0.005524 485.39 2.42
E 48 69 0.022706 0.002610 366.12 0.16
E 48 70 0.027054 0.002967 418.65 1.14
E 48 71 0.031025 0.004603 463.83 144.30
E 48 74 0.034435 0.000678 577.76 0.04
E 48 76 0.020245 0.002714 315.11 0.02
E 48 77 0.033759 0.000678 391.66 0.36
E 48 78 0.019763 0.003095 326.20 5.24
E 48 79 0.033554 0.001066 555.78 0.39
E 48 80 0.019470 0.002890 303.24 0.31
E 48 81 0.040597 0.005992 608.38 326.35
E 48 82 0.022421 0.004812 359.49 0.54
E 48 83 0.019904 0.002813 320.60 5.26
E 49 53 0.026803 0.003904 398.86 7.96
E 49 54 0.029102 0.003387 439.16 0.73
E 49 56 0.025427 0.003926 387.17 7.54
E 49 67 0.031923 0.004042 457.71 55.92
E 49 68 0.042918 0.006530 557.49 4.63
E 49 74 0.031612 0.003162 450.71 9.28
E 49 75 0.024344 0.004236 398.58 9.56
E 49 77 0.035889 0.004449 475.73 25.95
E 49 79 0.033646 0.003873 472.36 33.45
E 49 84 0.025449 0.004727 379.74 3.62
E 49 86 0.025491 0.003792 388.53 5.32
E 50 51 0.032627 0.003901 451.39 1.92
E 50 52 0.038167 0.005039 516.58 1.89
E 50 53 0.030365 0.000000 561.44 0.14
E 50 54 0.038675 0.005427 580.01 26.05
E 50 55 0.029010 0.000000 445.77 2.00
E 50 57 0.027047 0.006011 433.87 0.08
E 50 58 0.021021 0.002937 335.87 1.82
E 50 60 0.021021 0.003134 348.55 1.82
E 50 62 0.020907 0.001809 336.12 0.27
E 50 63 0.037052 0.006185 489.46 1.21
E 50 64 0.024573 0.002996 381.83 1.78
E 50 65 0.027811 0.004648 385.46 2.71
E 50 68 0.040542 0.005766 502.45 0.87
E 50 69 0.029840 0.007801 454.04 1.60
E 50 70 0.027116 0.003232 422.74 3.27
E 50 71 0.005218 0.000256 536.00 1.99
E 50 72 0.027652 0.001356 420.41 15.17
E 50 74 0.034435 0.000000 784.37 0.18
E 50 76 0.020805 0.001828 320.02 0.10
E 50 77 0.035539 0.003901 466.92 36.53
E 50 78 0.027653 0.001357 415.95 0.36
E 50 79 0.033554 0.003901 528.59 1.39
E 50 81 0.034798 0.005877 499.06 0.80
E 50 82 0.022311 0.004797 350.46 0.32
E 50 83 0.020762 0.001925 329.26 1.87
E 50 87 0.024006 0.001859 343.90 1.91
E 51 53 0.032334 0.005062 469.47 26.22
E 51 54 0.032276 0.004989 440.14 0.34
E 51 56 0.031772 0.005135 472.45 19.84
E 51 57 0.031596 0.001928 458.48 35.95
E 51 65 0.031568 0.005026 503.40 0.80
E 51 67 0.031972 0.005916 488.50 85.22
E 51 68 0.034910 0.005245 455.89 0.84
E 51 69 0.032585 0.002621 464.81 2.63
E 51 70 0.031466 0.006784 489.15 75.19
E 51 72 0.032402 0.003053 418.62 38.46
E 51 74 0.032433 0.005573 449.70 7.48
E 51 75 0.032402 0.007161 456.59 50.76
E 51 77 0.036629 0.005863 476.15 21.00
E 51 79 0.032446 0.005285 459.74 17.40
E 51 81 0.035010 0.005828 507.09 0.06
E 51 84 0.031774 0.005177 469.24 9.68
E 51 86 0.032486 0.006678 471.68 0.81
E 51 87 0.032331 0.003290 474.63 2.24
E 52 53 0.035508 0.002798 467.34 13.36
E 52 54 0.034743 0.003915 495.49 0.61
E 52 56 0.037546 0.004184 446.39 5.63
E 52 57 0.036130 0.003019 521.57 36.37
E 52 63 0.034610 0.005620 472.73 0.00
E 52 65 0.034415 0.005282 488.65 0.78
E 52 67 0.030696 0.003604 479.21 88.46
E 52 68 0.034901 0.004591 489.74 0.81
E 52 69 0.036857 0.003925 413.01 2.56
E 52 70 0.034415 0.006915 476.70 73.10
E 52 71 0.031051 0.004826 439.61 531.23
E 52 72 0.028369 0.003291 426.29 37.43
E 52 74 0.031850 0.003698 444.06 7.47
E 52 77 0.037018 0.005894 500.64 20.91
E 52 79 0.034756 0.004163 478.73 18.14
E 52 81 0.035156 0.006228 468.39 0.17
E 52 83 0.017221 0.001216 1804.00 2.57
E 52 84 0.037547 0.006202 596.33 1.56
E 52 85 0.027759 0.003242 390.17 0.27
E 52 86 0.027794 0.003409 402.62 0.87
E 52 87 0.034053 0.002925 452.53 2.19
E 53 54 0.030381 0.003711 423.76 2.92
E 53 56 0.027068 0.002847 392.47 0.11
E 53 57 0.029122 0.000791 438.29 0.05
E 53 59 0.031850 0.005017 461.56 28.46
E 53 61 0.030506 0.003024 441.70 28.44
E 53 63 0.033770 0.004678 461.40 31.44
E 53 64 0.030706 0.000000 715.98 31.59
E 53 65 0.002865 0.000000 300.00 0.61
E 53 66 0.031878 0.004161 432.36 28.50
E 53 67 0.031800 0.003756 437.85 7.77
E 53 68 0.033750 0.003772 470.47 4.14
E 53 69 0.029122 0.001993 466.78 1.80
E 53 72 0.030366 0.000000 638.32 607.45
E 53 74 0.031740 0.002669 481.04 0.06
E 53 75 0.026810 0.001696 395.15 0.11
E 53 77 0.036180 0.004888 482.07 0.52
E 53 79 0.030441 0.002880 443.64 0.12
E 53 81 0.034739 0.005579 503.94 8.81
E 53 84 0.027031 0.003737 419.63 0.40
E 53 87 0.029122 0.000791 600.99 1.60
E 54 55 0.038095 0.005669 502.53 0.70
E 54 56 0.030363 0.003850 439.62 0.89
E 54 57 0.035662 0.003957 496.42 6.49
E 54 58 0.037733 0.003295 472.01 0.72
E 54 59 0.031951 0.004947 448.19 0.66
E 54 60 0.038112 0.012211 498.87 0.72
E 54 61 0.030538 0.003859 450.49 0.67
E 54 63 0.034735 0.005739 470.79 0.64
E 54 64 0.037962 0.005291 550.29 0.66
E 54 65 0.034818 0.004930 473.02 0.22
E 54 66 0.031993 0.004380 452.64 0.66
E 54 67 0.031546 0.003969 429.09 20.74
E 54 68 0.034911 0.004705 482.61 0.81
E 54 69 0.035663 0.003957 500.69 1.54
E 54 70 0.034618 0.006716 474.20 13.21
E 54 71 0.038095 0.005669 548.67 0.17
E 54 72 0.039001 0.005036 527.13 1.71
E 54 74 0.031699 0.003621 465.28 5.92
E 54 75 0.028576 0.003304 415.45 0.03
E 54 77 0.036630 0.005863 487.71 2.63
E 54 79 0.030687 0.003624 454.90 1.54
E 54 81 0.034913 0.005587 480.96 0.25
E 54 84 0.029915 0.003817 428.67 27.64
E 54 86 0.038095 0.005669 488.25 13.99
E 54 87 0.034556 0.003758 486.58 4.59
E 55 65 0.036134 0.001102 834.27 0.88
E 55 68 0.038094 0.005621 468.27 5.97
E 55 70 0.034604 0.004805 417.52 61.98
E 55 71 0.031188 0.005437 435.91 67.00
E 55 72 0.023701 0.001540 361.82 20.55
E 55 73 0.019809 0.002274 327.43 3.53
E 55 74 0.036369 0.005868 550.86 4.98
E 55 76 0.025822 0.008819 414.81 6.96
E 55 77 0.037072 0.005742 507.27 10.80
E 55 78 0.026240 0.003279 403.30 2.07
E 55 79 0.033984 0.000791 485.24 9.89
E 55 81 0.041220 0.008577 544.22 0.03
E 55 83 0.001809 0.000000 168.00 2.36
E 55 85 0.020938 0.002221 346.91 2.26
E 55 86 0.026130 0.002657 379.97 2.01
E 56 59 0.031987 0.005278 463.56 17.35
E 56 61 0.030342 0.002850 457.57 17.32
E 56 63 0.033080 0.004548 446.38 22.97
E 56 66 0.031918 0.004161 460.05 17.41
E 56 67 0.032060 0.004392 460.93 1.29
E 56 68 0.041956 0.006445 456.96 12.63
E 56 74 0.031671 0.002793 449.92 0.15
E 56 75 0.025457 0.002403 401.54 0.68
E 56 77 0.002897 0.000000 304.00 0.09
E 56 79 0.030444 0.003053 458.52 0.04
E 56 81 0.033672 0.005020 447.02 7.67
E 56 84 0.025647 0.004386 393.69 0.07
E 57 58 0.024550 0.003731 398.75 16.88
E 57 60 0.028690 0.008162 444.59 16.59
E 57 62 0.026227 0.001018 379.23 0.03
E 57 63 0.037925 0.006445 496.31 35.30
E 57 64 0.032652 0.007632 445.48 20.70
E 57 65 0.028134 0.004749 424.70 2.00
E 57 68 0.041927 0.006969 513.72 0.81
E 57 69 0.018511 0.001015 301.91 0.49
E 57 70 0.026784 0.002725 379.32 56.67
E 57 74 0.034436 0.000339 413.44 0.09
E 57 76 0.012372 0.000256 1256.00 0.02
E 57 77 0.034098 0.000339 509.46 0.68
E 57 79 0.030379 0.002792 434.88 0.32
E 57 81 0.040395 0.008141 521.34 57.91
E 57 82 0.023614 0.001357 358.06 0.70
E 58 62 0.020117 0.003290 308.15 36.33
E 58 65 0.032641 0.004676 429.32 0.50
E 58 68 0.033250 0.004894 675.29 6.46
E 58 69 0.025239 0.003731 417.94 2.92
E 58 70 0.032209 0.006339 439.59 28.68
E 58 71 0.031257 0.004571 472.67 197.23
E 58 76 0.019989 0.003338 327.20 12.13
E 58 78 0.019607 0.003320 308.72 1.96
E 58 80 0.019289 0.003451 309.37 13.83
E 58 81 0.040458 0.008989 539.29 0.20
E 58 82 0.022193 0.004165 363.12 1.41
E 58 83 0.020147 0.003053 310.03 1.12
E 58 87 0.026605 0.004697 381.30 0.96
E 59 67 0.032537 0.005028 461.01 69.20
E 59 68 0.034134 0.005081 464.55 1.21
E 59 71 0.032148 0.005862 447.26 11.37
E 59 72 0.032550 0.006010 476.35 40.73
E 59 74 0.032635 0.005033 497.38 8.09
E 59 75 0.030367 0.002066 412.61 45.68
E 59 77 0.036628 0.005862 495.22 22.49
E 59 79 0.031934 0.005371 474.42 27.50
E 59 81 0.034729 0.005442 496.38 0.04
E 59 84 0.031987 0.005278 444.05 8.46
E 59 86 0.031956 0.005217 442.37 5.06
E 60 62 0.019592 0.002755 299.94 36.12
E 60 65 0.032641 0.006044 429.82 0.50
E 60 68 0.020711 0.003840 2124.00 6.97
E 60 69 0.029941 0.010685 418.38 2.98
E 60 70 0.032569 0.007293 450.62 29.20
E 60 71 0.031210 0.004666 455.06 196.37
E 60 76 0.019502 0.002655 339.87 11.98
E 60 78 0.019461 0.002617 304.23 1.95
E 60 80 0.017806 0.001597 282.52 13.68
E 60 81 0.042012 0.009611 544.67 0.20
E 60 82 0.022193 0.004165 361.48 1.39
E 60 83 0.019822 0.002863 328.28 1.15
E 60 87 0.028689 0.008162 438.29 0.94
E 61 67 0.031616 0.003576 457.87 69.40
E 61 68 0.034135 0.004433 505.74 1.22
E 61 72 0.006562 0.001472 704.00 41.11
E 61 74 0.031642 0.002614 469.82 8.13
E 61 75 0.029709 0.001842 435.20 45.66
E 61 77 0.036629 0.005862 483.38 22.69
E 61 79 0.030530 0.003178 470.98 27.73
E 61 81 0.034729 0.005442 476.19 0.04
E 61 84 0.030326 0.003672 455.38 8.45
E 61 86 0.028932 0.001639 408.19 5.12
E 62 63 0.037658 0.006148 485.72 50.55
E 62 64 0.024360 0.002436 396.92 47.79
E 62 65 0.035415 0.006445 459.09 5.16
E 62 69 0.025240 0.001357 370.13 0.23
E 62 70 0.035696 0.005815 507.33 0.92
E 62 71 0.031264 0.004558 462.62 24.28
E 62 76 0.018453 0.001862 319.42 0.06
E 62 78 0.017091 0.001357 285.13 0.94
E 62 80 0.017061 0.000757 274.40 1.50
E 62 81 0.035116 0.000000 526.16 70.44
E 62 82 0.022149 0.004227 334.80 1.24
E 62 83 0.019034 0.001836 292.47 23.45
E 63 65 0.034966 0.005597 493.65 0.64
E 63 67 0.033645 0.004716 470.00 1.43
E 63 68 0.034812 0.005558 478.89 1.22
E 63 69 0.036639 0.004296 491.71 2.39
E 63 70 0.034969 0.005678 464.29 61.17
E 63 71 0.034335 0.005484 474.90 441.07
E 63 72 0.034189 0.005212 453.66 35.23
E 63 74 0.034017 0.004632 493.06 5.46
E 63 76 0.036907 0.007915 480.85 14.12
E 63 77 0.036517 0.005717 485.22 20.88
E 63 78 0.036473 0.001187 351.74 2.07
E 63 79 0.034678 0.005381 470.68 12.95
E 63 81 0.034928 0.005560 498.32 0.16
E 63 82 0.037208 0.005248 552.20 1.20
E 63 83 0.037285 0.005427 463.49 2.05
E 63 86 0.033811 0.005284 464.24 0.70
E 63 87 0.034899 0.005490 494.51 1.97
E 64 65 0.027879 0.004523 424.19 0.62
E 64 68 0.041340 0.006978 485.72 1.35
E 64 69 0.034170 0.009422 588.26 2.34
E 64 70 0.027359 0.003726 394.03 31.88
E 64 71 0.030953 0.003608 539.81 185.76
E 64 72 0.033645 0.005880 619.40 37.32
E 64 74 0.035115 0.004410 465.15 8.29
E 64 76 0.024167 0.002396 376.07 13.60
E 64 77 0.037760 0.006648 567.82 21.52
E 64 78 0.030706 0.001187 451.47 2.05
E 64 79 0.033418 0.003430 447.06 11.49
E 64 81 0.034930 0.005844 486.43 0.17
E 64 82 0.024457 0.004374 371.06 1.26
E 64 83 0.024118 0.002317 374.88 2.09
E 64 87 0.025260 0.003334 388.40 1.33
E 65 68 0.034254 0.004618 470.07 1.16
E 65 69 0.028007 0.004544 417.47 1.55
E 65 70 0.028579 0.005662 448.01 33.95
E 65 71 0.031238 0.004810 430.46 0.62
E 65 72 0.035031 0.003647 441.01 8.39
E 65 74 0.034436 0.000001 422.65 1.39
E 65 76 0.034402 0.006210 449.57 1.07
E 65 77 0.036629 0.005863 517.96 1.43
E 65 78 0.037405 0.004410 570.97 0.21
E 65 79 0.030267 0.004167 432.22 0.80
E 65 81 0.034710 0.005446 496.39 0.30
E 65 82 0.027726 0.004658 407.93 0.10
E 65 83 0.028107 0.005088 423.24 17.31
E 65 87 0.027976 0.004777 394.87 0.00
E 65 88 0.032167 0.005852 467.10 0.00
E 66 67 0.031893 0.004080 448.41 69.07
E 66 68 0.034218 0.004672 476.92 1.21
E 66 71 0.031546 0.005044 470.37 196.59
E 66 72 0.031545 0.003247 446.99 40.35
E 66 74 0.031859 0.004198 468.04 8.05
E 66 75 0.016116 0.001600 1724.00 5.91
E 66 77 0.036825 0.005896 491.81 22.29
E 66 79 0.031669 0.003853 430.72 27.29
E 66 81 0.034820 0.005674 447.70 0.18
E 66 84 0.031893 0.004297 463.03 2.93
E 66 85 0.031272 0.003148 416.33 0.46
E 66 86 0.032133 0.004458 451.11 5.00
E 67 68 0.032903 0.004263 456.99 2.41
E 67 71 0.031352 0.005044 492.09 28.56
E 67 72 0.030630 0.003458 428.32 1.86
E 67 73 0.027314 0.001696 386.33 3.86
E 67 74 0.031639 0.003789 443.09 118.61
E 67 75 0.033796 0.005578 540.69 0.78
E 67 77 0.036636 0.005850 480.11 57.78
E 67 79 0.031427 0.004274 462.61 5.24
E 67 81 0.033816 0.005427 461.58 12.04
E 67 84 0.032060 0.004392 451.20 1.29
E 67 86 0.031475 0.004011 448.58 2.14
E 67 88 0.030168 0.004617 436.58 0.00
E 68 69 0.042507 0.007632 533.40 0.20
E 68 70 0.034553 0.004351 448.82 3.00
E 68 71 0.034600 0.004666 471.24 1.17
E 68 72 0.034540 0.004975 496.48 7.78
E 68 74 0.034252 0.004568 468.19 1.21
E 68 77 0.036839 0.005858 522.06 37.26
E 68 79 0.034793 0.004437 486.39 6.92
E 68 81 0.035104 0.005830 486.49 0.99
E 68 84 0.041173 0.006542 624.80 4.48
E 68 86 0.033255 0.003986 500.28 18.64
E 68 87 0.034965 0.004622 466.82 0.00
E 69 70 0.026798 0.002691 411.16 2.05
E 69 72 0.002833 0.000000 296.00 5.73
E 69 74 0.034436 0.001526 427.46 0.44
E 69 76 0.028558 0.001243 492.04 0.38
E 69 77 0.034098 0.001357 443.74 1.62
E 69 79 0.030405 0.002739 462.46 2.85
E 69 81 0.042533 0.009837 515.32 2.02
E 69 82 0.025250 0.001565 388.12 22.15
E 70 71 0.031143 0.004704 459.99 64.41
E 70 72 0.035451 0.005359 572.29 0.42
E 70 74 0.040288 0.005359 582.89 2.13
E 70 76 0.035695 0.007225 475.41 2.52
E 70 77 0.036629 0.005862 512.43 0.32
E 70 78 0.037233 0.004494 637.66 14.74
E 70 79 0.030267 0.002781 447.62 0.92
E 70 80 0.014051 0.001696 1524.00 1.19
E 70 81 0.034710 0.005446 449.04 43.11
E 70 82 0.027281 0.004574 388.36 11.29
E 71 72 0.031300 0.005495 500.04 22.87
E 71 73 0.030944 0.004887 450.83 3.55
E 71 74 0.031765 0.004690 462.37 5.05
E 71 76 0.030978 0.004363 429.52 6.89
E 71 77 0.037091 0.005622 482.31 11.39
E 71 78 0.031258 0.004717 446.66 2.02
E 71 79 0.033249 0.001272 635.97 10.63
E 71 81 0.034945 0.006340 482.80 0.02
E 71 83 0.030978 0.004363 428.84 2.33
E 71 85 0.031099 0.005188 451.59 2.30
E 71 86 0.031153 0.004892 448.44 1.99
E 72 73 0.023687 0.002482 358.18 21.47
E 72 74 0.031765 0.002768 457.76 530.03
E 72 76 0.025467 0.002917 364.98 15.06
E 72 77 0.037377 0.005866 528.55 9.96
E 72 79 0.033553 0.001131 475.54 0.98
E 72 81 0.034674 0.006318 457.95 14.07
E 72 83 0.027654 0.000000 365.32 68.20
E 72 85 0.023738 0.002367 383.53 147.22
E 72 86 0.025847 0.002035 406.84 41.47
E 72 88 0.034324 0.002940 638.31 0.00
E 73 74 0.034437 0.001206 382.48 1.06
E 73 77 0.037488 0.001599 470.28 39.42
E 73 79 0.034098 0.001308 366.60 0.72
E 73 85 0.020681 0.002321 321.03 2.30
E 73 86 0.026129 0.002486 395.66 3.60
E 74 77 0.037243 0.006111 497.55 9.62
E 74 79 0.031777 0.002911 463.07 0.19
E 74 81 0.034817 0.005789 472.80 7.10
E 74 84 0.031648 0.003327 450.45 1.58
E 74 85 0.031711 0.002871 452.72 5.03
E 74 86 0.031772 0.002554 451.48 4.75
E 74 87 0.034435 0.000001 591.20 2.16
E 75 84 0.025038 0.004053 359.28 0.24
E 76 77 0.034098 0.001526 584.38 5.34
E 76 78 0.018483 0.001890 291.18 0.16
E 76 80 0.018472 0.001875 278.79 0.10
E 76 82 0.022195 0.004165 342.84 0.14
E 76 83 0.019037 0.001936 300.64 0.63
E 77 79 0.036628 0.005863 486.57 0.08
E 77 81 0.036518 0.005917 487.49 41.63
E 77 85 0.037378 0.005866 512.36 1.19
E 77 86 0.037221 0.005776 488.22 3.84
E 78 80 0.014954 0.001203 254.69 0.09
E 78 82 0.018721 0.001696 302.35 0.37
E 78 83 0.018905 0.001775 309.75 0.07
E 79 81 0.034975 0.005702 491.09 2.95
E 79 84 0.030444 0.003655 425.75 0.11
E 79 86 0.033984 0.000791 521.89 0.24
E 79 87 0.030267 0.002677 440.08 0.38
E 80 83 0.018828 0.001748 281.65 0.04
E 81 82 0.034709 0.006008 476.35 0.44
E 81 86 0.034776 0.006302 521.43 0.04
E 81 87 0.034960 0.005724 506.13 0.43
E 82 83 0.022193 0.004165 349.79 0.48
E 82 87 0.023957 0.004574 351.41 4.20
E 83 87 0.001809 0.000000 168.00 4.40
E 85 86 0.026034 0.002385 398.19 24.85
END

SECTION Terminals
Root 73
Terminals 45
T 14
T 4
T 2
T 40
T 76
T 18
T 57
T 8
T 79
T 9
T 48
T 37
T 31
T 33
T 47
T 35
T 43
T 66
T 15
T 27
T 62
T 69
T 16
T 24
T 54
T 19
T 20
T 17
T 71
T 87
T 81
T 41
T 11
T 7
T 77
T 67
T 44
T 64
T 10
T 26
T 52
T 70
T 25
T 74
T 61
END

EOF