SECTION Comment
CREATOR "Carlos Araujo"
REMARK "Instance for QoS Multicast Routing Problem"
QoS METRICS "delay, jitter, bandwidth and estimate of link duration"
END

SECTION Graph
Nodes 30
Edges 103

E 1 2 0.023144 0.004762 378.70 0.42
E 1 4 0.021170 0.004330 358.18 4.19
E 1 5 0.021887 0.002035 340.98 25.64
E 1 6 0.020295 0.004176 300.83 3.40
E 1 10 0.022261 0.004932 353.11 3.45
E 1 11 0.008258 0.000768 800.00 19.27
E 1 12 0.022260 0.004932 348.73 24.99
E 1 14 0.025050 0.007236 324.11 122.86
E 1 15 0.021855 0.004056 350.23 0.50
E 1 17 0.022447 0.005037 363.60 0.13
E 1 23 0.001051 0.000000 48.00 3.60
E 1 25 0.021460 0.004671 347.64 1.80
E 1 28 0.020218 0.002741 326.98 49.02
E 2 10 0.021225 0.003731 406.08 0.55
E 2 11 0.007410 0.001856 752.00 6.64
E 2 12 0.025674 0.005707 370.28 0.62
E 2 14 0.022755 0.005815 348.33 11.48
E 2 15 0.023146 0.006348 312.64 0.82
E 2 17 0.021659 0.004266 345.67 0.21
E 2 25 0.021096 0.001922 424.03 23.26
E 2 28 0.024854 0.005428 342.15 5.01
E 3 18 0.017905 0.004466 286.34 16.93
E 3 20 0.021416 0.005449 323.58 654.58
E 4 5 0.018508 0.002436 290.24 1.23
E 4 6 0.017843 0.000991 277.29 19.52
E 4 10 0.019434 0.001150 300.41 3.61
E 4 12 0.020768 0.002738 344.78 3.21
E 4 15 0.022378 0.006414 374.66 0.02
E 4 28 0.016324 0.001832 277.97 0.64
E 6 8 0.017344 0.002851 280.70 3.43
E 6 11 0.018493 0.003749 269.41 119.83
E 6 12 0.019876 0.002108 331.44 1.78
E 6 13 0.017285 0.002671 284.79 0.59
E 6 17 0.017629 0.001979 274.56 9.46
E 6 24 0.017878 0.003770 297.41 1.14
E 6 26 0.017877 0.003770 283.49 1.90
E 6 29 0.017878 0.003770 274.94 2.77
E 6 30 0.017877 0.003770 258.36 0.95
E 7 9 0.021006 0.005211 348.97 1.45
E 7 16 0.021235 0.005874 327.57 2.10
E 7 18 0.024684 0.008311 352.29 203.80
E 7 20 0.021579 0.006038 358.03 28.46
E 8 11 0.017696 0.004390 336.78 273.43
E 8 13 0.016023 0.002980 300.93 31.60
E 8 24 0.012757 0.000390 184.96 101.00
E 8 26 0.012756 0.000390 201.35 0.65
E 8 29 0.012758 0.000430 197.10 10.55
E 8 30 0.012896 0.000939 187.38 1.70
E 9 14 0.019371 0.004729 306.47 0.34
E 9 16 0.020310 0.004257 303.51 2.80
E 9 20 0.021110 0.004692 357.72 0.74
E 10 12 0.023258 0.005254 336.16 0.35
E 10 14 0.022357 0.003793 422.49 41.79
E 10 15 0.022581 0.004781 348.65 1.73
E 10 17 0.019524 0.002621 349.57 0.50
E 10 23 0.018972 0.005766 336.53 7.95
E 10 25 0.019631 0.000977 314.71 8.20
E 10 28 0.019928 0.001238 333.90 7.77
E 11 12 0.002961 0.000000 312.00 19.17
E 11 13 0.015590 0.003901 262.44 35.13
E 11 14 0.001905 0.000000 180.00 0.38
E 11 17 0.023411 0.005839 429.13 7.10
E 11 24 0.018646 0.005503 262.16 2.56
E 11 26 0.018224 0.004952 313.58 0.00
E 11 29 0.018646 0.005503 314.29 15.09
E 11 30 0.018224 0.004952 340.39 1108.34
E 12 14 0.026291 0.007123 485.51 32.93
E 12 15 0.022003 0.004489 374.94 1.72
E 12 17 0.021720 0.003188 324.17 0.36
E 12 25 0.022571 0.004477 331.13 36.41
E 12 28 0.021849 0.002937 336.58 35.27
E 13 15 0.001361 0.000000 112.00 3.88
E 13 22 0.016410 0.004291 289.49 33.03
E 13 23 0.017762 0.005409 317.71 1.63
E 13 24 0.016799 0.003392 254.42 20.50
E 13 26 0.015837 0.002516 247.54 7.00
E 13 29 0.018382 0.004297 248.20 2.67
E 13 30 0.015838 0.002516 245.47 3.39
E 14 15 0.021155 0.004035 331.79 16.08
E 14 16 0.018127 0.004424 316.07 272.32
E 14 17 0.021375 0.003350 445.14 16.33
E 14 20 0.020234 0.004149 292.35 217.37
E 14 23 0.020920 0.008565 328.65 294.21
E 14 25 0.022139 0.003534 382.54 4.26
E 14 28 0.022033 0.004028 364.76 15.15
E 15 17 0.022394 0.006513 330.48 1.55
E 15 22 0.009012 0.003360 836.00 0.47
E 15 23 0.021751 0.006327 351.29 9.88
E 15 25 0.022551 0.004373 348.48 6.57
E 15 28 0.022350 0.004535 365.61 4.25
E 16 18 0.018687 0.002587 377.09 22.77
E 16 20 0.021188 0.004807 337.39 40.13
E 17 28 0.021548 0.003392 373.68 7.18
E 19 27 0.016713 0.005279 265.11 1.76
E 21 27 0.003282 0.000064 236.00 2.23
E 22 23 0.019382 0.006655 321.70 0.45
E 24 26 0.012586 0.000219 188.09 0.48
E 24 29 0.012531 0.000402 193.06 0.19
E 24 30 0.012740 0.000748 206.39 0.87
E 25 28 0.017442 0.001263 284.88 0.06
E 26 29 0.012523 0.000439 186.00 0.19
E 26 30 0.012726 0.000760 197.98 1.00
E 29 30 0.012740 0.000748 186.81 0.08
END

SECTION Terminals
Root 26
Terminals 12
T 4
T 17
T 10
T 22
T 13
T 30
T 25
T 24
T 9
T 28
T 29
T 12
END

EOF