SECTION Comment
CREATOR "Carlos Araujo"
REMARK "Instance for QoS Multicast Routing Problem"
QoS METRICS "delay, jitter, bandwidth and estimate of link duration"
END

SECTION Graph
Nodes 100
Edges 1408

E 1 2 0.023852 0.005772 375.72 2.44
E 1 3 0.023357 0.007689 496.74 4.62
E 1 5 0.023432 0.005497 371.84 21.06
E 1 6 0.020732 0.004093 330.36 6.00
E 1 7 0.023354 0.007689 340.04 79.80
E 1 9 0.029346 0.007689 365.80 18.90
E 1 10 0.022969 0.005358 345.68 7.78
E 1 11 0.022903 0.004739 387.36 8.26
E 1 12 0.022969 0.005358 360.51 3.89
E 1 13 0.023454 0.005554 343.69 188.22
E 1 14 0.023623 0.005847 360.47 34.86
E 1 15 0.021197 0.004014 334.21 3.72
E 1 18 0.021305 0.003489 420.05 0.59
E 1 20 0.023354 0.007689 299.78 23.03
E 1 25 0.021574 0.004850 330.90 9.63
E 1 32 0.021305 0.003489 386.71 0.01
E 1 33 0.002449 0.000000 248.00 0.61
E 1 34 0.022225 0.005674 401.49 33.70
E 1 37 0.022009 0.004525 337.73 8.56
E 1 38 0.023356 0.007689 497.71 4.20
E 1 41 0.023357 0.007689 629.16 2.26
E 1 43 0.022889 0.005165 347.08 35.46
E 1 45 0.022854 0.004745 380.82 0.34
E 1 49 0.022642 0.004764 354.68 3.23
E 1 50 0.003362 0.000000 304.00 6.14
E 1 51 0.021732 0.002205 371.68 28.09
E 1 52 0.020266 0.003166 454.48 33.58
E 1 53 0.036811 0.007689 551.65 27.73
E 1 54 0.023356 0.007689 434.30 26.34
E 1 56 0.023003 0.005020 359.96 0.13
E 1 57 0.022747 0.005227 353.96 32.64
E 1 58 0.022720 0.004574 360.87 34.16
E 1 61 0.023383 0.005191 388.37 0.32
E 1 62 0.022872 0.004506 339.37 0.01
E 1 63 0.023354 0.007689 397.88 178.71
E 1 65 0.023354 0.007689 437.79 0.18
E 1 67 0.022752 0.005044 355.87 61.05
E 1 71 0.023936 0.006170 380.71 0.28
E 1 73 0.024596 0.002578 303.55 0.27
E 1 74 0.024355 0.007689 422.70 23.01
E 1 77 0.022892 0.004926 383.83 4.54
E 1 78 0.022762 0.004468 351.32 1.24
E 1 79 0.022984 0.005146 358.43 35.86
E 1 83 0.022701 0.004857 365.50 2.72
E 1 85 0.023147 0.005235 369.51 112.31
E 1 86 0.021626 0.004135 337.29 30.36
E 1 87 0.023356 0.007689 404.94 1.85
E 1 89 0.001777 0.000000 164.00 1.19
E 1 90 0.023355 0.007689 406.23 2.41
E 1 93 0.022484 0.004442 347.06 45.02
E 1 94 0.022376 0.004680 356.22 1.32
E 2 3 0.021180 0.003634 373.47 0.32
E 2 7 0.020754 0.002544 342.80 8.60
E 2 9 0.021906 0.004240 325.87 0.92
E 2 10 0.021940 0.004924 330.65 12.62
E 2 12 0.023529 0.005239 373.46 2.82
E 2 13 0.008340 0.000960 752.00 0.75
E 2 14 0.022397 0.005716 359.06 4.34
E 2 15 0.023582 0.007123 372.71 1.19
E 2 18 0.019700 0.001564 313.91 25.35
E 2 20 0.022752 0.005276 308.44 3.59
E 2 25 0.020213 0.003315 336.89 199.92
E 2 32 0.020348 0.002455 307.66 202.84
E 2 38 0.020567 0.002299 304.01 6.80
E 2 41 0.021598 0.004127 329.46 1.28
E 2 42 0.022068 0.006630 348.24 0.81
E 2 43 0.021450 0.004197 355.23 4.37
E 2 45 0.021162 0.005351 332.78 19.64
E 2 47 0.020415 0.002063 342.15 0.73
E 2 50 0.021321 0.002902 341.24 3.09
E 2 53 0.020107 0.003066 335.75 0.74
E 2 54 0.024120 0.006004 379.47 3.28
E 2 56 0.022957 0.006596 372.60 1.30
E 2 57 0.021924 0.004625 367.16 4.40
E 2 58 0.020342 0.003186 299.97 7.06
E 2 59 0.014442 0.002337 218.46 0.39
E 2 61 0.021702 0.004681 346.64 0.06
E 2 63 0.021843 0.003137 335.25 2.82
E 2 64 0.020977 0.004070 312.93 1.80
E 2 67 0.022746 0.005030 348.98 31.78
E 2 68 0.018940 0.001794 319.72 3.46
E 2 69 0.020302 0.002459 342.79 3.58
E 2 71 0.019399 0.005330 335.11 2.40
E 2 72 0.021765 0.005108 338.00 1.07
E 2 73 0.020359 0.002945 311.52 2.11
E 2 74 0.022717 0.005242 338.11 3.59
E 2 79 0.022037 0.005272 348.21 4.40
E 2 81 0.018687 0.001292 296.75 1.45
E 2 82 0.022395 0.004494 319.99 2.30
E 2 84 0.018940 0.002912 343.65 3.47
E 2 85 0.020651 0.004490 326.54 77.94
E 2 86 0.023388 0.007414 314.05 4.23
E 2 87 0.020702 0.002727 342.99 3.26
E 2 88 0.021433 0.003052 359.41 4.52
E 2 89 0.020251 0.002652 347.74 1.70
E 2 90 0.022622 0.004523 455.82 2.14
E 2 91 0.021278 0.004233 339.08 1.10
E 2 93 0.015613 0.002427 282.81 4.98
E 2 94 0.020746 0.003752 322.94 2.14
E 3 7 0.021065 0.003434 331.65 2.67
E 3 9 0.020886 0.003749 323.75 2.76
E 3 16 0.022201 0.003707 392.35 0.72
E 3 20 0.021618 0.004653 328.38 39.06
E 3 25 0.021067 0.003392 381.10 44.83
E 3 35 0.015315 0.003361 284.39 46.88
E 3 38 0.018496 0.003978 315.25 1.52
E 3 41 0.018504 0.004111 287.62 5.09
E 3 42 0.021062 0.004213 346.62 0.70
E 3 45 0.021601 0.003449 338.39 19.04
E 3 47 0.019373 0.004515 309.41 0.17
E 3 50 0.020424 0.003932 329.56 1.73
E 3 53 0.021016 0.003627 333.14 1.22
E 3 54 0.022762 0.004865 366.65 33.42
E 3 63 0.021100 0.003299 363.10 5.01
E 3 68 0.021138 0.003828 338.61 36.11
E 3 69 0.019332 0.004491 323.52 37.23
E 3 72 0.020858 0.003992 349.98 1.11
E 3 74 0.021467 0.004177 326.95 38.94
E 3 75 0.017070 0.003935 265.49 47.07
E 3 81 0.020971 0.003180 352.17 3.89
E 3 82 0.018496 0.003978 289.47 0.96
E 3 84 0.021138 0.003828 356.61 36.12
E 3 87 0.021077 0.003816 334.66 9.22
E 3 88 0.020018 0.004378 332.76 4.66
E 3 89 0.020488 0.004126 322.57 9.14
E 3 90 0.023583 0.004749 370.54 5.33
E 4 6 0.017546 0.001831 268.77 4.89
E 4 12 0.020839 0.002949 322.34 1.46
E 4 15 0.022526 0.006558 399.83 16.60
E 4 24 0.015914 0.001417 252.71 0.92
E 4 26 0.017321 0.002621 263.26 15.93
E 4 28 0.016508 0.001832 362.51 22.22
E 4 29 0.016584 0.001781 271.51 4.29
E 4 30 0.015743 0.001908 261.41 0.18
E 4 31 0.021073 0.005396 333.74 172.00
E 4 39 0.017475 0.003537 249.83 1.46
E 4 44 0.017264 0.002875 244.94 8.03
E 4 61 0.018709 0.001747 304.96 0.00
E 4 62 0.018046 0.003263 317.76 0.72
E 4 70 0.017371 0.003256 268.11 1.90
E 4 77 0.018690 0.001372 350.45 14.73
E 4 92 0.016111 0.002050 263.28 8.12
E 4 99 0.015861 0.002937 251.44 8.06
E 4 100 0.017265 0.003279 289.93 7.05
E 5 6 0.022515 0.003932 348.50 14.80
E 5 8 0.022910 0.004410 344.72 6.37
E 5 10 0.024095 0.003866 358.83 1.32
E 5 11 0.021580 0.002985 356.43 0.20
E 5 12 0.022656 0.004041 380.45 2.12
E 5 13 0.022141 0.003374 338.20 0.35
E 5 14 0.022753 0.003565 343.04 3.12
E 5 17 0.021986 0.002693 340.58 89.81
E 5 23 0.023519 0.004225 390.32 37.27
E 5 26 0.027144 0.008904 476.01 14.93
E 5 30 0.032741 0.007915 416.59 16.91
E 5 31 0.023775 0.005463 368.42 0.74
E 5 34 0.022474 0.004240 348.26 3.50
E 5 37 0.022580 0.003986 336.81 1.70
E 5 40 0.023937 0.005173 376.29 10.24
E 5 43 0.022209 0.004071 355.45 3.13
E 5 49 0.023282 0.005997 362.39 0.51
E 5 52 0.022583 0.003013 416.42 3.50
E 5 56 0.021452 0.004644 308.10 16.30
E 5 57 0.023659 0.004584 360.57 3.11
E 5 58 0.023110 0.003464 369.13 3.70
E 5 59 0.020685 0.004518 321.18 0.74
E 5 60 0.023240 0.004382 344.63 4.98
E 5 61 0.022433 0.004440 351.89 3.52
E 5 62 0.018831 0.003508 296.12 8.97
E 5 64 0.021425 0.004213 337.37 28.01
E 5 67 0.022845 0.004935 340.44 15.64
E 5 73 0.002001 0.000000 192.00 59.43
E 5 77 0.021731 0.002839 362.58 14.96
E 5 78 0.021802 0.002544 385.82 3.54
E 5 79 0.023349 0.004958 357.91 3.14
E 5 83 0.022004 0.003621 365.21 7.96
E 5 85 0.021671 0.003550 339.14 5.57
E 5 86 0.021983 0.002810 332.74 3.61
E 5 91 0.021987 0.002693 350.77 0.98
E 5 92 0.020141 0.003376 309.93 1.21
E 5 93 0.018357 0.002590 276.84 3.83
E 5 94 0.021887 0.001131 484.15 2.09
E 5 98 0.025618 0.004410 379.45 11.29
E 5 99 0.016345 0.000933 232.00 4.59
E 6 8 0.018765 0.002920 311.06 0.07
E 6 10 0.024307 0.003699 353.80 3.23
E 6 11 0.019146 0.003698 306.48 4.80
E 6 12 0.021722 0.003808 341.41 34.75
E 6 13 0.019115 0.002644 299.03 0.64
E 6 14 0.022913 0.003583 367.91 1.81
E 6 17 0.018054 0.002229 309.92 11.78
E 6 23 0.021884 0.003290 363.08 2.04
E 6 24 0.017367 0.002975 256.39 1.23
E 6 26 0.017500 0.002952 261.39 3.94
E 6 29 0.017474 0.003034 270.45 1.61
E 6 30 0.017501 0.002952 300.84 2.47
E 6 31 0.021563 0.005421 360.04 7.45
E 6 34 0.021261 0.004383 325.29 2.83
E 6 37 0.019767 0.002912 316.95 1.33
E 6 40 0.021996 0.005119 362.88 4.88
E 6 43 0.023427 0.004817 356.62 1.81
E 6 44 0.016960 0.002575 305.77 0.96
E 6 49 0.022592 0.005990 346.92 9.78
E 6 52 0.020754 0.002544 315.00 2.83
E 6 56 0.022846 0.006106 403.41 2.69
E 6 57 0.023835 0.004848 386.72 1.83
E 6 59 0.018296 0.002295 273.89 17.47
E 6 60 0.022286 0.003116 337.78 25.57
E 6 61 0.023842 0.004108 361.29 2.59
E 6 62 0.020323 0.002596 302.73 17.61
E 6 64 0.020213 0.004173 331.61 4.95
E 6 67 0.020417 0.003750 338.18 9.71
E 6 70 0.017508 0.003250 269.30 1.28
E 6 71 0.011429 0.002432 1080.00 12.24
E 6 77 0.020354 0.003458 351.41 29.14
E 6 78 0.003586 0.000096 332.00 8.65
E 6 79 0.022155 0.004148 339.23 1.81
E 6 83 0.020248 0.003130 325.64 2.21
E 6 85 0.021168 0.003523 320.74 2.91
E 6 86 0.020190 0.001922 393.79 4.23
E 6 91 0.021516 0.002590 337.25 4.56
E 6 92 0.018340 0.002324 285.25 5.53
E 6 93 0.021237 0.003166 322.28 8.66
E 6 98 0.021209 0.001357 356.31 3.89
E 6 99 0.017730 0.002400 285.40 14.12
E 6 100 0.017112 0.002478 268.67 0.00
E 7 9 0.020771 0.004009 348.38 4.58
E 7 14 0.019103 0.004545 368.98 3.79
E 7 16 0.020818 0.004204 346.98 27.85
E 7 20 0.021921 0.004948 366.54 1.71
E 7 25 0.020600 0.003356 309.04 1.72
E 7 28 0.020134 0.003392 306.59 5.47
E 7 32 0.020592 0.003766 338.29 28.35
E 7 33 0.022338 0.004918 394.17 196.57
E 7 38 0.020923 0.003705 307.86 6.71
E 7 41 0.021042 0.002832 368.56 0.60
E 7 42 0.020660 0.003683 302.20 0.79
E 7 45 0.021886 0.002239 384.96 0.00
E 7 50 0.020680 0.003724 340.12 2.80
E 7 53 0.020699 0.003766 337.83 1.10
E 7 54 0.020819 0.005130 343.51 2.43
E 7 55 0.006322 0.000640 616.00 0.86
E 7 63 0.020782 0.003869 327.91 8.98
E 7 65 0.020885 0.003961 391.31 16.13
E 7 68 0.020581 0.004489 305.01 0.78
E 7 69 0.020646 0.004004 327.57 0.89
E 7 72 0.020659 0.003862 334.54 4.90
E 7 73 0.020856 0.004256 329.87 5.96
E 7 74 0.020820 0.004046 333.67 1.71
E 7 75 0.021265 0.003298 322.56 0.77
E 7 81 0.020753 0.004475 311.15 0.39
E 7 82 0.020699 0.002874 324.72 6.11
E 7 84 0.020514 0.004320 322.06 0.78
E 7 87 0.020852 0.004366 359.33 15.60
E 7 88 0.020841 0.003696 327.43 8.02
E 7 89 0.020971 0.004266 339.74 6.13
E 7 90 0.020870 0.004115 313.20 12.85
E 7 94 0.020134 0.004194 329.69 21.36
E 7 96 0.004514 0.000384 448.00 0.45
E 8 10 0.025513 0.004681 401.88 1.35
E 8 12 0.022339 0.003813 321.11 3.89
E 8 13 0.018225 0.002013 304.74 0.87
E 8 14 0.024616 0.004356 365.49 1.69
E 8 17 0.023532 0.006687 385.57 17.43
E 8 23 0.023725 0.004458 380.07 1.29
E 8 24 0.013214 0.000669 221.25 0.65
E 8 26 0.013480 0.000718 210.55 2.66
E 8 29 0.013325 0.000737 203.80 1.31
E 8 30 0.013374 0.001109 214.68 2.31
E 8 31 0.023224 0.005276 388.03 3.39
E 8 34 0.021261 0.004383 327.05 2.36
E 8 37 0.019942 0.003166 313.51 0.45
E 8 40 0.021821 0.005119 327.12 3.47
E 8 43 0.023482 0.005379 323.83 1.69
E 8 44 0.013215 0.001766 208.81 1.68
E 8 49 0.023545 0.006761 349.96 3.18
E 8 52 0.019719 0.002505 319.89 2.36
E 8 56 0.021855 0.004841 365.47 1.68
E 8 57 0.024151 0.005026 386.84 1.70
E 8 59 0.018915 0.002388 299.15 92.13
E 8 60 0.022286 0.003477 336.92 1.63
E 8 61 0.023842 0.004816 361.53 2.30
E 8 62 0.019870 0.002902 327.57 8.84
E 8 64 0.021706 0.005589 342.19 3.53
E 8 67 0.021344 0.001628 405.91 5.76
E 8 70 0.013153 0.001634 200.78 1.27
E 8 77 0.024854 0.006233 405.60 9.28
E 8 78 0.003650 0.000224 340.00 8.02
E 8 79 0.023530 0.004724 378.12 1.69
E 8 83 0.022031 0.003795 349.03 2.64
E 8 85 0.021933 0.002536 352.54 2.07
E 8 86 0.018410 0.002273 274.75 3.40
E 8 91 0.024175 0.008650 427.98 2.19
E 8 92 0.018915 0.003439 303.93 2.54
E 8 93 0.022000 0.005163 316.72 10.37
E 8 98 0.003298 0.000256 296.00 20.22
E 8 99 0.017939 0.002714 278.21 1.52
E 9 14 0.019601 0.005359 366.81 3.03
E 9 16 0.020151 0.003758 320.70 8.78
E 9 20 0.021640 0.004985 327.50 1.42
E 9 25 0.020660 0.003547 342.37 0.95
E 9 32 0.020273 0.003757 322.72 2.31
E 9 33 0.021038 0.004918 356.41 22.23
E 9 35 0.019965 0.004410 494.28 19.99
E 9 38 0.020318 0.004138 323.23 10.11
E 9 41 0.020857 0.003256 338.10 0.74
E 9 42 0.020351 0.003837 333.02 0.11
E 9 45 0.029349 0.002239 444.89 0.55
E 9 50 0.020331 0.004027 311.62 5.88
E 9 53 0.020370 0.003879 308.79 0.49
E 9 54 0.020781 0.004905 351.79 2.04
E 9 55 0.023922 0.005427 419.99 0.90
E 9 63 0.020130 0.003766 328.10 4.46
E 9 65 0.020321 0.003261 326.30 31.39
E 9 68 0.020251 0.004780 321.73 0.88
E 9 69 0.020736 0.005129 331.14 0.87
E 9 72 0.020351 0.003837 324.75 4.56
E 9 73 0.020073 0.003515 332.72 19.97
E 9 74 0.020537 0.004067 318.57 1.42
E 9 75 0.019309 0.003403 311.17 0.86
E 9 81 0.019817 0.002680 355.95 0.97
E 9 82 0.020303 0.003844 316.69 0.07
E 9 84 0.020189 0.004639 301.21 0.88
E 9 87 0.020721 0.004193 340.18 2.17
E 9 88 0.020249 0.004062 317.81 2.14
E 9 89 0.020310 0.003765 324.35 1.19
E 9 90 0.020051 0.003723 334.65 0.55
E 9 96 0.020191 0.003392 278.81 0.90
E 10 11 0.024183 0.003829 357.96 27.16
E 10 12 0.022901 0.005077 373.53 0.10
E 10 13 0.024356 0.003739 361.54 1.77
E 10 14 0.024180 0.004020 380.53 1.71
E 10 15 0.022639 0.004715 348.82 1.61
E 10 17 0.022278 0.002963 353.64 5.87
E 10 23 0.022330 0.004913 317.16 3.79
E 10 24 0.001585 0.000000 140.00 1.96
E 10 25 0.019510 0.000757 287.59 0.11
E 10 26 0.025166 0.004297 415.00 3.22
E 10 28 0.019967 0.001216 314.19 4.34
E 10 29 0.027992 0.002375 433.40 2.52
E 10 30 0.032739 0.000000 393.49 8.98
E 10 31 0.022303 0.005801 367.25 3.28
E 10 34 0.026588 0.004940 395.82 0.94
E 10 37 0.022350 0.003098 350.49 0.12
E 10 40 0.026544 0.004763 370.92 7.00
E 10 43 0.022204 0.002816 349.89 1.83
E 10 45 0.021272 0.004063 333.39 14.14
E 10 49 0.022424 0.005305 346.99 0.58
E 10 51 0.028466 0.004681 462.91 2.13
E 10 52 0.026685 0.004749 433.66 0.94
E 10 56 0.021939 0.004684 355.53 27.79
E 10 57 0.022713 0.004156 368.72 0.77
E 10 58 0.021052 0.002046 322.70 0.79
E 10 59 0.028838 0.004918 403.66 1.30
E 10 60 0.027211 0.004250 413.42 0.58
E 10 61 0.022129 0.003705 345.69 4.88
E 10 64 0.022390 0.004208 345.66 15.64
E 10 71 0.022300 0.003699 326.06 3.83
E 10 77 0.022062 0.002776 347.54 1.06
E 10 78 0.022656 0.003112 332.09 0.91
E 10 79 0.022160 0.003933 361.36 1.89
E 10 83 0.022342 0.003114 349.21 33.34
E 10 85 0.022172 0.003355 343.85 2.09
E 10 86 0.022213 0.002825 321.19 1.13
E 10 91 0.021957 0.002659 331.93 4.82
E 10 92 0.020869 0.000000 220.74 0.71
E 10 93 0.025449 0.003222 294.65 5.81
E 10 98 0.020035 0.001293 331.10 6.49
E 11 12 0.022621 0.003696 363.46 1.64
E 11 13 0.017450 0.002412 293.62 0.00
E 11 14 0.021896 0.002436 345.16 51.13
E 11 15 0.018229 0.003020 301.17 5.34
E 11 16 0.022834 0.005003 331.68 0.32
E 11 17 0.022643 0.005348 365.55 1.07
E 11 19 0.022834 0.004952 388.40 38.44
E 11 22 0.019083 0.002171 257.70 97.27
E 11 23 0.018438 0.004526 309.43 0.20
E 11 24 0.018707 0.006190 330.28 1.46
E 11 26 0.018231 0.005503 317.49 0.72
E 11 28 0.019701 0.003710 347.63 9.24
E 11 29 0.018707 0.006190 332.18 0.16
E 11 30 0.018231 0.005503 260.52 10.04
E 11 31 0.022902 0.006985 383.73 0.00
E 11 33 0.006898 0.001600 688.00 0.31
E 11 34 0.019196 0.004717 301.98 43.70
E 11 36 0.014874 0.003463 265.73 48.90
E 11 37 0.020869 0.004347 346.66 1.23
E 11 40 0.018679 0.002480 297.77 0.26
E 11 43 0.023526 0.003222 356.08 51.97
E 11 44 0.030706 0.000000 504.90 355.49
E 11 49 0.023440 0.005793 385.29 21.32
E 11 51 0.016953 0.002721 262.46 33.39
E 11 52 0.019010 0.002895 311.10 43.55
E 11 55 0.004514 0.001152 448.00 43.04
E 11 57 0.024075 0.004811 342.57 46.71
E 11 65 0.024171 0.004664 362.82 0.00
E 11 66 0.022834 0.004952 367.29 103.03
E 11 67 0.022632 0.003596 366.12 2.00
E 11 70 0.018707 0.006190 253.30 0.76
E 11 71 0.019407 0.004482 315.94 0.88
E 11 73 0.006738 0.001760 668.00 21.38
E 11 77 0.020191 0.001583 306.49 60.05
E 11 78 0.018531 0.004097 297.02 0.89
E 11 79 0.022974 0.004968 358.53 52.46
E 11 83 0.020098 0.002874 309.55 118.79
E 11 85 0.020761 0.002405 349.14 0.05
E 11 86 0.018871 0.002250 307.14 39.06
E 11 90 0.024374 0.005654 506.43 1.88
E 11 96 0.001681 0.000000 152.00 224.91
E 11 97 0.022834 0.004952 325.41 34.95
E 12 13 0.022560 0.003822 315.95 1.51
E 12 14 0.022986 0.004684 365.77 1.83
E 12 15 0.022138 0.004770 347.61 33.85
E 12 17 0.022244 0.003893 352.91 1.97
E 12 23 0.021542 0.004048 337.18 4.37
E 12 24 0.001585 0.000000 140.00 1.37
E 12 25 0.022337 0.004843 359.29 0.08
E 12 26 0.022733 0.002205 300.68 2.53
E 12 28 0.021744 0.003288 330.94 51.83
E 12 29 0.027992 0.002375 527.42 1.82
E 12 30 0.032739 0.000000 557.28 4.04
E 12 31 0.022171 0.005800 357.73 9.07
E 12 34 0.021657 0.004240 331.61 1.21
E 12 37 0.021769 0.003635 329.30 0.46
E 12 40 0.022483 0.003546 328.53 6.62
E 12 43 0.022613 0.004560 351.10 1.93
E 12 45 0.022430 0.004347 353.35 27.24
E 12 49 0.022325 0.005299 361.50 0.55
E 12 51 0.020772 0.000824 411.85 2.40
E 12 52 0.021500 0.002767 357.47 1.21
E 12 56 0.022707 0.004912 352.34 5.66
E 12 57 0.022718 0.004513 347.58 1.43
E 12 58 0.022583 0.004457 349.15 5.14
E 12 59 0.022288 0.003689 317.39 0.52
E 12 61 0.022578 0.004683 350.38 2.93
E 12 64 0.022234 0.004149 347.24 26.65
E 12 67 0.023089 0.005206 339.05 13.48
E 12 71 0.020704 0.003731 323.71 1.50
E 12 77 0.022612 0.004723 331.89 0.99
E 12 78 0.021319 0.003053 305.04 0.40
E 12 79 0.022559 0.004626 341.39 1.98
E 12 83 0.022070 0.003819 365.25 5.42
E 12 85 0.022358 0.004044 333.75 4.90
E 12 86 0.021050 0.002201 324.84 1.38
E 12 91 0.022770 0.004995 366.68 2.93
E 12 92 0.019852 0.000000 466.89 0.41
E 12 93 0.003266 0.000480 292.00 1.21
E 12 94 0.022069 0.003844 309.48 7.22
E 12 98 0.022250 0.004345 367.10 1.62
E 13 14 0.021993 0.002928 337.34 2.08
E 13 15 0.017919 0.003146 328.56 10.08
E 13 17 0.019037 0.002035 290.72 2.00
E 13 22 0.016716 0.003851 279.44 0.69
E 13 23 0.018230 0.005033 298.12 4.23
E 13 24 0.017918 0.003019 295.87 476.25
E 13 26 0.016709 0.002142 311.41 0.00
E 13 28 0.019081 0.003234 344.72 4.70
E 13 29 0.021462 0.005597 367.08 177.53
E 13 30 0.016679 0.002394 241.71 163.17
E 13 34 0.019398 0.004660 307.24 1.31
E 13 37 0.019930 0.003461 321.69 2.68
E 13 40 0.018449 0.002589 306.91 0.00
E 13 43 0.023858 0.004664 352.04 2.11
E 13 44 0.005202 0.001216 476.00 0.00
E 13 49 0.023615 0.005998 390.02 1.65
E 13 51 0.016906 0.002846 274.29 0.73
E 13 52 0.018281 0.002482 290.50 1.31
E 13 57 0.024839 0.005060 372.87 0.14
E 13 59 0.020460 0.001441 329.78 1.81
E 13 61 0.023639 0.003561 428.97 17.14
E 13 64 0.023039 0.003901 416.63 203.89
E 13 67 0.023197 0.003822 368.65 54.97
E 13 70 0.018382 0.004297 271.37 0.05
E 13 71 0.018295 0.003118 289.19 48.03
E 13 77 0.021774 0.002754 311.59 1.18
E 13 78 0.018769 0.002953 317.36 4.04
E 13 79 0.023292 0.004873 366.20 2.12
E 13 83 0.021425 0.003689 340.98 5.01
E 13 85 0.022079 0.002907 346.17 0.04
E 13 86 0.018232 0.002035 326.38 1.75
E 13 92 0.020530 0.000678 304.34 4.02
E 13 97 0.014990 0.003053 332.42 0.06
E 14 15 0.021031 0.003961 366.09 1.82
E 14 16 0.018127 0.004498 303.73 450.68
E 14 17 0.022473 0.003237 397.53 22.10
E 14 23 0.021490 0.006148 334.41 0.00
E 14 25 0.022139 0.003534 382.77 56.11
E 14 28 0.021869 0.003623 340.91 4.87
E 14 31 0.024053 0.005282 356.46 11.35
E 14 37 0.022140 0.003466 347.62 3.61
E 14 40 0.023608 0.004331 386.23 4.18
E 14 42 0.017816 0.004498 274.26 0.27
E 14 49 0.022860 0.005122 347.85 7.77
E 14 50 0.017929 0.004672 337.11 3.73
E 14 56 0.022358 0.005610 362.58 0.00
E 14 57 0.023270 0.003898 382.26 178.29
E 14 59 0.024317 0.006275 384.79 7.46
E 14 60 0.020505 0.004602 312.90 0.00
E 14 61 0.023508 0.005556 377.98 51.21
E 14 63 0.018449 0.003974 319.53 356.82
E 14 64 0.022903 0.004769 347.85 0.64
E 14 65 0.017656 0.004338 270.23 255.73
E 14 67 0.022494 0.004394 348.48 0.00
E 14 71 0.021429 0.003443 357.35 107.92
E 14 72 0.017862 0.004672 302.20 197.63
E 14 73 0.017977 0.004121 305.49 0.20
E 14 77 0.022455 0.003297 357.83 7.05
E 14 83 0.022302 0.003013 331.15 6.14
E 14 85 0.022210 0.003863 346.00 20.08
E 14 87 0.020452 0.005088 325.35 79.15
E 14 90 0.018718 0.004121 300.44 10.88
E 14 91 0.022413 0.003259 343.08 21.40
E 14 94 0.022188 0.003412 380.33 4.31
E 14 98 0.022333 0.003118 344.62 2.73
E 15 17 0.022394 0.006513 341.29 18.57
E 15 19 0.017918 0.005020 282.11 1.80
E 15 22 0.016731 0.004807 287.37 1.27
E 15 23 0.019589 0.005227 341.90 2.73
E 15 24 0.016798 0.001526 243.28 4.89
E 15 25 0.022616 0.004266 354.74 28.14
E 15 26 0.019766 0.002460 342.95 5.64
E 15 28 0.018478 0.003184 285.11 2.15
E 15 29 0.018031 0.002405 293.92 20.95
E 15 30 0.016332 0.001993 267.61 9.76
E 15 31 0.020621 0.004853 310.49 20.10
E 15 34 0.019109 0.003670 290.11 93.89
E 15 36 0.018017 0.002352 287.01 1.89
E 15 37 0.019999 0.004143 322.60 1.49
E 15 39 0.017026 0.004155 271.48 8.14
E 15 40 0.017533 0.002573 278.99 3.93
E 15 43 0.022616 0.004266 339.47 1.82
E 15 46 0.016133 0.002330 247.69 3.38
E 15 49 0.020297 0.004028 372.77 5.55
E 15 51 0.017944 0.002787 349.13 1.79
E 15 52 0.019068 0.004740 313.54 96.16
E 15 57 0.021749 0.004033 324.09 3.49
E 15 58 0.022845 0.005168 355.17 1.89
E 15 60 0.021387 0.003410 337.52 4.48
E 15 61 0.022640 0.004900 402.38 0.06
E 15 66 0.005859 0.000288 500.00 36.04
E 15 67 0.021692 0.003813 324.66 0.01
E 15 70 0.015711 0.002578 237.97 3.85
E 15 71 0.018876 0.003820 334.66 5.46
E 15 77 0.021693 0.003554 325.12 8.44
E 15 78 0.020295 0.004231 299.54 1.49
E 15 79 0.021731 0.003716 357.23 1.82
E 15 83 0.019598 0.003901 341.62 2.43
E 15 85 0.021745 0.004975 384.28 1.92
E 15 86 0.019931 0.004384 306.63 5.12
E 15 97 0.022395 0.008395 279.78 2.56
E 15 98 0.022845 0.005168 356.18 4.96
E 15 100 0.014763 0.001696 492.90 0.95
E 16 19 0.019051 0.002611 322.36 148.46
E 16 25 0.020125 0.003243 336.58 1.29
E 16 27 0.018249 0.001734 288.17 57.87
E 16 28 0.025617 0.003505 380.01 31.43
E 16 33 0.018492 0.003701 307.68 0.13
E 16 36 0.018954 0.002563 285.38 14.16
E 16 50 0.019371 0.002462 316.83 0.35
E 16 51 0.019985 0.004104 306.25 267.61
E 16 55 0.019404 0.002374 297.53 59.73
E 16 65 0.020246 0.004001 342.55 2.31
E 16 66 0.018087 0.001718 340.85 48.11
E 16 71 0.018918 0.004749 307.71 0.05
E 16 73 0.020069 0.003167 301.57 0.96
E 16 78 0.018831 0.005003 321.84 0.25
E 16 86 0.001553 0.000000 136.00 312.74
E 16 87 0.020989 0.005004 318.19 0.00
E 16 89 0.019455 0.003454 336.80 0.18
E 16 90 0.019974 0.003194 293.75 3.41
E 16 96 0.019329 0.002462 331.50 4.52
E 16 97 0.018984 0.003573 283.40 15.69
E 17 18 0.023244 0.002261 296.25 23.96
E 17 23 0.018615 0.006445 281.26 71.09
E 17 31 0.022028 0.005559 341.43 2.47
E 17 37 0.019290 0.003289 308.67 53.02
E 17 40 0.018944 0.000791 390.11 7.88
E 17 43 0.021739 0.003881 359.76 22.10
E 17 49 0.021151 0.003782 320.32 0.33
E 17 56 0.022016 0.005435 344.02 2.59
E 17 57 0.022540 0.004092 338.71 21.58
E 17 58 0.020008 0.002220 333.48 13.86
E 17 59 0.017331 0.001333 262.50 14.14
E 17 60 0.020823 0.002407 309.75 250.23
E 17 61 0.021974 0.004721 333.24 0.81
E 17 62 0.021178 0.002655 317.53 0.52
E 17 64 0.021252 0.003963 349.28 15.19
E 17 67 0.021903 0.004316 338.36 77.81
E 17 71 0.019193 0.003412 284.58 0.03
E 17 77 0.019874 0.002638 320.28 0.13
E 17 79 0.021696 0.003675 348.44 22.30
E 17 83 0.019479 0.003066 316.68 1.07
E 17 85 0.021230 0.003616 323.37 3.38
E 17 86 0.019427 0.003782 322.58 6.22
E 17 91 0.020408 0.003487 320.15 0.19
E 17 92 0.018218 0.002258 299.47 0.18
E 17 93 0.021209 0.007462 347.05 32.67
E 17 94 0.019322 0.003072 293.74 0.16
E 17 98 0.019799 0.002148 291.36 10.82
E 18 25 0.020733 0.003778 322.29 54.90
E 18 32 0.020602 0.003004 354.97 1.49
E 18 38 0.022607 0.005470 350.49 28.56
E 18 42 0.020244 0.003023 347.34 299.90
E 18 45 0.019950 0.003255 324.37 0.07
E 18 47 0.011519 0.000530 168.45 36.23
E 18 50 0.019443 0.002021 334.80 36.88
E 18 53 0.019555 0.001893 314.69 0.73
E 18 54 0.022162 0.004545 337.70 1.33
E 18 56 0.023920 0.005767 332.98 2.30
E 18 58 0.021432 0.002261 407.24 0.03
E 18 60 0.017079 0.004192 1612.00 0.23
E 18 67 0.021429 0.002261 428.95 0.23
E 18 68 0.019456 0.002439 291.09 4.92
E 18 72 0.021002 0.003780 358.89 0.17
E 18 73 0.020954 0.003581 318.24 0.26
E 18 81 0.019633 0.001873 323.21 17.05
E 18 82 0.022607 0.005470 362.40 0.59
E 18 84 0.019320 0.003189 300.44 5.52
E 18 85 0.025730 0.004184 408.69 20.63
E 18 87 0.021408 0.004539 339.23 0.02
E 18 91 0.021432 0.002261 363.88 915.47
E 18 94 0.021109 0.002672 370.49 8.11
E 18 98 0.021432 0.003561 303.66 19.35
E 19 21 0.014108 0.002284 262.13 3.92
E 19 22 0.009428 0.001472 888.00 0.12
E 19 28 0.017622 0.004313 341.27 1.37
E 19 33 0.016781 0.003543 267.82 0.00
E 19 39 0.015657 0.003426 247.60 0.16
E 19 63 0.020718 0.002318 417.85 19.77
E 19 65 0.020723 0.003885 318.44 65.18
E 19 66 0.015997 0.002720 254.37 0.05
E 19 71 0.019625 0.004353 327.64 78.78
E 19 78 0.016807 0.002356 270.11 61.47
E 19 80 0.015210 0.003351 224.98 0.00
E 19 90 0.019257 0.002985 318.55 7.55
E 19 96 0.018213 0.002927 282.21 0.16
E 19 97 0.017483 0.003524 257.69 0.29
E 20 25 0.022071 0.003855 342.09 14.22
E 20 32 0.021556 0.004832 349.68 5.20
E 20 33 0.023469 0.004918 478.30 0.00
E 20 35 0.021017 0.005003 320.05 1.85
E 20 38 0.021532 0.004931 328.08 19.94
E 20 41 0.021575 0.004574 350.72 2.50
E 20 42 0.021680 0.004828 348.62 0.06
E 20 50 0.021680 0.004828 333.25 3.93
E 20 53 0.023061 0.005495 391.02 0.04
E 20 63 0.021570 0.004812 319.23 161.41
E 20 65 0.021567 0.005012 317.49 29.19
E 20 72 0.021680 0.004828 342.51 93.90
E 20 73 0.021555 0.004973 344.32 5.61
E 20 82 0.021532 0.004524 335.44 50.83
E 20 87 0.021602 0.004929 337.99 22.54
E 20 88 0.021532 0.004515 332.97 81.59
E 20 89 0.021622 0.004699 342.68 8.90
E 20 90 0.021537 0.004754 337.37 4.49
E 20 96 0.021421 0.003628 358.38 0.10
E 21 27 0.013432 0.002270 184.72 4.47
E 21 33 0.017068 0.001900 239.91 6.16
E 21 35 0.017200 0.003472 291.05 0.21
E 21 36 0.017069 0.002585 282.33 1.18
E 21 38 0.017578 0.002976 310.55 32.21
E 21 48 0.014133 0.000863 221.30 1.45
E 21 55 0.017897 0.002673 290.77 1.59
E 21 75 0.018315 0.003325 274.76 1.70
E 21 76 0.015618 0.002673 243.14 1.39
E 21 80 0.015381 0.002645 247.79 1.10
E 21 82 0.018355 0.002813 295.63 10.37
E 21 90 0.020472 0.001934 331.47 4.96
E 21 96 0.018438 0.003304 311.94 0.50
E 22 23 0.018745 0.005941 294.93 202.17
E 22 24 0.015853 0.003634 247.90 21.38
E 22 26 0.016572 0.004212 266.34 31.25
E 22 28 0.018089 0.003897 284.80 1.86
E 22 29 0.016543 0.003634 285.63 31.81
E 22 30 0.016119 0.004212 230.73 9.82
E 22 34 0.018154 0.004391 297.00 0.46
E 22 36 0.016816 0.004129 268.87 0.16
E 22 39 0.016667 0.004713 271.98 3.19
E 22 44 0.014764 0.002278 228.49 0.91
E 22 46 0.015607 0.004675 242.99 0.12
E 22 51 0.016628 0.003787 276.74 0.87
E 22 52 0.016854 0.004338 296.72 0.49
E 22 70 0.016006 0.004673 293.09 9.49
E 22 71 0.017670 0.004255 280.21 19.00
E 22 78 0.017048 0.004083 279.76 0.54
E 22 86 0.017770 0.005194 335.30 1.87
E 22 97 0.016942 0.004153 268.36 0.82
E 22 100 0.015735 0.003392 245.60 2.01
E 23 24 0.001585 0.000000 140.00 1.20
E 23 26 0.026296 0.002205 587.63 0.61
E 23 28 0.019239 0.003324 309.27 1.86
E 23 29 0.027992 0.002375 486.72 0.33
E 23 30 0.032739 0.001357 565.69 4.09
E 23 31 0.018050 0.006127 279.60 1.10
E 23 34 0.019041 0.005048 297.98 0.00
E 23 37 0.019787 0.005031 299.03 1.58
E 23 40 0.018533 0.005260 290.89 1.29
E 23 43 0.024373 0.003166 407.16 0.00
E 23 49 0.020133 0.005515 272.83 1.67
E 23 51 0.018878 0.005965 290.49 0.00
E 23 52 0.019127 0.005772 293.88 0.00
E 23 57 0.022723 0.004729 336.58 0.00
E 23 59 0.021771 0.003256 313.03 0.83
E 23 60 0.019063 0.004733 314.36 4.55
E 23 61 0.022972 0.004274 447.63 1.14
E 23 64 0.026294 0.004410 375.03 4.48
E 23 71 0.018641 0.004596 302.53 15.84
E 23 73 0.002609 0.000000 268.00 0.17
E 23 77 0.002609 0.000000 268.00 8.67
E 23 78 0.018648 0.005349 292.85 1.84
E 23 79 0.024599 0.005863 342.48 0.00
E 23 83 0.023353 0.003505 378.91 4.97
E 23 85 0.023774 0.002907 361.86 0.11
E 23 86 0.018470 0.005075 296.37 0.00
E 23 92 0.026296 0.001357 370.39 0.57
E 24 26 0.012899 0.000357 199.90 0.88
E 24 29 0.012914 0.000559 204.25 0.10
E 24 30 0.013438 0.001156 207.49 0.31
E 24 31 0.016459 0.000271 217.13 3.88
E 24 34 0.022395 0.002205 530.01 0.02
E 24 37 0.021680 0.001950 361.96 1.18
E 24 39 0.016468 0.002956 258.46 0.83
E 24 44 0.013011 0.001153 196.63 6.29
E 24 49 0.024056 0.005156 378.09 0.45
E 24 52 0.003106 0.000064 272.00 0.02
E 24 59 0.017791 0.001449 335.35 0.68
E 24 62 0.016459 0.001187 287.50 0.20
E 24 70 0.012964 0.001198 196.32 0.27
E 24 83 0.023835 0.004918 407.51 0.62
E 24 92 0.017099 0.002374 280.92 0.49
E 24 99 0.016980 0.002792 290.27 6.01
E 24 100 0.013481 0.001780 208.81 7.70
E 25 32 0.020451 0.003535 327.91 13.77
E 25 38 0.021660 0.003138 387.56 1.60
E 25 41 0.021307 0.003887 361.79 0.11
E 25 42 0.020561 0.003591 318.26 0.40
E 25 43 0.017422 0.001731 287.05 56.73
E 25 45 0.019190 0.003611 303.28 27.76
E 25 47 0.020076 0.001357 356.80 3.12
E 25 50 0.021270 0.003869 349.21 7.89
E 25 53 0.020450 0.003273 334.80 42.48
E 25 54 0.021861 0.004802 360.78 35.10
E 25 56 0.019926 0.003469 355.94 1.93
E 25 57 0.021771 0.004236 322.66 0.79
E 25 58 0.016551 0.000689 240.13 52.47
E 25 63 0.021119 0.003879 305.92 1.68
E 25 68 0.020446 0.003260 329.31 39.08
E 25 69 0.020653 0.003071 354.49 41.22
E 25 72 0.021746 0.004987 346.31 5.23
E 25 73 0.020444 0.003344 319.38 2.15
E 25 74 0.021775 0.004401 332.22 41.53
E 25 79 0.018844 0.000909 284.70 57.17
E 25 81 0.020402 0.003113 317.28 0.10
E 25 82 0.023356 0.005427 350.91 7.06
E 25 84 0.020446 0.003260 314.39 39.14
E 25 87 0.021264 0.003945 334.24 1.04
E 25 88 0.020698 0.002329 327.92 1.55
E 25 89 0.020868 0.003583 347.14 0.71
E 25 90 0.021209 0.004719 371.88 0.95
E 25 91 0.017734 0.000861 308.95 0.64
E 25 94 0.018350 0.002563 290.26 0.85
E 25 98 0.016551 0.000689 283.05 0.14
E 26 29 0.012960 0.000590 194.02 0.13
E 26 30 0.013457 0.001170 211.92 3.03
E 26 31 0.021546 0.001922 496.83 0.48
E 26 34 0.022903 0.002205 357.94 3.29
E 26 37 0.021542 0.001922 481.14 2.53
E 26 39 0.016013 0.002401 270.20 61.08
E 26 40 0.022734 0.002205 706.52 0.01
E 26 44 0.013057 0.001288 199.11 6.25
E 26 49 0.024109 0.006218 382.26 1.44
E 26 52 0.022733 0.002205 455.33 3.32
E 26 59 0.017790 0.002744 305.19 2.96
E 26 62 0.021546 0.001922 427.33 2.70
E 26 64 0.021548 0.000000 484.53 47.38
E 26 70 0.013037 0.001386 197.24 0.98
E 26 83 0.023834 0.004919 432.82 175.89
E 26 92 0.018187 0.002883 273.44 0.60
E 26 99 0.017692 0.002744 238.90 0.00
E 26 100 0.013510 0.001807 207.33 0.00
E 27 33 0.017305 0.003214 282.39 0.00
E 27 35 0.016883 0.003911 246.56 7.42
E 27 65 0.020936 0.004681 293.07 9.71
E 27 66 0.015136 0.002559 253.05 0.07
E 27 80 0.017137 0.004353 252.20 0.08
E 27 96 0.019053 0.003188 298.17 0.59
E 27 97 0.017969 0.003973 288.87 0.58
E 28 34 0.019198 0.003265 343.14 3.72
E 28 37 0.020206 0.003695 344.13 2.48
E 28 39 0.018334 0.006378 279.47 2.37
E 28 40 0.018323 0.002629 306.16 245.18
E 28 43 0.018705 0.001834 327.37 4.91
E 28 46 0.017258 0.003315 304.03 2.75
E 28 49 0.001969 0.000000 188.00 2.25
E 28 51 0.018201 0.003053 305.55 1.35
E 28 52 0.018151 0.002996 312.66 3.72
E 28 56 0.019918 0.003663 304.49 9.99
E 28 57 0.021826 0.004085 332.96 2.49
E 28 58 0.018463 0.001710 268.79 5.59
E 28 61 0.019199 0.002035 297.51 1.14
E 28 66 0.018155 0.003392 385.60 0.74
E 28 71 0.019415 0.004114 314.53 2.64
E 28 78 0.019540 0.003112 332.69 2.73
E 28 79 0.019388 0.001840 306.70 4.93
E 28 83 0.001777 0.000000 164.00 0.14
E 28 86 0.019657 0.004056 319.54 1.34
E 28 91 0.018610 0.001664 297.67 3.79
E 28 97 0.018042 0.003415 302.13 0.24
E 28 98 0.018463 0.001710 290.56 0.89
E 29 30 0.013445 0.001166 211.06 0.50
E 29 31 0.024374 0.005993 399.18 0.15
E 29 34 0.024374 0.005993 458.73 0.37
E 29 37 0.020922 0.003634 316.35 1.45
E 29 39 0.016468 0.002956 257.41 1.65
E 29 44 0.013012 0.001128 197.51 15.48
E 29 49 0.024056 0.005156 399.52 0.91
E 29 52 0.024374 0.005993 490.53 0.37
E 29 59 0.017791 0.002498 349.40 1.11
E 29 62 0.024373 0.005992 407.16 0.40
E 29 70 0.012961 0.001183 204.69 4.75
E 29 83 0.023835 0.004918 367.17 1.58
E 29 92 0.017568 0.002498 287.84 0.28
E 29 99 0.017568 0.002792 303.34 8.11
E 29 100 0.013481 0.001780 207.25 11.82
E 30 31 0.025108 0.007631 327.45 4.56
E 30 34 0.032739 0.001809 607.60 3.63
E 30 37 0.020043 0.004749 390.37 6.32
E 30 39 0.016013 0.002401 259.25 2.71
E 30 40 0.032741 0.000000 533.57 0.65
E 30 44 0.013264 0.001288 200.84 176.70
E 30 49 0.024684 0.006826 408.56 3.30
E 30 52 0.032739 0.001131 635.56 3.67
E 30 59 0.017790 0.002940 348.51 1.22
E 30 61 0.003089 0.000000 328.00 0.17
E 30 62 0.020801 0.005698 327.12 0.48
E 30 64 0.032741 0.000000 624.94 6.63
E 30 70 0.013437 0.001386 219.57 5.85
E 30 83 0.023834 0.004919 368.27 1.56
E 30 92 0.016842 0.002940 262.54 3.27
E 30 99 0.016843 0.002940 317.80 8.77
E 31 37 0.021599 0.005056 365.82 0.92
E 31 43 0.024102 0.004758 367.15 14.45
E 31 49 0.022440 0.005757 357.44 0.36
E 31 57 0.022530 0.005341 352.94 10.33
E 31 59 0.020828 0.005454 306.33 1.75
E 31 60 0.022483 0.003173 328.41 21.60
E 31 61 0.023549 0.005508 378.52 1.04
E 31 62 0.022159 0.004656 359.21 0.46
E 31 64 0.021897 0.005462 333.01 9.13
E 31 77 0.022336 0.005540 339.67 0.88
E 31 79 0.022192 0.005597 332.83 18.15
E 31 83 0.021789 0.005766 334.39 1.36
E 31 85 0.022297 0.005622 351.17 0.02
E 31 92 0.020867 0.005536 345.39 0.05
E 31 93 0.022052 0.004894 326.27 114.76
E 31 95 0.021852 0.003901 373.04 0.12
E 31 98 0.022294 0.003935 327.47 0.89
E 31 99 0.020599 0.005421 301.79 1.44
E 32 38 0.019453 0.004658 340.24 6.01
E 32 41 0.020353 0.002309 348.36 726.15
E 32 42 0.020011 0.002580 336.39 106.86
E 32 45 0.019817 0.002990 369.10 0.51
E 32 50 0.020039 0.002806 319.34 2.72
E 32 53 0.019966 0.002506 314.00 0.03
E 32 54 0.020826 0.004828 337.94 0.03
E 32 56 0.001713 0.000000 156.00 0.69
E 32 58 0.020699 0.001187 270.99 11.45
E 32 60 0.019789 0.004189 296.29 1.39
E 32 67 0.020867 0.001357 346.13 7.07
E 32 68 0.019980 0.002601 322.87 0.43
E 32 72 0.019940 0.002771 320.14 0.12
E 32 73 0.020097 0.003064 338.89 25.81
E 32 74 0.020394 0.003984 340.77 6.08
E 32 82 0.019453 0.002773 319.97 0.95
E 32 84 0.020008 0.003375 318.94 0.65
E 32 85 0.009315 0.001632 932.00 510.87
E 32 87 0.020871 0.004621 330.86 2.48
E 32 89 0.020245 0.004140 310.81 0.65
E 32 90 0.019755 0.003225 334.27 2.76
E 32 91 0.020699 0.001583 306.19 3.47
E 32 94 0.019801 0.002671 305.04 1.30
E 32 98 0.021547 0.001187 649.89 6.38
E 33 34 0.001393 0.000000 116.00 0.00
E 33 35 0.017208 0.003400 279.84 12.12
E 33 36 0.017136 0.002667 288.05 0.00
E 33 38 0.020191 0.003279 378.16 0.44
E 33 48 0.015442 0.000339 437.62 0.00
E 33 55 0.016432 0.003322 255.10 0.00
E 33 63 0.025193 0.003279 447.86 0.18
E 33 65 0.018245 0.003278 312.12 0.37
E 33 66 0.016849 0.003591 263.19 15.69
E 33 74 0.022395 0.004918 473.55 0.00
E 33 75 0.017576 0.003446 298.61 0.00
E 33 76 0.015965 0.002714 246.35 0.00
E 33 78 0.004130 0.000960 400.00 0.41
E 33 80 0.016124 0.002983 249.96 0.00
E 33 90 0.019536 0.003540 315.42 1.11
E 33 96 0.018320 0.003349 306.25 0.00
E 33 97 0.017469 0.003823 290.56 80.78
E 34 37 0.019729 0.004274 311.03 2.27
E 34 39 0.018777 0.004805 303.60 13.52
E 34 40 0.018733 0.004369 315.63 0.42
E 34 49 0.023682 0.005393 389.38 21.19
E 34 57 0.025316 0.005465 384.03 30.54
E 34 59 0.021885 0.002238 371.69 4.03
E 34 61 0.029349 0.001244 382.17 136.41
E 34 64 0.023446 0.004410 424.51 5.42
E 34 71 0.019164 0.004692 298.67 80.41
E 34 73 0.004226 0.000416 412.00 0.24
E 34 77 0.001905 0.000000 180.00 4.46
E 34 78 0.018501 0.004349 300.65 65.21
E 34 83 0.021914 0.004719 373.15 17.26
E 34 85 0.022903 0.004613 326.74 110.51
E 34 92 0.022395 0.002205 281.58 57.65
E 34 97 0.017570 0.004418 289.65 0.69
E 35 36 0.018185 0.005988 286.88 1.94
E 35 38 0.017730 0.005754 306.92 74.73
E 35 41 0.017272 0.002848 248.00 5.36
E 35 48 0.017891 0.005647 253.86 1.86
E 35 55 0.017196 0.003461 268.75 2.87
E 35 63 0.019529 0.003860 323.73 6.39
E 35 65 0.018318 0.003454 305.69 14.17
E 35 74 0.019586 0.004070 300.85 2.17
E 35 75 0.018210 0.003318 298.63 1.98
E 35 76 0.017261 0.003623 268.29 1.85
E 35 80 0.017261 0.003623 288.58 1.63
E 35 90 0.019705 0.003434 324.58 2.57
E 35 96 0.018375 0.003501 297.42 0.39
E 36 37 0.019538 0.004397 293.74 1.32
E 36 63 0.020297 0.002754 332.80 51.66
E 36 65 0.020546 0.003683 293.83 10.74
E 36 66 0.017998 0.004127 270.93 0.11
E 36 71 0.017646 0.002523 276.10 109.69
E 36 78 0.016741 0.002713 293.00 74.47
E 36 80 0.017322 0.005547 295.00 0.02
E 36 90 0.021064 0.003209 325.08 4.48
E 36 96 0.018713 0.002374 300.32 0.19
E 36 97 0.017681 0.004167 288.46 0.20
E 37 40 0.019923 0.003631 325.65 1.34
E 37 43 0.023146 0.005104 402.84 1.17
E 37 49 0.022110 0.004579 322.78 0.68
E 37 51 0.019960 0.004049 301.61 1.20
E 37 52 0.019748 0.003574 328.27 1.16
E 37 57 0.023468 0.004882 357.69 0.46
E 37 59 0.019507 0.001102 387.25 2.97
E 37 60 0.021126 0.002665 353.35 26.42
E 37 61 0.024006 0.003816 363.02 5.33
E 37 62 0.021801 0.001628 319.73 6.18
E 37 64 0.022767 0.005800 399.16 10.36
E 37 71 0.019934 0.003808 329.86 1.46
E 37 77 0.022565 0.002700 509.05 2.33
E 37 78 0.019712 0.003856 308.68 11.83
E 37 79 0.023631 0.005411 399.31 1.17
E 37 83 0.020202 0.002927 295.52 14.84
E 37 85 0.022520 0.003505 328.80 12.13
E 37 86 0.020013 0.003727 308.22 1.17
E 37 92 0.019509 0.002458 342.93 0.35
E 37 99 0.020190 0.003596 323.98 8.28
E 38 41 0.017521 0.003855 284.59 1.83
E 38 42 0.003458 0.000032 316.00 33.20
E 38 45 0.018495 0.000170 268.73 2.31
E 38 47 0.018599 0.004070 309.37 8.37
E 38 50 0.020583 0.002760 316.61 0.92
E 38 53 0.021943 0.004381 351.79 23.62
E 38 54 0.024904 0.005393 430.28 24.55
E 38 63 0.019716 0.004494 321.68 0.23
E 38 65 0.018325 0.000170 357.69 3.97
E 38 69 0.019333 0.002905 307.39 15.95
E 38 72 0.022405 0.005062 385.69 16.65
E 38 73 0.019826 0.004399 315.28 2.32
E 38 74 0.020598 0.004518 312.83 19.96
E 38 75 0.018337 0.004151 296.04 16.99
E 38 82 0.017661 0.003938 284.61 1.03
E 38 87 0.020921 0.004312 328.96 0.36
E 38 88 0.019905 0.004077 318.32 0.16
E 38 89 0.020761 0.004013 331.21 0.49
E 38 90 0.019864 0.004794 315.08 1.10
E 39 40 0.016225 0.002661 259.87 5.19
E 39 44 0.016398 0.002854 263.99 61.29
E 39 46 0.015113 0.003212 231.57 2.64
E 39 51 0.018153 0.005935 315.62 2.84
E 39 52 0.016999 0.005224 248.42 14.93
E 39 55 0.014946 0.003198 247.52 3.06
E 39 66 0.014612 0.003192 228.86 1.98
E 39 70 0.016271 0.002926 247.23 1.18
E 39 96 0.017203 0.003251 269.24 2.39
E 39 97 0.017467 0.003166 311.84 4.37
E 39 99 0.016460 0.000000 311.02 7.93
E 39 100 0.016397 0.002854 277.05 7.64
E 40 43 0.025742 0.005578 400.43 4.37
E 40 49 0.022868 0.005119 470.57 1.90
E 40 51 0.016122 0.002160 257.20 2.52
E 40 52 0.016049 0.002005 251.53 0.43
E 40 56 0.021548 0.005851 472.94 1.81
E 40 57 0.024906 0.004943 418.34 3.47
E 40 59 0.022074 0.005578 302.61 2.80
E 40 60 0.019834 0.002601 321.06 0.63
E 40 61 0.024791 0.004895 363.12 6.47
E 40 64 0.022706 0.004954 396.66 33.12
E 40 65 0.001521 0.000000 132.00 89.31
E 40 71 0.018379 0.003239 302.32 0.36
E 40 77 0.008067 0.001503 776.00 3.06
E 40 78 0.017486 0.003671 283.29 16.91
E 40 79 0.024089 0.005578 394.32 4.49
E 40 83 0.023353 0.005119 411.49 10.95
E 40 85 0.023772 0.005379 374.05 1.72
E 40 86 0.018429 0.002469 290.03 0.22
E 40 91 0.021548 0.004070 366.11 0.96
E 40 92 0.020868 0.000000 336.56 1.19
E 40 98 0.003297 0.000256 296.00 15.01
E 41 42 0.020832 0.003677 324.59 1.33
E 41 45 0.022417 0.004943 313.97 13.61
E 41 47 0.018576 0.001800 309.30 8.80
E 41 50 0.020347 0.001963 321.50 331.91
E 41 53 0.019780 0.002892 322.68 1.86
E 41 54 0.022748 0.005193 358.63 1.84
E 41 63 0.021854 0.004471 433.47 0.78
E 41 68 0.019610 0.001962 308.82 2.01
E 41 69 0.019634 0.003637 318.81 2.14
E 41 72 0.021607 0.004473 335.55 1.70
E 41 74 0.021631 0.004181 344.28 2.47
E 41 75 0.017711 0.003646 280.44 41.97
E 41 81 0.020758 0.002914 323.61 0.56
E 41 82 0.016298 0.002099 272.43 4.16
E 41 84 0.019510 0.003330 337.58 2.01
E 41 87 0.020820 0.003241 333.35 0.46
E 41 88 0.020077 0.004519 335.65 0.66
E 41 89 0.020730 0.004075 319.34 0.51
E 42 45 0.021601 0.004240 425.66 0.00
E 42 47 0.021109 0.004232 346.83 0.30
E 42 50 0.019506 0.002265 324.97 4.41
E 42 53 0.019273 0.002424 305.39 0.09
E 42 54 0.020929 0.004852 323.00 0.14
E 42 60 0.018172 0.003731 306.45 2.22
E 42 63 0.019750 0.003251 308.41 15.45
E 42 68 0.019267 0.002351 296.73 0.13
E 42 69 0.019294 0.004147 317.47 0.08
E 42 72 0.019929 0.003212 309.57 2.59
E 42 73 0.020058 0.003157 306.53 436.41
E 42 74 0.020589 0.004175 320.25 0.06
E 42 81 0.019306 0.002408 319.35 0.17
E 42 84 0.019267 0.003290 291.81 0.13
E 42 87 0.020850 0.004371 326.44 3.93
E 42 88 0.019871 0.004150 320.05 7.13
E 42 89 0.020357 0.004070 313.49 5.29
E 42 90 0.019624 0.003181 306.54 2.39
E 43 49 0.023635 0.005788 364.80 7.69
E 43 56 0.020935 0.004742 317.90 0.00
E 43 57 0.022436 0.003852 349.35 182.03
E 43 59 0.023794 0.004198 382.92 6.95
E 43 60 0.023337 0.005330 369.61 0.00
E 43 61 0.021173 0.004278 322.48 53.26
E 43 64 0.022054 0.005327 358.20 0.58
E 43 67 0.021791 0.003873 318.06 0.00
E 43 77 0.020154 0.003242 330.92 7.31
E 43 83 0.023429 0.004817 372.10 6.09
E 43 85 0.021037 0.003356 325.51 17.95
E 43 91 0.019814 0.003060 329.86 20.91
E 43 98 0.019562 0.002893 334.40 2.75
E 44 70 0.013107 0.001296 197.47 16.05
E 44 99 0.017816 0.002985 349.15 0.87
E 44 100 0.013580 0.001837 202.62 2.00
E 45 56 0.020694 0.004344 338.85 16.13
E 45 61 0.020314 0.004079 322.37 29.72
E 45 63 0.021999 0.005314 395.77 5.70
E 45 64 0.021261 0.004399 342.51 0.41
E 45 67 0.021725 0.004540 363.78 42.35
E 45 72 0.001745 0.000000 160.00 507.27
E 45 73 0.023921 0.005088 325.23 0.18
E 45 81 0.021601 0.003449 418.49 235.48
E 45 85 0.020624 0.003864 326.60 5.34
E 45 87 0.021601 0.003449 331.86 39.86
E 45 91 0.020185 0.004758 318.95 21.54
E 45 94 0.019494 0.003286 300.05 57.26
E 46 66 0.014835 0.003346 239.04 0.43
E 46 70 0.013745 0.000271 223.31 65.61
E 46 71 0.019134 0.004655 288.85 41.84
E 46 80 0.013534 0.000260 218.59 0.10
E 46 96 0.017787 0.003350 281.99 0.76
E 46 97 0.017383 0.003562 304.42 0.65
E 47 50 0.020403 0.001839 321.85 0.32
E 47 53 0.021223 0.002778 301.91 0.41
E 47 54 0.023864 0.004862 380.51 1.08
E 47 68 0.016769 0.001244 272.28 0.93
E 47 69 0.019659 0.003467 307.42 0.66
E 47 72 0.021412 0.003750 368.52 1.96
E 47 81 0.016509 0.000392 297.13 1.11
E 47 82 0.021354 0.005573 355.07 1.31
E 47 84 0.018347 0.003004 268.11 0.92
E 47 87 0.019918 0.000633 318.67 11.60
E 47 88 0.021704 0.004669 366.53 6.27
E 47 89 0.022471 0.004565 344.89 8.00
E 48 80 0.017094 0.004918 263.23 0.06
E 48 96 0.018802 0.002459 268.99 0.62
E 49 52 0.023340 0.005088 324.99 21.24
E 49 56 0.021703 0.004345 368.11 2.17
E 49 57 0.022714 0.005339 355.31 24.46
E 49 59 0.022547 0.005356 355.22 4.45
E 49 60 0.022714 0.005503 410.70 15.74
E 49 61 0.021778 0.004327 326.33 0.00
E 49 62 0.024439 0.006052 372.22 1.42
E 49 64 0.022620 0.005414 378.15 0.00
E 49 67 0.021699 0.004656 353.23 0.52
E 49 71 0.020575 0.002420 351.51 0.41
E 49 77 0.021983 0.004155 331.29 0.02
E 49 79 0.022234 0.004874 321.98 24.61
E 49 83 0.022653 0.005454 345.63 12.15
E 49 85 0.022374 0.005271 376.63 0.43
E 49 86 0.021242 0.002934 341.06 23.18
E 49 92 0.022654 0.005389 354.15 0.02
E 49 93 0.022498 0.005241 336.86 27.60
E 49 99 0.022512 0.005414 342.23 2.81
E 50 53 0.019642 0.002203 304.34 3.73
E 50 54 0.020740 0.004769 315.16 7.38
E 50 63 0.019974 0.003294 309.20 2.70
E 50 68 0.019463 0.002100 320.19 67.71
E 50 69 0.019696 0.004289 317.36 4.72
E 50 72 0.019966 0.003188 321.83 0.83
E 50 73 0.020070 0.003167 315.00 10.78
E 50 74 0.020611 0.004220 331.94 3.94
E 50 75 0.021275 0.003143 359.58 5.00
E 50 81 0.019414 0.002302 319.25 5.51
E 50 82 0.020437 0.003119 314.12 1.42
E 50 84 0.019462 0.003029 295.20 66.98
E 50 87 0.020851 0.004414 329.37 4.20
E 50 88 0.020455 0.004829 336.02 2.66
E 50 89 0.020707 0.003840 336.77 6.89
E 50 90 0.019939 0.003135 328.46 20.00
E 51 63 0.019988 0.003477 281.15 23.78
E 51 65 0.018664 0.002560 370.38 144.45
E 51 66 0.017611 0.002510 260.55 0.06
E 51 71 0.018718 0.003470 308.92 79.59
E 51 73 0.018268 0.000735 359.78 0.00
E 51 78 0.016571 0.002490 265.29 52.97
E 51 85 0.022565 0.000000 717.62 114.22
E 51 90 0.001777 0.000000 164.00 8.03
E 51 97 0.016863 0.003061 292.02 0.21
E 52 57 0.025437 0.005405 386.19 30.75
E 52 59 0.020952 0.001526 425.12 4.11
E 52 61 0.029349 0.001526 372.89 136.37
E 52 64 0.023446 0.004410 358.19 5.42
E 52 71 0.018553 0.003493 305.05 80.46
E 52 78 0.017584 0.004102 309.18 65.03
E 52 83 0.021672 0.002530 314.26 17.30
E 52 85 0.023284 0.002650 352.18 110.17
E 52 92 0.001809 0.000000 168.00 57.79
E 52 97 0.017624 0.004020 286.40 0.61
E 53 54 0.020895 0.004849 339.66 0.19
E 53 63 0.021860 0.004436 347.65 212.07
E 53 68 0.017002 0.001516 268.67 0.20
E 53 69 0.018265 0.004431 293.76 0.22
E 53 72 0.019905 0.003194 320.96 155.13
E 53 74 0.022718 0.005242 354.09 0.23
E 53 81 0.017011 0.001528 267.55 0.51
E 53 82 0.028501 0.005427 573.01 48.75
E 53 84 0.017001 0.002947 280.46 0.20
E 53 87 0.020896 0.004224 341.55 39.86
E 53 88 0.019838 0.004138 331.80 96.51
E 53 89 0.020337 0.004085 321.80 10.61
E 53 90 0.005458 0.000288 508.00 9.80
E 54 63 0.020639 0.004567 329.85 226.48
E 54 72 0.020838 0.004876 319.77 100.66
E 54 81 0.022655 0.005005 360.64 0.59
E 54 82 0.023356 0.006513 429.65 61.25
E 54 87 0.021011 0.004857 336.24 36.19
E 54 88 0.022114 0.004549 363.40 93.22
E 54 89 0.023005 0.005516 383.48 9.90
E 54 90 0.020692 0.005515 329.01 8.74
E 54 94 0.019831 0.004060 313.96 6.20
E 55 63 0.020720 0.003090 344.07 65.54
E 55 65 0.018243 0.003202 281.03 44.17
E 55 66 0.015809 0.002837 238.04 0.06
E 55 80 0.015958 0.002532 258.08 0.02
E 55 90 0.019982 0.003155 349.37 4.98
E 55 96 0.018318 0.003009 285.97 0.25
E 55 97 0.016884 0.003153 262.32 0.22
E 56 57 0.022453 0.004817 337.43 0.00
E 56 58 0.021709 0.005528 320.24 0.00
E 56 61 0.020825 0.004475 349.15 3.18
E 56 64 0.021206 0.004770 325.36 1.27
E 56 67 0.021724 0.005396 345.79 0.60
E 56 73 0.004513 0.001088 448.00 1.22
E 56 77 0.021231 0.005263 332.64 1.51
E 56 79 0.021756 0.005061 356.32 0.00
E 56 85 0.021160 0.005036 342.89 0.73
E 56 91 0.021494 0.004900 358.72 2.45
E 56 94 0.021279 0.005160 353.51 1.02
E 56 95 0.020815 0.004444 339.66 2.20
E 56 98 0.021710 0.005528 347.92 4.04
E 57 58 0.022233 0.003731 345.92 221.45
E 57 59 0.024883 0.003957 420.95 5.58
E 57 60 0.023985 0.004667 358.59 0.00
E 57 61 0.022366 0.004410 356.92 49.08
E 57 64 0.024798 0.006173 418.32 0.70
E 57 67 0.022701 0.004033 365.46 0.00
E 57 71 0.022847 0.004815 329.38 108.55
E 57 77 0.022625 0.003914 357.06 6.91
E 57 79 0.022707 0.004037 370.54 184.78
E 57 83 0.022554 0.004769 366.56 6.23
E 57 85 0.022719 0.004039 351.44 17.61
E 57 86 0.023387 0.004857 390.25 239.73
E 57 91 0.022284 0.003813 372.86 21.73
E 57 94 0.022417 0.004018 353.74 7.39
E 57 98 0.022234 0.003731 350.37 1.47
E 58 61 0.021326 0.004431 335.96 130.72
E 58 64 0.021208 0.000452 297.25 5.51
E 58 67 0.021677 0.004103 341.30 1.38
E 58 77 0.019701 0.001514 299.69 5.01
E 58 85 0.023921 0.003929 342.75 111.34
E 58 91 0.019196 0.002216 291.10 36.94
E 58 94 0.018504 0.002874 289.18 12.40
E 58 98 0.016316 0.001005 265.07 2.11
E 59 60 0.022500 0.003159 386.31 16.93
E 59 61 0.024006 0.003816 352.61 0.30
E 59 62 0.019022 0.002768 331.18 0.18
E 59 64 0.020973 0.003793 341.92 5.45
E 59 77 0.006162 0.000192 596.00 10.80
E 59 79 0.024072 0.004636 387.61 6.45
E 59 83 0.020214 0.003392 317.25 1.21
E 59 92 0.015010 0.001716 246.75 1.28
E 59 93 0.015557 0.002370 244.04 10.79
E 59 99 0.015361 0.002835 246.62 0.92
E 60 61 0.022654 0.003854 412.93 4.89
E 60 62 0.022483 0.004555 344.77 3.92
E 60 64 0.023098 0.006755 376.11 0.13
E 60 65 0.017767 0.002943 295.31 2.25
E 60 72 0.018943 0.003680 307.94 51.33
E 60 73 0.019075 0.003026 319.11 0.25
E 60 77 0.021439 0.002587 387.50 203.08
E 60 79 0.023166 0.004292 332.85 0.00
E 60 83 0.023431 0.003543 443.29 173.34
E 60 85 0.022354 0.003053 370.05 0.55
E 60 87 0.021150 0.005420 340.70 164.25
E 60 92 0.022484 0.003173 339.32 14.40
E 60 93 0.022258 0.002839 330.36 0.00
E 60 98 0.021745 0.002318 361.10 273.22
E 60 99 0.022257 0.004225 330.60 108.81
E 61 62 0.020535 0.003630 323.84 0.02
E 61 64 0.021206 0.004284 330.55 1.10
E 61 67 0.021724 0.004289 354.72 58.58
E 61 77 0.021013 0.003860 329.61 279.31
E 61 79 0.021755 0.003719 336.51 105.27
E 61 83 0.024006 0.004918 442.29 0.16
E 61 85 0.021033 0.003631 338.81 105.00
E 61 91 0.020956 0.004140 346.55 0.11
E 61 92 0.028500 0.000848 451.69 236.29
E 61 93 0.023244 0.004172 444.24 137.41
E 61 94 0.020543 0.003773 319.22 247.81
E 61 98 0.021313 0.004500 324.23 1.78
E 62 64 0.020696 0.003562 328.33 38.35
E 62 77 0.019506 0.002683 307.54 8.58
E 62 83 0.021453 0.002186 324.78 0.57
E 62 85 0.020853 0.003778 311.72 0.01
E 62 92 0.019567 0.003836 317.61 0.91
E 62 93 0.018118 0.002962 274.40 10.37
E 62 99 0.019567 0.003837 291.20 0.67
E 63 65 0.019933 0.003592 325.38 3.96
E 63 69 0.023526 0.004206 380.25 246.07
E 63 72 0.019979 0.003341 314.04 23.91
E 63 73 0.020061 0.003587 323.09 5.85
E 63 74 0.020597 0.004000 330.57 162.71
E 63 75 0.019585 0.003420 309.37 51.78
E 63 76 0.020147 0.003336 340.23 10.58
E 63 80 0.020608 0.006720 326.07 198.37
E 63 82 0.019967 0.003281 310.21 0.00
E 63 87 0.020901 0.004293 314.86 0.07
E 63 88 0.019928 0.003353 329.61 0.08
E 63 89 0.019978 0.003331 312.66 0.10
E 63 90 0.020194 0.003604 331.90 0.42
E 63 96 0.019901 0.002835 318.28 12.77
E 63 97 0.019456 0.001611 493.92 5.99
E 64 67 0.022310 0.004181 347.82 0.19
E 64 73 0.002033 0.000000 196.00 0.19
E 64 77 0.020857 0.004205 324.39 30.78
E 64 79 0.021609 0.004145 337.41 4.12
E 64 83 0.020944 0.004025 329.90 4.84
E 64 85 0.021078 0.004188 337.79 10.39
E 64 86 0.004066 0.000000 392.00 5.62
E 64 91 0.021142 0.004136 342.61 22.58
E 64 92 0.020827 0.003807 319.81 41.79
E 64 93 0.021077 0.004015 329.61 6.27
E 64 95 0.020932 0.003929 332.92 5.37
E 64 98 0.021546 0.001866 524.82 19.13
E 65 66 0.020569 0.003931 321.67 35.73
E 65 73 0.019939 0.003736 311.79 0.13
E 65 74 0.020859 0.004804 303.44 28.70
E 65 78 0.019960 0.006276 660.65 0.00
E 65 87 0.020621 0.004182 327.58 660.43
E 65 90 0.020018 0.003658 315.21 102.83
E 65 96 0.018390 0.003278 297.48 24.08
E 65 97 0.018383 0.003661 296.65 8.96
E 66 71 0.018367 0.003350 300.99 65.19
E 66 76 0.015153 0.003829 244.50 0.57
E 66 78 0.018527 0.004003 275.49 16.17
E 66 80 0.014683 0.003829 228.23 1.43
E 66 90 0.019257 0.000340 297.56 1.98
E 66 96 0.018277 0.003028 283.49 0.09
E 66 97 0.017585 0.003872 266.87 0.33
E 67 73 0.001649 0.000000 148.00 0.83
E 67 77 0.021721 0.004021 316.90 3.23
E 67 79 0.021836 0.003865 374.03 1.74
E 67 83 0.021101 0.003222 315.08 611.73
E 67 85 0.021882 0.004288 334.91 1.14
E 67 86 0.021249 0.004193 378.17 2.63
E 67 91 0.021720 0.003974 349.85 0.82
E 67 94 0.021801 0.004514 323.48 2.15
E 67 98 0.021678 0.004103 353.76 49.84
E 68 72 0.020016 0.003281 299.03 115.26
E 68 81 0.015660 0.001209 269.06 0.49
E 68 87 0.020059 0.001131 285.59 26.90
E 68 88 0.019588 0.004189 308.86 105.68
E 68 89 0.020551 0.003878 331.28 10.84
E 69 72 0.020061 0.004225 310.23 42.66
E 69 81 0.018158 0.004176 287.41 0.82
E 69 82 0.019308 0.003521 311.01 25.93
E 69 87 0.020788 0.002748 342.47 24.15
E 69 88 0.020114 0.004397 304.76 37.94
E 69 89 0.020446 0.004348 335.71 6.26
E 70 100 0.013501 0.001776 214.93 38.46
E 71 78 0.018626 0.003926 289.38 0.16
E 71 83 0.017802 0.002480 279.81 0.53
E 71 86 0.018554 0.003536 290.77 81.26
E 71 97 0.018608 0.003053 268.40 3.55
E 72 73 0.020058 0.003157 327.78 3.79
E 72 74 0.020564 0.004118 336.33 93.77
E 72 81 0.020042 0.003172 318.36 6.27
E 72 82 0.022406 0.005062 319.91 0.16
E 72 84 0.020016 0.003281 326.39 115.05
E 72 87 0.020850 0.004414 324.02 12.47
E 72 88 0.020127 0.004523 335.19 6.06
E 72 89 0.020285 0.003868 326.08 2.43
E 72 90 0.019754 0.003225 309.17 1.86
E 73 74 0.020294 0.003890 321.31 5.78
E 73 78 0.012948 0.003584 1212.00 3.74
E 73 82 0.020060 0.003304 329.16 2.96
E 73 85 0.016402 0.003200 1644.00 23.80
E 73 86 0.001617 0.000000 144.00 0.17
E 73 87 0.020957 0.004712 345.07 643.75
E 73 88 0.020053 0.004647 342.25 0.01
E 73 89 0.020147 0.003867 336.94 0.12
E 73 90 0.020111 0.003658 325.49 3.75
E 73 94 0.022000 0.005653 305.02 3.95
E 74 82 0.020574 0.004150 331.68 50.93
E 74 87 0.020892 0.004305 335.54 22.79
E 74 88 0.020618 0.004427 326.64 81.65
E 74 89 0.020617 0.004208 322.31 8.91
E 74 90 0.020585 0.004089 350.53 4.47
E 74 96 0.020481 0.004786 326.67 0.10
E 75 80 0.018204 0.003286 302.09 0.02
E 75 82 0.018337 0.003350 291.34 24.44
E 75 88 0.027144 0.000169 311.41 32.15
E 75 89 0.024685 0.004579 347.58 6.23
E 75 90 0.019700 0.003419 303.32 4.34
E 75 96 0.018093 0.003377 302.75 0.10
E 76 80 0.015556 0.002665 252.25 0.06
E 76 96 0.018385 0.003118 288.91 0.61
E 77 79 0.021735 0.003614 339.69 7.45
E 77 83 0.019489 0.002679 344.53 1.79
E 77 85 0.021038 0.003305 331.24 1.52
E 77 91 0.019751 0.002403 325.51 0.04
E 77 94 0.019471 0.003269 305.83 0.04
E 77 98 0.019701 0.001514 320.77 0.06
E 78 85 0.022056 0.002417 317.02 0.93
E 78 86 0.018611 0.003700 290.90 59.56
E 78 90 0.018834 0.000169 320.11 14.31
E 78 97 0.017524 0.003633 276.90 1.45
E 79 83 0.021483 0.003455 331.53 6.08
E 79 85 0.021542 0.003544 339.89 16.60
E 79 91 0.021877 0.003573 317.58 20.37
E 79 92 0.006706 0.000736 664.00 14.32
E 79 98 0.021467 0.003588 319.91 2.77
E 80 96 0.018385 0.003118 297.80 0.84
E 81 84 0.017047 0.003171 260.91 0.49
E 81 87 0.019976 0.000636 337.73 3.77
E 81 88 0.019003 0.001357 318.06 3.47
E 81 89 0.021756 0.003940 326.31 2.18
E 82 87 0.020810 0.003989 335.51 486.07
E 82 88 0.020037 0.004143 293.29 62.38
E 82 89 0.020618 0.003903 319.93 46.27
E 82 90 0.019891 0.003263 338.16 35.84
E 83 85 0.020716 0.003134 328.83 31.14
E 83 86 0.019017 0.002479 321.74 18.86
E 83 92 0.020214 0.003392 329.88 1.14
E 83 93 0.019730 0.003301 305.73 21.71
E 83 99 0.020029 0.003175 307.48 0.00
E 84 87 0.020059 0.003138 417.79 26.83
E 84 88 0.019774 0.004541 325.24 105.56
E 84 89 0.020551 0.003878 345.91 10.84
E 85 86 0.023988 0.003595 407.52 105.26
E 85 91 0.021181 0.003368 343.91 0.43
E 85 93 0.020636 0.003328 310.83 139.52
E 85 94 0.025132 0.004846 366.12 1.14
E 85 98 0.024684 0.004240 438.12 4.78
E 87 88 0.020896 0.004266 343.72 0.11
E 87 89 0.020895 0.004266 346.19 0.05
E 87 90 0.020958 0.004679 338.02 0.49
E 88 89 0.020402 0.004282 350.43 0.04
E 88 90 0.026975 0.000170 339.21 0.10
E 89 90 0.019873 0.003135 325.46 0.11
E 90 96 0.020059 0.003308 304.56 4.08
E 90 97 0.019059 0.001187 286.04 0.55
E 91 94 0.019107 0.003159 287.03 0.03
E 91 98 0.019197 0.002216 313.66 0.18
E 92 93 0.015621 0.002393 236.65 58.18
E 92 99 0.015398 0.002887 246.11 0.68
E 93 99 0.015578 0.002882 264.75 0.86
E 94 98 0.018486 0.002887 319.25 0.15
E 96 97 0.018243 0.003559 300.05 0.04
END

SECTION Terminals
Root 36
Terminals 43
T 5
T 46
T 96
T 52
T 45
T 40
T 39
T 29
T 15
T 59
T 62
T 95
T 72
T 18
T 80
T 87
T 56
T 75
T 91
T 23
T 9
T 71
T 84
T 98
T 79
T 57
T 41
T 64
T 47
T 81
T 13
T 49
T 14
T 50
T 34
T 73
T 74
T 97
T 30
T 25
T 20
T 22
T 58
END

EOF