SECTION Comment
CREATOR "Carlos Araujo"
REMARK "Instance for QoS Multicast Routing Problem"
QoS METRICS "delay, jitter, bandwidth and estimate of link duration"
END

SECTION Graph
Nodes 60
Edges 906

E 1 3 0.029830 0.002788 433.27 0.12
E 1 4 0.028587 0.002631 431.79 0.07
E 1 5 0.033452 0.004579 464.49 1.16
E 1 6 0.034059 0.006087 465.43 0.29
E 1 7 0.027113 0.004416 403.90 0.35
E 1 8 0.032308 0.002519 454.68 37.80
E 1 9 0.028462 0.002451 421.88 0.23
E 1 11 0.028403 0.003317 405.38 18.14
E 1 12 0.035708 0.004325 485.32 0.23
E 1 13 0.029899 0.002494 430.77 5.00
E 1 16 0.032909 0.006275 684.00 7.18
E 1 17 0.033659 0.003180 497.03 0.17
E 1 18 0.031811 0.001764 472.50 0.22
E 1 19 0.026633 0.003327 410.15 0.30
E 1 20 0.026906 0.004137 384.31 0.31
E 1 21 0.026906 0.002609 434.54 0.32
E 1 22 0.031959 0.004918 449.02 0.23
E 1 23 0.032846 0.002661 480.78 60.56
E 1 24 0.031916 0.003639 430.72 0.30
E 1 25 0.026978 0.002647 419.78 0.31
E 1 26 0.031835 0.002346 485.33 0.96
E 1 30 0.031774 0.002374 455.86 1.32
E 1 31 0.033249 0.002120 502.09 6.40
E 1 33 0.034528 0.008202 457.20 0.24
E 1 34 0.027039 0.002700 445.63 0.14
E 1 35 0.031916 0.001769 460.01 0.21
E 1 36 0.027079 0.002502 385.55 7.35
E 1 39 0.031916 0.002578 470.58 0.31
E 1 40 0.032866 0.002477 444.24 11.34
E 1 41 0.031036 0.002324 448.96 50.50
E 1 42 0.027292 0.002767 422.52 0.21
E 1 43 0.031812 0.001809 480.00 0.24
E 1 46 0.027078 0.002502 402.46 1.46
E 1 47 0.022056 0.003697 373.23 7.83
E 1 49 0.027078 0.003650 429.38 8.89
E 1 51 0.033745 0.007390 459.49 12.87
E 1 52 0.027377 0.003755 401.45 5.11
E 1 53 0.031812 0.001764 512.80 0.50
E 1 54 0.031811 0.008018 437.15 2.73
E 1 55 0.024849 0.003080 375.46 9.48
E 1 56 0.031916 0.002261 592.72 0.66
E 1 59 0.032486 0.005640 474.74 3.15
E 2 5 0.025777 0.003228 381.18 10.93
E 2 6 0.034356 0.006041 476.80 1527.20
E 2 10 0.027182 0.003823 432.19 170.33
E 2 11 0.030076 0.002084 445.30 2.12
E 2 12 0.028550 0.003084 446.72 479.26
E 2 13 0.039011 0.006741 487.62 0.97
E 2 14 0.022993 0.002903 360.35 1309.96
E 2 15 0.023747 0.003270 361.27 9.23
E 2 16 0.021454 0.001650 330.14 11.48
E 2 17 0.027636 0.003097 459.43 1714.17
E 2 23 0.032007 0.003892 468.68 21.81
E 2 27 0.023881 0.002676 349.17 0.02
E 2 29 0.032572 0.003540 465.68 10.75
E 2 30 0.023300 0.003392 323.09 147.41
E 2 31 0.023187 0.003022 347.93 0.21
E 2 32 0.027690 0.004151 399.43 1128.59
E 2 37 0.030383 0.006028 428.00 1309.66
E 2 40 0.031152 0.003571 444.06 0.35
E 2 41 0.037556 0.006840 514.35 0.72
E 2 44 0.025511 0.003329 406.74 21.34
E 2 48 0.023596 0.002741 362.58 0.05
E 2 50 0.023736 0.002775 371.18 723.08
E 2 52 0.027585 0.000678 496.15 0.98
E 2 57 0.024644 0.004026 364.89 2.93
E 2 58 0.023795 0.003505 368.58 3.57
E 2 60 0.023795 0.002824 385.06 119.79
E 3 4 0.029808 0.003731 463.66 0.15
E 3 5 0.033452 0.004579 488.70 1.40
E 3 6 0.031688 0.002951 437.16 0.10
E 3 7 0.027004 0.002617 398.89 0.31
E 3 8 0.031043 0.002519 471.13 77.25
E 3 9 0.029842 0.005054 450.90 0.10
E 3 11 0.026585 0.002794 406.29 110.61
E 3 12 0.035707 0.004325 497.16 0.08
E 3 13 0.038847 0.004070 518.66 6.53
E 3 16 0.032910 0.006275 499.25 10.24
E 3 17 0.033688 0.003000 481.67 0.09
E 3 18 0.029742 0.001628 448.10 0.10
E 3 19 0.024825 0.003230 402.29 0.10
E 3 20 0.025578 0.006143 356.27 0.10
E 3 21 0.023627 0.001263 372.49 0.10
E 3 22 0.031958 0.004918 445.19 0.10
E 3 24 0.029808 0.003420 425.43 0.10
E 3 25 0.025778 0.003451 426.37 0.10
E 3 26 0.031835 0.002346 470.86 1.74
E 3 30 0.030946 0.002374 442.76 2.19
E 3 31 0.031553 0.002120 525.06 8.76
E 3 33 0.034528 0.008202 431.05 0.10
E 3 34 0.024220 0.001409 371.55 0.06
E 3 35 0.029808 0.001145 457.27 0.06
E 3 36 0.027579 0.003992 385.04 34.64
E 3 39 0.029808 0.002578 462.16 0.10
E 3 40 0.039524 0.005088 557.12 11.86
E 3 41 0.035790 0.003513 502.19 0.20
E 3 42 0.025990 0.002167 387.88 0.10
E 3 43 0.029742 0.002442 470.28 0.10
E 3 46 0.027419 0.002081 409.73 2.40
E 3 47 0.014993 0.003377 250.86 15.51
E 3 49 0.026205 0.002774 411.59 17.33
E 3 51 0.036857 0.009255 484.90 11.89
E 3 52 0.029083 0.004466 385.47 12.60
E 3 53 0.029842 0.000710 448.97 1.22
E 3 54 0.031382 0.008018 413.96 1.74
E 3 55 0.018121 0.001357 291.26 3.10
E 3 56 0.029808 0.002261 445.99 0.60
E 3 59 0.033779 0.004592 470.58 0.80
E 4 5 0.029965 0.003514 481.37 0.54
E 4 6 0.033601 0.004475 478.41 0.01
E 4 7 0.031626 0.004555 403.55 0.38
E 4 8 0.030110 0.003489 411.44 259.06
E 4 9 0.028371 0.002380 425.43 0.03
E 4 10 0.027904 0.001456 411.93 0.05
E 4 11 0.028010 0.002242 406.29 230.85
E 4 12 0.035285 0.004410 487.60 0.02
E 4 13 0.029961 0.002272 443.57 7.37
E 4 17 0.031300 0.002683 424.14 0.02
E 4 18 0.028295 0.001629 432.51 0.03
E 4 22 0.028312 0.002099 421.11 0.03
E 4 23 0.031932 0.003754 438.71 468.58
E 4 24 0.028256 0.001914 406.85 0.03
E 4 26 0.029113 0.002030 443.97 1.03
E 4 29 0.031870 0.003053 496.96 3.90
E 4 30 0.028365 0.001809 412.31 2.89
E 4 31 0.032854 0.000791 448.37 25.38
E 4 33 0.028893 0.003453 421.90 0.03
E 4 35 0.028275 0.001942 425.87 0.06
E 4 36 0.028343 0.002280 447.13 112.17
E 4 38 0.028529 0.005713 417.31 19.52
E 4 39 0.028258 0.001861 439.92 0.03
E 4 40 0.030805 0.001501 434.77 45.66
E 4 41 0.029976 0.001407 431.69 1.18
E 4 42 0.028010 0.001736 428.46 0.01
E 4 43 0.029336 0.004184 432.61 0.03
E 4 46 0.028369 0.002391 425.90 2.03
E 4 49 0.028356 0.003877 413.05 69.35
E 4 51 0.032643 0.006402 439.83 476.40
E 4 52 0.027507 0.005342 463.46 25.21
E 4 53 0.028287 0.001778 432.04 5.10
E 4 54 0.028732 0.003517 421.04 4.58
E 4 56 0.028294 0.002040 402.16 0.22
E 4 59 0.032290 0.005048 452.09 1.10
E 5 6 0.033337 0.004437 482.69 1.22
E 5 7 0.033588 0.004805 441.61 0.38
E 5 8 0.028482 0.003081 434.24 5.07
E 5 9 0.031481 0.004449 438.10 1.62
E 5 10 0.028201 0.002990 438.09 0.66
E 5 12 0.030422 0.003350 445.15 1.16
E 5 13 0.036042 0.004955 507.58 3.22
E 5 14 0.027692 0.003047 411.43 0.89
E 5 15 0.032968 0.006219 438.55 0.60
E 5 17 0.031222 0.002861 445.86 1.64
E 5 18 0.030230 0.004035 428.95 1.60
E 5 22 0.030230 0.004035 417.21 1.60
E 5 23 0.031993 0.003575 465.54 5.73
E 5 24 0.032988 0.007378 444.49 1.91
E 5 26 0.030325 0.003282 423.28 0.21
E 5 27 0.033587 0.003561 517.77 0.00
E 5 30 0.027799 0.003254 409.80 3.63
E 5 31 0.027633 0.003553 432.11 15.38
E 5 32 0.027690 0.003906 412.82 0.67
E 5 33 0.030665 0.004855 423.05 1.60
E 5 35 0.033589 0.003562 455.31 1.63
E 5 36 0.033588 0.003562 473.22 4.15
E 5 37 0.030598 0.006673 441.59 0.89
E 5 39 0.002001 0.000000 192.00 1.93
E 5 40 0.032087 0.003089 476.30 17.58
E 5 41 0.033606 0.002349 456.12 86.85
E 5 43 0.029970 0.003562 422.14 1.58
E 5 44 0.027497 0.003238 422.50 12.26
E 5 46 0.035048 0.002171 537.94 25.97
E 5 49 0.031385 0.001526 635.79 4.69
E 5 50 0.023662 0.001601 399.94 0.67
E 5 51 0.034683 0.007815 534.89 0.73
E 5 52 0.035047 0.002307 519.84 0.72
E 5 53 0.030282 0.003649 477.51 0.13
E 5 54 0.030385 0.005014 454.61 0.39
E 5 56 0.030738 0.004005 446.58 0.17
E 5 57 0.027610 0.002975 433.43 0.09
E 5 59 0.033239 0.004963 470.22 0.05
E 6 7 0.035072 0.005865 464.23 1.35
E 6 8 0.033398 0.004289 451.38 57.92
E 6 10 0.033346 0.004185 474.39 0.08
E 6 11 0.035061 0.006723 461.05 31.66
E 6 12 0.033439 0.004626 485.75 0.09
E 6 13 0.033513 0.004357 448.57 7.22
E 6 15 0.031079 0.007462 441.57 1.27
E 6 23 0.033664 0.004493 489.85 292.40
E 6 26 0.033428 0.004354 496.16 2.00
E 6 27 0.031345 0.002600 463.82 122.60
E 6 29 0.034022 0.004936 479.69 5.25
E 6 30 0.031141 0.001888 428.42 1.89
E 6 31 0.031028 0.004603 475.52 21.91
E 6 34 0.035061 0.006206 488.51 0.21
E 6 36 0.032402 0.004715 482.92 60.10
E 6 40 0.033556 0.004391 478.14 42.90
E 6 41 0.033456 0.004616 480.31 0.00
E 6 44 0.033380 0.004391 460.05 0.37
E 6 46 0.032763 0.005215 474.79 5.61
E 6 49 0.034268 0.006407 459.84 131.82
E 6 51 0.033443 0.006873 455.78 146.96
E 6 52 0.034443 0.006023 479.82 20.80
E 6 53 0.032341 0.003782 441.12 0.82
E 6 54 0.033461 0.004372 482.46 2.44
E 6 55 0.034356 0.006041 477.07 3.53
E 6 56 0.032454 0.003692 468.03 0.93
E 6 57 0.030787 0.001669 422.97 2.27
E 6 59 0.033604 0.005729 470.37 2.25
E 7 8 0.033585 0.003985 465.24 10.06
E 7 9 0.028854 0.004494 423.33 1.01
E 7 11 0.028404 0.004656 413.16 8.39
E 7 12 0.035708 0.004325 475.68 0.38
E 7 13 0.031739 0.003659 419.36 9.12
E 7 16 0.033249 0.006275 511.17 21.10
E 7 17 0.033700 0.003261 450.93 0.69
E 7 18 0.031624 0.004555 438.24 1.00
E 7 19 0.025054 0.004901 399.77 1.27
E 7 20 0.024965 0.004691 390.33 1.32
E 7 21 0.025208 0.004885 390.04 1.35
E 7 22 0.031959 0.004918 486.35 1.02
E 7 24 0.032797 0.004805 484.61 1.39
E 7 25 0.025010 0.004778 372.01 1.29
E 7 26 0.031907 0.004555 443.31 1.55
E 7 30 0.032796 0.004805 515.99 1.55
E 7 31 0.032853 0.002035 502.15 3.59
E 7 33 0.034529 0.008202 458.84 1.07
E 7 34 0.025361 0.004656 377.74 0.86
E 7 35 0.032797 0.004805 448.77 0.56
E 7 36 0.026754 0.003567 399.89 6.11
E 7 39 0.032797 0.004805 424.38 1.42
E 7 40 0.037574 0.008226 504.32 33.58
E 7 41 0.032841 0.003539 447.58 20.07
E 7 42 0.025544 0.004337 426.89 0.85
E 7 43 0.031625 0.004555 514.44 1.10
E 7 46 0.026754 0.003567 422.19 14.49
E 7 47 0.022666 0.006754 352.40 8.61
E 7 49 0.026433 0.003995 400.03 10.85
E 7 51 0.034726 0.007389 481.20 14.34
E 7 52 0.027378 0.004656 425.09 8.68
E 7 53 0.031625 0.004555 407.16 0.42
E 7 54 0.031624 0.008018 453.77 1.66
E 7 55 0.023823 0.004959 365.14 1.66
E 7 56 0.031625 0.004555 469.75 0.37
E 7 59 0.033873 0.005604 440.76 0.70
E 8 9 0.031564 0.004410 473.16 134.09
E 8 10 0.028258 0.003209 434.29 95.04
E 8 11 0.032062 0.003324 478.80 0.13
E 8 12 0.029638 0.003386 434.81 53.82
E 8 13 0.035371 0.005104 492.27 0.67
E 8 14 0.027982 0.002862 403.54 29.05
E 8 15 0.037151 0.006190 454.76 13.46
E 8 16 0.036811 0.005993 469.07 22.91
E 8 17 0.031270 0.002860 445.77 107.08
E 8 18 0.031644 0.004519 447.62 133.48
E 8 19 0.033588 0.001832 443.92 37.01
E 8 20 0.033589 0.001357 485.57 35.36
E 8 21 0.033589 0.001357 476.16 34.68
E 8 22 0.031644 0.004519 438.93 134.34
E 8 23 0.031993 0.003575 427.14 24.56
E 8 24 0.030706 0.004313 431.10 156.57
E 8 25 0.033588 0.002502 599.06 36.80
E 8 26 0.029301 0.003061 457.88 1.36
E 8 27 0.033588 0.002261 546.41 0.22
E 8 29 0.033231 0.003431 470.30 9.17
E 8 30 0.028278 0.003226 439.61 2.07
E 8 31 0.027857 0.003025 413.70 1.15
E 8 33 0.030017 0.004186 443.52 136.87
E 8 34 0.033589 0.001357 589.26 35.78
E 8 35 0.034437 0.002306 462.09 267.78
E 8 36 0.034435 0.003138 455.27 0.69
E 8 37 0.030599 0.006673 419.46 29.10
E 8 39 0.033758 0.001865 495.70 157.78
E 8 40 0.032087 0.002690 461.23 7.36
E 8 41 0.032824 0.003953 455.48 4.05
E 8 42 0.033588 0.001357 486.88 151.45
E 8 43 0.029134 0.003770 428.40 137.27
E 8 44 0.027696 0.002924 428.75 67.44
E 8 46 0.034436 0.002307 449.27 0.18
E 8 49 0.034436 0.002985 404.73 0.08
E 8 51 0.034365 0.007696 439.13 0.44
E 8 52 0.033587 0.005639 517.65 0.11
E 8 53 0.031585 0.004670 480.91 2.17
E 8 54 0.028440 0.003503 431.85 0.10
E 8 56 0.031316 0.004410 426.51 12.25
E 8 57 0.027229 0.002854 424.81 0.34
E 8 59 0.034406 0.005851 478.61 0.40
E 9 10 0.028076 0.001410 426.26 0.09
E 9 11 0.028978 0.002945 454.02 214.29
E 9 12 0.035113 0.005054 474.97 0.11
E 9 13 0.030061 0.002384 460.88 7.87
E 9 23 0.030491 0.003915 460.89 342.03
E 9 26 0.029223 0.002208 421.62 2.18
E 9 29 0.030751 0.003377 471.28 1.19
E 9 30 0.028691 0.004410 474.29 2.11
E 9 31 0.030648 0.006501 480.27 30.26
E 9 34 0.028318 0.002537 409.21 0.22
E 9 35 0.027835 0.002323 411.26 0.22
E 9 36 0.028047 0.002287 428.63 100.56
E 9 38 0.028262 0.006784 439.21 8.58
E 9 40 0.030341 0.002035 418.26 54.91
E 9 41 0.030537 0.002134 460.45 2.30
E 9 44 0.032742 0.002035 402.53 0.43
E 9 46 0.027965 0.002497 423.47 2.10
E 9 49 0.027953 0.003148 404.71 101.30
E 9 51 0.032389 0.006256 473.44 187.16
E 9 52 0.028317 0.002781 411.37 23.04
E 9 53 0.028071 0.002333 415.96 1.26
E 9 54 0.028710 0.003692 414.78 2.31
E 9 56 0.027931 0.002334 429.27 0.80
E 9 59 0.032533 0.005824 453.23 1.97
E 10 11 0.028599 0.002660 391.97 7.36
E 10 12 0.029570 0.002788 437.63 0.07
E 10 13 0.033305 0.003440 461.57 7.64
E 10 14 0.028159 0.001748 413.64 0.08
E 10 15 0.029121 0.005257 415.18 2.27
E 10 17 0.030295 0.002446 440.85 0.09
E 10 18 0.027983 0.001534 419.00 0.09
E 10 22 0.027982 0.001472 429.11 0.09
E 10 23 0.032141 0.003584 439.70 94.56
E 10 26 0.029265 0.002308 411.87 0.94
E 10 27 0.027710 0.001395 382.62 54.02
E 10 29 0.033297 0.003510 454.31 8.43
E 10 30 0.028215 0.001515 423.75 1.08
E 10 31 0.028234 0.003111 404.25 11.60
E 10 32 0.028191 0.004479 419.87 0.08
E 10 33 0.028069 0.002760 417.39 0.09
E 10 37 0.031091 0.006819 464.40 0.08
E 10 40 0.032323 0.002966 436.62 32.51
E 10 41 0.031362 0.001761 463.53 16.50
E 10 43 0.029210 0.004232 414.40 0.09
E 10 44 0.028226 0.003796 422.62 0.57
E 10 48 0.026691 0.005767 341.98 93.90
E 10 50 0.027719 0.001153 444.11 0.05
E 10 51 0.031591 0.006145 473.81 8.65
E 10 52 0.014388 0.001088 1508.00 7.22
E 10 53 0.027982 0.002035 402.10 0.59
E 10 54 0.028432 0.003503 430.81 2.18
E 10 56 0.027891 0.001395 422.68 0.92
E 10 57 0.028161 0.001466 436.72 1.77
E 10 59 0.031990 0.006066 449.94 2.15
E 11 12 0.028375 0.003392 426.06 33.85
E 11 13 0.030095 0.003307 438.35 0.54
E 11 16 0.028434 0.005554 443.88 122.74
E 11 17 0.030827 0.003338 426.02 181.83
E 11 19 0.028138 0.003175 414.44 112.92
E 11 20 0.028331 0.003553 424.06 110.96
E 11 21 0.028331 0.003247 390.75 110.46
E 11 23 0.032488 0.004402 468.46 0.57
E 11 25 0.028233 0.003144 397.76 112.77
E 11 26 0.029186 0.003068 461.06 0.60
E 11 27 0.028332 0.001018 400.26 1.19
E 11 29 0.032606 0.003392 463.64 22.67
E 11 30 0.030367 0.000678 368.39 0.52
E 11 32 0.028873 0.004167 459.31 17.64
E 11 34 0.028308 0.003144 382.26 79.44
E 11 37 0.029961 0.005964 440.16 37.33
E 11 40 0.031208 0.003338 461.71 4.90
E 11 41 0.030855 0.003338 432.13 16.90
E 11 42 0.028189 0.003134 437.40 155.16
E 11 47 0.025569 0.000920 468.05 0.86
E 11 51 0.031244 0.006047 421.06 0.97
E 11 52 0.028308 0.003402 411.72 2.27
E 11 55 0.028475 0.003415 441.97 0.07
E 11 59 0.032381 0.006046 449.88 0.14
E 12 13 0.037566 0.005048 508.44 7.33
E 12 14 0.029781 0.003385 424.86 0.11
E 12 15 0.029904 0.004116 436.08 1.28
E 12 16 0.029463 0.001809 368.80 8.43
E 12 17 0.031218 0.002962 490.55 0.12
E 12 18 0.034878 0.003418 488.09 0.11
E 12 19 0.033589 0.001357 549.73 0.13
E 12 20 0.018437 0.003456 1956.00 0.13
E 12 22 0.034878 0.003755 484.29 0.11
E 12 23 0.031994 0.003456 455.22 228.93
E 12 25 0.031724 0.006487 483.85 0.13
E 12 26 0.034746 0.003174 492.23 1.55
E 12 27 0.029904 0.003731 440.19 100.47
E 12 29 0.033342 0.003578 466.34 11.67
E 12 30 0.035589 0.003871 581.06 1.58
E 12 31 0.030323 0.004041 433.89 19.34
E 12 32 0.029663 0.004078 434.25 0.13
E 12 33 0.035217 0.010437 494.66 0.11
E 12 34 0.033590 0.000170 518.62 0.19
E 12 36 0.022004 0.002240 2344.00 54.88
E 12 37 0.030865 0.006751 465.96 0.11
E 12 40 0.032221 0.003372 487.93 40.09
E 12 41 0.035971 0.003675 582.76 0.14
E 12 42 0.004674 0.000032 468.00 0.13
E 12 43 0.034878 0.003418 446.07 0.11
E 12 44 0.029903 0.003335 423.51 0.39
E 12 48 0.028083 0.002814 410.03 234.75
E 12 50 0.028627 0.003230 417.95 0.09
E 12 51 0.036097 0.008480 476.82 75.12
E 12 52 0.029375 0.003731 440.88 29.49
E 12 53 0.035145 0.004009 452.52 0.59
E 12 54 0.034876 0.007802 461.78 2.83
E 12 56 0.035709 0.004991 453.47 1.22
E 12 57 0.029326 0.002783 438.29 2.73
E 12 58 0.027837 0.002840 435.77 4.80
E 12 59 0.035283 0.004409 534.67 3.19
E 12 60 0.027837 0.002840 420.28 2.53
E 13 14 0.037917 0.004980 530.18 6.77
E 13 15 0.038538 0.005909 509.75 1.43
E 13 16 0.041447 0.009498 472.60 1.90
E 13 17 0.030681 0.002706 433.97 7.74
E 13 18 0.030484 0.002634 450.56 7.84
E 13 19 0.035077 0.004127 455.09 7.58
E 13 20 0.029597 0.004653 447.55 7.61
E 13 21 0.029083 0.001834 434.94 7.60
E 13 22 0.030484 0.002634 479.58 7.84
E 13 23 0.033218 0.003757 487.57 0.57
E 13 25 0.030097 0.001915 401.72 7.57
E 13 26 0.032349 0.003533 436.12 3.02
E 13 27 0.039086 0.006426 477.29 0.96
E 13 29 0.032640 0.003533 490.31 1.36
E 13 30 0.037848 0.005364 468.57 4.98
E 13 31 0.038934 0.005450 566.31 4.63
E 13 32 0.037686 0.005473 517.96 6.70
E 13 33 0.030354 0.002675 424.47 7.85
E 13 34 0.030096 0.001916 442.79 7.12
E 13 36 0.028830 0.001998 441.23 0.86
E 13 37 0.037105 0.006911 512.75 6.77
E 13 39 0.012451 0.002336 1324.00 8.45
E 13 40 0.033217 0.004049 511.13 0.37
E 13 41 0.031918 0.003369 442.94 2.13
E 13 42 0.029515 0.001407 421.55 7.99
E 13 43 0.030484 0.004138 436.85 7.80
E 13 44 0.037928 0.004985 500.86 6.95
E 13 46 0.028830 0.002783 416.74 19.63
E 13 48 0.039408 0.006535 508.30 0.34
E 13 49 0.028340 0.003134 403.77 8.48
E 13 50 0.039011 0.006741 491.58 6.85
E 13 51 0.031839 0.006116 455.09 1.04
E 13 52 0.030657 0.003904 463.97 0.52
E 13 53 0.030354 0.002467 456.85 1.63
E 13 54 0.030484 0.002634 428.52 0.30
E 13 56 0.029963 0.002237 427.19 2.78
E 13 57 0.038394 0.004862 376.97 0.73
E 13 58 0.038845 0.007678 566.00 1.55
E 13 59 0.031718 0.005371 476.30 0.78
E 13 60 0.038845 0.007678 506.61 3.33
E 14 15 0.028180 0.004643 425.76 1.77
E 14 16 0.029586 0.005273 493.39 3.27
E 14 23 0.034027 0.003636 436.02 79.81
E 14 26 0.031382 0.003731 434.22 2.13
E 14 27 0.029255 0.003356 417.43 91.07
E 14 29 0.033796 0.003118 470.61 6.11
E 14 30 0.021595 0.001380 349.83 2.06
E 14 31 0.021742 0.003967 327.49 15.25
E 14 40 0.034920 0.004056 510.97 30.67
E 14 41 0.036638 0.004240 469.86 0.11
E 14 44 0.025868 0.003463 415.55 0.35
E 14 48 0.030337 0.004636 471.81 207.30
E 14 50 0.026558 0.002952 415.11 8244.30
E 14 52 0.030802 0.005054 467.59 9.21
E 14 54 0.029433 0.003731 442.50 2.14
E 14 57 0.020352 0.001314 339.71 2.27
E 14 58 0.031384 0.004240 440.93 3.53
E 14 60 0.031384 0.005156 455.62 1.45
E 15 16 0.020726 0.004079 314.84 9.45
E 15 23 0.035390 0.004706 483.99 2.95
E 15 26 0.032666 0.008056 422.19 362.33
E 15 27 0.021576 0.004193 336.58 1.91
E 15 29 0.033790 0.004728 464.72 4.43
E 15 30 0.008594 0.000192 900.00 0.68
E 15 31 0.026347 0.005584 394.07 0.99
E 15 32 0.027788 0.004476 405.69 3.91
E 15 37 0.030932 0.006666 457.49 4.41
E 15 40 0.037111 0.006256 521.93 0.53
E 15 41 0.037555 0.003731 473.24 271.26
E 15 44 0.026634 0.004952 385.07 0.75
E 15 48 0.021457 0.004106 329.04 1.84
E 15 50 0.021536 0.003833 312.34 3.97
E 15 52 0.027597 0.003505 412.33 0.38
E 15 58 0.021549 0.004479 333.48 0.50
E 15 60 0.021549 0.004479 329.19 0.22
E 16 17 0.033158 0.006275 447.86 3.27
E 16 19 0.024401 0.004268 366.72 4.83
E 16 20 0.028434 0.005554 438.02 4.88
E 16 21 0.028434 0.005554 427.01 4.86
E 16 23 0.038303 0.007326 474.83 5.46
E 16 25 0.025043 0.004380 380.78 4.79
E 16 26 0.033362 0.006275 457.56 8.69
E 16 27 0.018989 0.001705 295.57 13.82
E 16 29 0.033218 0.005467 435.42 0.53
E 16 30 0.032910 0.006275 414.17 3.99
E 16 32 0.028670 0.004372 427.91 3.28
E 16 34 0.028434 0.005554 413.52 2.85
E 16 37 0.031671 0.004958 515.30 3.27
E 16 40 0.041475 0.006445 463.85 10.38
E 16 42 0.036809 0.005993 551.67 7.50
E 16 47 0.032910 0.006275 329.19 7.45
E 16 48 0.019392 0.003046 341.16 2.31
E 16 50 0.020949 0.001452 332.66 0.98
E 16 52 0.029279 0.004952 441.53 8.03
E 16 55 0.025744 0.005321 374.82 2.81
E 16 58 0.019343 0.003136 316.95 3.25
E 16 59 0.034234 0.006275 506.25 4.89
E 16 60 0.019343 0.001836 321.76 1.34
E 17 23 0.031858 0.003405 473.70 303.81
E 17 26 0.031302 0.002766 432.84 2.14
E 17 29 0.032020 0.002921 437.58 2.93
E 17 30 0.031256 0.002909 460.77 2.08
E 17 31 0.029590 0.002294 431.68 31.67
E 17 34 0.033351 0.002849 461.65 0.20
E 17 35 0.033364 0.002388 478.44 0.23
E 17 36 0.033364 0.002890 466.15 72.17
E 17 38 0.005794 0.000000 608.00 8.69
E 17 40 0.031268 0.002670 466.81 52.63
E 17 41 0.031524 0.002915 443.47 0.06
E 17 44 0.030146 0.003518 428.35 0.43
E 17 46 0.033470 0.002820 475.98 2.78
E 17 49 0.033470 0.003155 507.78 48.88
E 17 51 0.032601 0.006801 428.52 147.10
E 17 52 0.033058 0.004611 504.51 20.12
E 17 53 0.031288 0.002724 443.13 0.99
E 17 54 0.031302 0.003897 430.25 2.22
E 17 56 0.031393 0.002683 450.15 0.86
E 17 57 0.027734 0.000868 394.22 2.71
E 17 59 0.032736 0.005773 483.41 1.62
E 18 23 0.031965 0.003775 468.84 339.73
E 18 26 0.029151 0.002018 424.27 2.17
E 18 29 0.031871 0.003053 443.35 1.19
E 18 30 0.027093 0.001647 432.77 2.10
E 18 31 0.029898 0.002840 441.22 29.94
E 18 35 0.027052 0.001521 419.86 0.22
E 18 36 0.027097 0.002006 400.16 98.91
E 18 38 0.026667 0.003606 432.91 8.55
E 18 40 0.030865 0.001781 416.86 54.40
E 18 41 0.030670 0.001645 462.10 1.33
E 18 44 0.032741 0.001967 422.07 0.43
E 18 46 0.027097 0.002578 400.94 2.10
E 18 49 0.027100 0.003160 397.77 102.56
E 18 51 0.032418 0.005961 471.54 190.84
E 18 52 0.002545 0.000000 260.00 22.91
E 18 53 0.027175 0.001677 425.50 1.24
E 18 54 0.028710 0.003464 414.03 2.33
E 18 56 0.027067 0.001804 414.65 0.80
E 18 59 0.032125 0.005361 457.82 1.97
E 19 23 0.035645 0.005406 437.34 231.05
E 19 26 0.033363 0.002996 552.47 2.29
E 19 27 0.028332 0.000226 463.59 147.42
E 19 29 0.034082 0.003223 511.23 3.28
E 19 30 0.030706 0.000339 484.77 2.27
E 19 34 0.023601 0.003785 366.92 0.15
E 19 40 0.037108 0.005851 538.70 53.85
E 19 41 0.034669 0.003230 491.25 0.00
E 19 47 0.020316 0.003431 324.47 42.50
E 19 52 0.027405 0.003513 425.16 18.31
E 19 55 0.021790 0.003307 334.35 2.63
E 19 59 0.033216 0.003765 424.39 1.13
E 20 23 0.037786 0.007081 571.19 232.22
E 20 26 0.034776 0.002459 489.04 2.30
E 20 29 0.033524 0.006575 508.52 3.31
E 20 30 0.005794 0.000064 608.00 2.28
E 20 34 0.023576 0.003569 361.79 0.15
E 20 40 0.040203 0.010854 598.53 54.36
E 20 41 0.030786 0.004268 450.36 0.00
E 20 47 0.021910 0.003230 340.39 42.25
E 20 52 0.027436 0.003674 410.25 18.53
E 20 55 0.023021 0.003397 365.36 2.61
E 20 59 0.033759 0.006377 550.63 1.13
E 21 23 0.031532 0.004526 477.47 230.91
E 21 26 0.034776 0.002459 401.46 2.31
E 21 29 0.031689 0.003263 436.39 3.25
E 21 30 0.005794 0.000064 608.00 2.28
E 21 34 0.023566 0.001313 351.59 0.15
E 21 40 0.030845 0.002398 452.36 54.31
E 21 41 0.030837 0.002052 463.19 0.00
E 21 47 0.021925 0.000746 334.86 42.40
E 21 52 0.027436 0.003505 397.00 18.55
E 21 55 0.022041 0.001155 340.07 2.60
E 21 59 0.032157 0.006268 469.43 1.14
E 22 23 0.031965 0.003775 454.00 340.55
E 22 26 0.029151 0.002018 418.45 2.17
E 22 29 0.031406 0.003030 465.30 1.19
E 22 30 0.026816 0.001426 404.42 2.10
E 22 31 0.031722 0.004184 398.36 29.90
E 22 35 0.027177 0.001579 402.96 0.22
E 22 36 0.027243 0.002008 420.91 107.51
E 22 38 0.026375 0.003606 389.60 8.55
E 22 40 0.030865 0.001781 435.36 54.43
E 22 41 0.030670 0.001618 457.73 1.36
E 22 44 0.032741 0.004070 496.39 0.43
E 22 46 0.027250 0.002578 428.95 2.10
E 22 49 0.027250 0.003160 427.86 102.80
E 22 51 0.032418 0.005961 445.03 191.06
E 22 52 0.008338 0.000416 868.00 22.98
E 22 53 0.027387 0.001918 418.65 1.24
E 22 54 0.028710 0.003464 421.92 2.33
E 22 56 0.027358 0.001812 402.02 0.80
E 22 59 0.032125 0.005361 467.44 1.98
E 23 25 0.032394 0.004214 493.14 229.38
E 23 26 0.031964 0.003775 474.15 0.73
E 23 27 0.035577 0.004563 506.74 214.67
E 23 29 0.032647 0.004137 495.92 5.67
E 23 30 0.034458 0.003844 508.47 1.66
E 23 31 0.033730 0.005122 469.89 4.55
E 23 32 0.032286 0.004571 458.13 68.77
E 23 33 0.031965 0.003775 459.17 343.09
E 23 34 0.032489 0.004402 460.04 397.99
E 23 37 0.032306 0.006339 455.48 80.32
E 23 40 0.032712 0.004140 462.25 29.34
E 23 41 0.032399 0.004219 463.66 3.43
E 23 42 0.031781 0.003864 452.14 289.33
E 23 43 0.031952 0.004138 468.65 340.33
E 23 44 0.032209 0.003757 448.03 28.75
E 23 48 0.040203 0.006783 489.46 1.95
E 23 50 0.035200 0.004070 503.42 57.77
E 23 51 0.031964 0.006286 459.09 5.64
E 23 52 0.032489 0.004402 440.53 4.02
E 23 53 0.031965 0.003775 475.31 6.08
E 23 54 0.031964 0.003775 469.28 1.20
E 23 55 0.005409 0.000960 560.00 0.49
E 23 56 0.031315 0.003618 455.07 6.79
E 23 58 0.049020 0.006275 571.07 1.47
E 23 59 0.031964 0.005682 471.99 1.30
E 23 60 0.049021 0.003269 799.29 1.66
E 24 26 0.028670 0.002102 397.92 2.36
E 24 30 0.028219 0.000904 491.34 2.31
E 24 35 0.019778 0.001048 315.79 0.19
E 24 36 0.022892 0.002214 372.49 130.77
E 24 38 0.019546 0.003440 317.63 9.91
E 24 46 0.023099 0.002629 370.68 2.14
E 24 49 0.023432 0.003528 393.67 85.10
E 24 51 0.032401 0.006767 473.85 121.96
E 24 53 0.026915 0.001834 412.76 1.15
E 24 54 0.028735 0.003618 443.91 2.14
E 24 56 0.025180 0.001936 378.82 0.74
E 24 59 0.032266 0.005178 449.24 2.24
E 25 26 0.033363 0.002996 434.27 2.29
E 25 27 0.028332 0.004975 409.67 146.80
E 25 29 0.032652 0.003460 469.74 3.21
E 25 30 0.030706 0.004975 488.67 2.26
E 25 34 0.023571 0.001483 365.02 0.15
E 25 40 0.031321 0.002343 456.48 53.66
E 25 41 0.030856 0.001869 441.32 0.00
E 25 47 0.025843 0.002770 382.20 42.72
E 25 52 0.027403 0.003463 398.23 18.27
E 25 55 0.022794 0.001416 365.30 2.63
E 25 59 0.034126 0.004494 451.38 1.13
E 26 27 0.032663 0.002449 468.57 14.82
E 26 29 0.032484 0.003482 445.46 3.44
E 26 30 0.029453 0.002305 458.39 0.25
E 26 31 0.031945 0.004514 472.58 8.08
E 26 32 0.033363 0.002996 407.86 2.33
E 26 33 0.029113 0.002851 472.27 2.17
E 26 34 0.034776 0.002459 491.81 2.26
E 26 35 0.028670 0.002102 392.88 2.25
E 26 36 0.029241 0.002381 446.51 1.17
E 26 37 0.034943 0.008718 476.94 2.13
E 26 38 0.028421 0.002253 434.04 33.05
E 26 39 0.028401 0.002027 428.87 2.37
E 26 40 0.031419 0.002333 436.64 4.91
E 26 41 0.030841 0.002295 457.25 13.02
E 26 42 0.029155 0.002944 398.74 2.32
E 26 43 0.029193 0.003842 437.94 2.16
E 26 44 0.029294 0.003549 419.44 2.79
E 26 46 0.028491 0.002232 437.76 7.26
E 26 49 0.029034 0.003983 421.61 3.28
E 26 51 0.032664 0.006248 500.59 1.04
E 26 52 0.033360 0.005912 461.34 1.39
E 26 53 0.029085 0.002018 422.68 2.45
E 26 54 0.029112 0.003477 444.22 2.98
E 26 56 0.029103 0.002053 424.64 1.02
E 26 57 0.032665 0.002450 498.51 1.26
E 26 59 0.031991 0.005265 460.10 2.42
E 27 29 0.034046 0.003681 475.00 7.91
E 27 30 0.031720 0.002525 442.97 0.41
E 27 31 0.028232 0.004192 376.44 0.10
E 27 32 0.027719 0.004602 400.28 64.05
E 27 37 0.030719 0.006400 460.10 90.98
E 27 40 0.038165 0.007753 521.76 0.13
E 27 41 0.037229 0.002798 506.55 1.16
E 27 44 0.029894 0.004957 422.67 9.35
E 27 48 0.019770 0.002808 320.39 0.15
E 27 50 0.019713 0.001683 303.28 56.30
E 27 51 0.002673 0.000000 276.00 2.12
E 27 52 0.030027 0.004127 419.04 0.38
E 27 54 0.028755 0.002290 411.33 0.57
E 27 57 0.028398 0.001357 410.45 2.68
E 27 58 0.018984 0.002295 304.28 2.08
E 27 60 0.018984 0.001640 308.93 15.00
E 29 30 0.038076 0.002960 459.82 1.23
E 29 31 0.037353 0.004715 462.19 6.63
E 29 32 0.032666 0.004531 446.49 7.35
E 29 33 0.031871 0.003053 467.48 1.19
E 29 34 0.032606 0.003392 465.99 1.04
E 29 37 0.032665 0.005420 458.66 6.04
E 29 40 0.032674 0.003281 441.68 4.82
E 29 41 0.032234 0.003153 479.75 18.63
E 29 42 0.031648 0.003430 466.92 8.60
E 29 43 0.031984 0.003537 472.80 1.19
E 29 44 0.033230 0.003430 447.84 1.24
E 29 48 0.034071 0.003248 430.63 6.47
E 29 50 0.032558 0.003492 496.55 2.63
E 29 51 0.031983 0.006316 481.13 0.81
E 29 52 0.032517 0.003686 462.68 9.57
E 29 53 0.031871 0.003053 456.00 1.05
E 29 54 0.031984 0.002830 431.33 4.44
E 29 55 0.030546 0.003467 469.49 6.98
E 29 58 0.033608 0.004007 517.74 2.24
E 29 59 0.031990 0.006035 450.81 4.20
E 29 60 0.033608 0.003540 473.51 1.43
E 30 31 0.022271 0.004104 359.43 6.88
E 30 32 0.005794 0.000064 608.00 0.98
E 30 33 0.028520 0.003315 406.52 0.97
E 30 35 0.002129 0.000000 208.00 1.00
E 30 36 0.030947 0.003138 520.94 1.15
E 30 37 0.033470 0.008323 482.02 0.99
E 30 39 0.003938 0.000064 376.00 1.05
E 30 40 0.038351 0.006846 546.63 97.64
E 30 41 0.036390 0.003470 483.78 13.67
E 30 43 0.029088 0.004030 441.16 0.98
E 30 44 0.025537 0.003313 377.66 0.16
E 30 46 0.030949 0.002374 468.64 9.39
E 30 49 0.005794 0.000064 608.00 5.86
E 30 51 0.035763 0.007378 493.34 0.51
E 30 52 0.030947 0.002374 439.64 5.22
E 30 53 0.026761 0.001774 400.79 3.57
E 30 54 0.028574 0.003568 420.79 19.08
E 30 56 0.027356 0.003022 403.14 0.74
E 30 57 0.021709 0.000843 358.81 4.00
E 30 59 0.033175 0.003731 531.54 8.19
E 31 32 0.028330 0.004429 444.72 10.46
E 31 33 0.035368 0.010430 525.14 29.82
E 31 36 0.012002 0.000864 1268.00 5.52
E 31 37 0.030762 0.006719 435.31 15.23
E 31 40 0.038240 0.007651 569.08 0.08
E 31 41 0.037887 0.003670 495.93 3.24
E 31 43 0.031080 0.004259 464.70 29.23
E 31 44 0.025466 0.002982 387.28 3.02
E 31 46 0.009298 0.000224 988.00 0.91
E 31 49 0.009298 0.000224 988.00 2.47
E 31 50 0.025154 0.004749 369.42 10.45
E 31 51 0.038234 0.009294 558.85 0.86
E 31 52 0.032853 0.002307 417.47 1.11
E 31 53 0.030075 0.002277 432.83 39.73
E 31 54 0.032230 0.008480 584.72 1.24
E 31 56 0.033080 0.004749 524.20 20.01
E 31 57 0.021161 0.003432 331.20 4.27
E 31 59 0.034233 0.004884 430.72 4.64
E 32 40 0.031783 0.004703 417.35 20.82
E 32 41 0.037555 0.002985 458.03 1.24
E 32 44 0.027518 0.004140 434.82 0.13
E 32 48 0.027739 0.004904 402.12 142.31
E 32 50 0.027691 0.004151 421.24 3220.28
E 32 52 0.027004 0.004056 419.78 6.54
E 32 58 0.027448 0.004757 413.93 3.23
E 32 60 0.027374 0.004688 395.04 1.34
E 33 35 0.028773 0.003233 432.26 0.22
E 33 36 0.028712 0.003225 418.97 108.51
E 33 38 0.027076 0.003744 422.68 8.54
E 33 40 0.030993 0.002728 454.10 54.56
E 33 41 0.030670 0.002656 467.86 1.56
E 33 44 0.036095 0.009158 544.67 0.43
E 33 46 0.028712 0.003225 432.05 2.10
E 33 49 0.028670 0.003425 460.76 103.50
E 33 51 0.032492 0.006091 451.41 190.52
E 33 53 0.028790 0.003312 421.52 1.24
E 33 54 0.028709 0.003464 436.36 2.33
E 33 56 0.028847 0.003328 455.48 0.81
E 33 59 0.032125 0.005361 456.12 2.01
E 34 40 0.030818 0.001963 430.09 57.10
E 34 41 0.030856 0.001869 442.94 0.01
E 34 42 0.025735 0.002168 399.79 0.18
E 34 47 0.023751 0.000650 411.52 45.27
E 34 52 0.027403 0.003463 393.29 14.12
E 34 55 0.023636 0.001388 382.15 2.31
E 34 59 0.032463 0.005828 444.94 1.03
E 35 36 0.022877 0.002183 350.01 177.11
E 35 38 0.018871 0.003437 315.89 8.84
E 35 39 0.020974 0.003428 327.13 0.19
E 35 43 0.028942 0.004128 418.76 0.22
E 35 46 0.023099 0.002629 360.41 2.05
E 35 49 0.023621 0.003751 374.74 105.05
E 35 51 0.032316 0.006937 482.70 54.39
E 35 53 0.026915 0.001834 406.52 1.01
E 35 54 0.028608 0.003626 406.82 1.94
E 35 56 0.024931 0.001520 373.54 0.66
E 35 59 0.032040 0.004952 458.51 1.81
E 36 38 0.022908 0.003466 365.47 0.20
E 36 39 0.022891 0.002214 354.74 132.66
E 36 41 0.030051 0.001632 437.59 7.19
E 36 42 0.025591 0.001840 402.54 31.60
E 36 43 0.029168 0.004117 405.77 111.75
E 36 46 0.022782 0.002264 346.71 0.71
E 36 49 0.023607 0.003577 341.77 0.27
E 36 51 0.032148 0.006041 474.04 0.41
E 36 53 0.026760 0.002006 418.87 2.13
E 36 54 0.028411 0.003442 422.25 0.35
E 36 56 0.025037 0.002052 377.06 4.09
E 36 59 0.032162 0.005243 440.46 0.83
E 37 40 0.031961 0.006503 445.95 30.68
E 37 41 0.036638 0.005462 466.35 0.11
E 37 44 0.031012 0.006680 458.40 0.35
E 37 48 0.030305 0.005525 411.28 97.71
E 37 50 0.030384 0.006028 458.09 8242.92
E 37 52 0.030001 0.005958 435.64 9.23
E 37 54 0.038960 0.009046 448.29 2.14
E 37 57 0.030944 0.006777 472.41 2.27
E 37 58 0.029955 0.005532 439.36 3.52
E 37 60 0.029955 0.005532 432.44 1.45
E 38 39 0.021162 0.003731 331.72 18.74
E 38 43 0.028671 0.004616 447.09 21.28
E 38 46 0.023101 0.003578 363.60 1.67
E 38 49 0.023431 0.003663 371.00 1.46
E 38 51 0.031406 0.006296 447.52 1.47
E 38 53 0.026681 0.004172 409.40 1.05
E 38 54 0.027508 0.001972 418.87 26.14
E 38 56 0.024932 0.004097 351.11 1.46
E 38 59 0.002865 0.000000 300.00 0.26
E 39 46 0.023099 0.002629 353.14 2.13
E 39 49 0.023620 0.003751 338.04 85.22
E 39 51 0.032409 0.007097 431.08 117.89
E 39 53 0.026914 0.001834 418.62 1.13
E 39 54 0.028608 0.003626 417.44 2.15
E 39 56 0.024944 0.001657 368.54 0.75
E 39 59 0.032054 0.005065 495.43 2.25
E 40 41 0.031454 0.002431 451.96 6.13
E 40 42 0.030705 0.001558 427.71 58.80
E 40 43 0.030993 0.003833 421.96 53.75
E 40 44 0.032267 0.003460 475.60 4.81
E 40 48 0.037743 0.005427 602.85 0.61
E 40 50 0.038167 0.007753 463.86 20.24
E 40 51 0.032637 0.007022 436.13 2.41
E 40 52 0.031237 0.003757 443.60 0.76
E 40 53 0.030865 0.001781 460.21 3.87
E 40 54 0.031461 0.003576 433.27 0.80
E 40 56 0.030154 0.001357 395.32 9.67
E 40 57 0.045291 0.000452 755.15 3.55
E 40 58 0.039864 0.005427 540.26 0.78
E 40 59 0.032115 0.005574 464.76 1.79
E 40 60 0.007522 0.001024 824.00 2.03
E 41 42 0.030571 0.001800 428.53 1.95
E 41 43 0.030670 0.003681 437.33 1.82
E 41 44 0.036582 0.006559 468.39 336.16
E 41 48 0.037556 0.002985 391.40 0.62
E 41 49 0.030286 0.003099 433.54 2.83
E 41 50 0.037556 0.002985 470.34 1.36
E 41 51 0.032694 0.007148 458.98 496.60
E 41 52 0.031036 0.003904 446.40 11.98
E 41 53 0.030232 0.001537 427.90 303.63
E 41 54 0.030670 0.003251 436.19 38.16
E 41 56 0.030053 0.001477 416.80 409.14
E 41 57 0.037151 0.002714 508.81 0.00
E 41 58 0.041560 0.000000 424.53 0.00
E 41 60 0.001905 0.000000 180.00 0.00
E 42 46 0.025624 0.002187 393.10 10.31
E 42 47 0.024994 0.000593 395.03 39.38
E 42 49 0.025545 0.003792 399.22 25.68
E 42 51 0.032486 0.006678 462.87 55.48
E 42 52 0.027423 0.003713 401.34 20.23
E 42 55 0.025637 0.002104 395.94 2.94
E 42 59 0.032161 0.005647 442.92 1.18
E 43 44 0.029061 0.003916 411.00 0.42
E 43 46 0.029168 0.004117 403.21 2.10
E 43 49 0.028571 0.003687 439.74 105.99
E 43 51 0.032539 0.006226 473.71 195.39
E 43 53 0.029283 0.004299 441.02 1.20
E 43 54 0.029334 0.004183 454.52 2.36
E 43 56 0.029285 0.004299 438.59 0.82
E 43 59 0.031926 0.005095 450.84 2.02
E 44 48 0.040202 0.003562 474.57 33.75
E 44 50 0.025513 0.003329 369.61 0.18
E 44 51 0.038236 0.009294 623.46 1.67
E 44 52 0.014388 0.001088 1508.00 9.09
E 44 53 0.032742 0.000000 767.52 0.77
E 44 54 0.028466 0.003576 417.97 12.13
E 44 57 0.025469 0.003253 400.55 15.70
E 46 49 0.023606 0.003577 363.77 0.19
E 46 51 0.032233 0.006188 453.97 2.59
E 46 53 0.026613 0.002768 412.66 15.36
E 46 54 0.028219 0.003314 401.39 0.37
E 46 56 0.024882 0.002640 375.70 7.75
E 46 59 0.032121 0.005342 462.44 2.16
E 47 52 0.001489 0.000000 128.00 0.39
E 47 55 0.017716 0.001838 284.44 2.34
E 48 50 0.019407 0.002232 284.22 144.02
E 48 58 0.019723 0.003004 325.70 1.48
E 48 60 0.019723 0.002864 306.11 3.15
E 49 51 0.032158 0.006338 462.59 0.31
E 49 53 0.026528 0.003305 376.76 1.77
E 49 54 0.028220 0.003392 418.10 0.14
E 49 56 0.024786 0.003584 396.74 3.44
E 49 59 0.032175 0.005481 462.59 0.73
E 50 58 0.018939 0.002726 303.91 3.23
E 50 60 0.018939 0.001701 318.47 0.77
E 51 52 0.031089 0.005909 447.57 0.18
E 51 53 0.032418 0.005961 447.53 0.40
E 51 54 0.032635 0.006352 452.35 0.21
E 51 56 0.032143 0.006321 441.49 0.93
E 51 59 0.032793 0.006666 461.91 0.10
E 52 54 0.030502 0.002307 451.53 0.03
E 52 55 0.027473 0.003559 431.51 0.06
E 52 58 0.030423 0.002148 449.72 0.06
E 52 59 0.032304 0.005873 489.61 0.07
E 52 60 0.017221 0.001216 1804.00 0.09
E 53 54 0.028710 0.003464 412.49 0.17
E 53 56 0.026872 0.001902 398.99 0.23
E 53 59 0.032181 0.005377 442.81 0.06
E 54 56 0.028697 0.003517 396.58 0.36
E 54 59 0.032072 0.005321 446.99 0.03
E 56 59 0.032215 0.005353 440.49 0.04
E 58 60 0.018792 0.003172 293.72 21.76
END

SECTION Terminals
Root 60
Terminals 35
T 34
T 27
T 53
T 47
T 36
T 16
T 21
T 39
T 48
T 1
T 13
T 11
T 58
T 3
T 50
T 35
T 23
T 33
T 9
T 2
T 57
T 17
T 49
T 46
T 8
T 12
T 41
T 38
T 59
T 30
T 51
T 4
T 55
T 42
T 26
END

EOF