SECTION Comment
CREATOR "Carlos Araujo"
REMARK "Instance for QoS Multicast Routing Problem"
QoS METRICS "delay, jitter, bandwidth and estimate of link duration"
END

SECTION Graph
Nodes 50
Edges 624

E 1 3 0.028650 0.002784 420.58 7.64
E 1 4 0.029236 0.002974 469.59 2.59
E 1 5 0.031859 0.005631 510.45 3.67
E 1 6 0.034534 0.006872 482.39 2.86
E 1 7 0.026306 0.004507 415.43 1.83
E 1 8 0.031118 0.003052 534.81 3.59
E 1 9 0.028075 0.002574 426.89 0.38
E 1 11 0.028597 0.003357 420.76 0.54
E 1 12 0.041559 0.001899 470.44 0.10
E 1 13 0.029899 0.002494 433.24 0.30
E 1 16 0.015156 0.001120 1604.00 6.63
E 1 17 0.034208 0.003731 491.54 2.61
E 1 18 0.031042 0.001967 489.23 2.78
E 1 19 0.026082 0.003825 430.86 2.93
E 1 20 0.026378 0.004510 401.53 2.12
E 1 21 0.026378 0.002714 399.74 0.73
E 1 22 0.033030 0.004458 462.82 2.78
E 1 23 0.032846 0.002661 496.28 0.22
E 1 24 0.031119 0.001922 396.63 2.87
E 1 25 0.026445 0.002757 391.83 2.95
E 1 26 0.031044 0.001900 567.99 0.10
E 1 30 0.026422 0.001632 2780.00 13.30
E 1 33 0.036260 0.009498 448.00 2.80
E 1 34 0.026499 0.002817 409.84 4.08
E 1 35 0.031119 0.001922 428.44 1.57
E 1 36 0.026350 0.002619 406.74 0.35
E 1 39 0.031119 0.004070 481.15 0.17
E 1 40 0.032866 0.002484 481.95 12.09
E 1 41 0.030436 0.002423 414.95 0.19
E 1 42 0.026699 0.002912 394.99 3.96
E 1 43 0.031043 0.001922 497.76 2.81
E 1 46 0.026349 0.002619 374.75 0.09
E 1 49 0.026349 0.003825 393.26 0.28
E 2 5 0.025777 0.003228 393.97 226.10
E 2 6 0.034356 0.006041 484.40 1527.20
E 2 8 0.025625 0.003053 389.44 2.54
E 2 10 0.027288 0.003042 382.22 0.61
E 2 11 0.030076 0.002084 444.29 2.12
E 2 12 0.028550 0.003084 388.90 0.84
E 2 13 0.036923 0.005992 508.76 1251.07
E 2 14 0.022703 0.002256 356.05 116.88
E 2 15 0.023669 0.002953 366.46 16.25
E 2 16 0.021454 0.001650 332.80 2.95
E 2 17 0.027636 0.003097 388.05 1714.17
E 2 23 0.031547 0.003575 486.36 0.26
E 2 27 0.023718 0.001879 349.84 0.04
E 2 29 0.033207 0.003933 494.78 2.62
E 2 30 0.023300 0.003392 447.34 2.13
E 2 31 0.023184 0.003085 381.06 0.25
E 2 32 0.028097 0.003960 402.67 5.92
E 2 37 0.029799 0.005836 469.67 1309.66
E 2 40 0.030551 0.002713 414.93 0.53
E 2 44 0.025162 0.003077 408.05 30.73
E 2 48 0.023580 0.002098 366.57 2.34
E 2 50 0.023797 0.002261 354.45 388.95
E 3 4 0.032513 0.005729 440.34 12.42
E 3 5 0.031858 0.005631 394.69 9.81
E 3 6 0.031807 0.004325 431.79 16.04
E 3 7 0.026233 0.002699 400.58 2.04
E 3 8 0.030027 0.003052 509.22 8.66
E 3 9 0.029177 0.002306 428.16 4.95
E 3 11 0.026747 0.002996 380.93 32.08
E 3 12 0.041559 0.002306 577.86 1.84
E 3 17 0.034478 0.003640 476.90 8.47
E 3 18 0.028905 0.001967 391.29 11.33
E 3 19 0.025322 0.004387 333.64 18.07
E 3 20 0.025848 0.007547 416.86 14.06
E 3 21 0.021522 0.001583 361.67 23.54
E 3 22 0.033030 0.004458 495.85 11.52
E 3 24 0.029203 0.000969 487.82 18.34
E 3 25 0.025756 0.003651 380.26 18.28
E 3 26 0.030309 0.001639 433.74 26.62
E 3 30 0.010787 0.000512 1116.00 4.00
E 3 33 0.036260 0.009498 572.93 12.13
E 3 34 0.023996 0.001847 354.63 2.85
E 3 35 0.029203 0.000969 437.26 14.94
E 3 36 0.025927 0.003992 377.69 2.90
E 3 39 0.029203 0.004070 525.04 3.55
E 3 40 0.039524 0.005088 495.64 6.68
E 3 41 0.034874 0.002985 427.15 4.52
E 3 42 0.026269 0.002601 413.90 8.15
E 3 43 0.029201 0.002810 416.92 12.41
E 3 46 0.026022 0.001758 345.82 3.21
E 3 47 0.014929 0.003377 240.14 1.65
E 3 49 0.024364 0.002868 367.69 1.85
E 4 5 0.029217 0.003512 459.71 1.51
E 4 6 0.033860 0.004793 465.07 2.98
E 4 7 0.038252 0.006699 438.40 2.10
E 4 8 0.029502 0.003590 471.40 0.57
E 4 9 0.028665 0.001824 438.97 5.44
E 4 10 0.027904 0.001456 410.87 0.10
E 4 11 0.028010 0.002242 449.17 3.34
E 4 12 0.037574 0.002883 613.27 1.67
E 4 13 0.029961 0.002272 405.40 69.84
E 4 17 0.031023 0.002843 459.50 1.92
E 4 18 0.028540 0.001668 437.49 1.66
E 4 21 0.027366 0.002035 371.43 4.72
E 4 22 0.028566 0.001922 428.52 1.66
E 4 23 0.031932 0.003754 461.35 0.67
E 4 24 0.028528 0.002003 415.82 1.55
E 4 26 0.028632 0.001914 444.74 0.81
E 4 29 0.031870 0.003053 452.13 0.58
E 4 30 0.028550 0.001293 427.77 1.96
E 4 33 0.028543 0.002774 422.95 1.66
E 4 35 0.028554 0.002035 436.05 6.80
E 4 36 0.028639 0.002280 397.46 3.04
E 4 38 0.028888 0.006530 395.86 4.88
E 4 39 0.028522 0.001941 433.05 2.74
E 4 40 0.030805 0.001501 466.12 12.38
E 4 41 0.029976 0.001407 464.50 6.65
E 4 42 0.028010 0.001736 428.95 11.25
E 4 43 0.029153 0.004112 427.32 1.69
E 4 46 0.028674 0.002188 420.61 1.84
E 4 49 0.028675 0.003618 411.95 2.97
E 5 6 0.033549 0.004656 457.26 0.34
E 5 7 0.033532 0.004748 470.97 16.77
E 5 8 0.028116 0.003160 397.51 8.70
E 5 9 0.030148 0.003608 485.50 0.76
E 5 10 0.028363 0.002931 436.10 1.70
E 5 12 0.029396 0.003001 425.83 1.33
E 5 13 0.034151 0.003914 465.93 168.23
E 5 14 0.026985 0.003001 406.75 0.32
E 5 15 0.032968 0.006219 463.18 17.99
E 5 17 0.030855 0.002906 477.77 0.21
E 5 18 0.029538 0.003668 434.68 0.24
E 5 22 0.029538 0.003668 463.18 0.24
E 5 23 0.031993 0.003575 478.28 114.63
E 5 24 0.031272 0.004692 585.48 0.08
E 5 26 0.029626 0.003245 436.89 26.42
E 5 27 0.031158 0.003618 488.47 302.16
E 5 29 0.033231 0.003431 447.16 16.88
E 5 30 0.027069 0.002935 407.51 0.41
E 5 31 0.026894 0.003085 393.41 542.24
E 5 32 0.027690 0.003906 477.58 0.46
E 5 33 0.030058 0.003928 464.67 0.24
E 5 35 0.031159 0.003618 427.69 1.20
E 5 36 0.031158 0.003618 507.16 42.73
E 5 37 0.030007 0.006534 435.69 0.21
E 5 40 0.031806 0.003046 446.88 30.43
E 5 41 0.032400 0.001927 485.18 89.51
E 5 43 0.030102 0.003515 460.18 0.25
E 5 44 0.026808 0.002924 422.70 1.51
E 5 50 0.023662 0.001601 359.88 0.04
E 6 7 0.036227 0.007142 504.92 18.08
E 6 8 0.033670 0.004566 464.56 11.56
E 6 9 0.032950 0.004657 466.93 1.95
E 6 10 0.033670 0.004566 464.69 2.91
E 6 11 0.035061 0.006723 455.82 31.66
E 6 12 0.033755 0.004922 499.42 2.43
E 6 13 0.033783 0.004691 462.78 733.01
E 6 14 0.032488 0.002749 443.43 1.15
E 6 15 0.031181 0.006241 568.46 33.78
E 6 20 0.034265 0.005545 473.21 0.05
E 6 21 0.035061 0.006206 481.50 8.34
E 6 23 0.033944 0.004834 472.48 29.59
E 6 26 0.033770 0.004691 478.64 510.22
E 6 27 0.031808 0.004325 480.94 193.69
E 6 29 0.034022 0.004936 488.84 24.50
E 6 30 0.031040 0.001712 406.75 0.44
E 6 31 0.030854 0.004096 450.03 60.62
E 6 32 0.034480 0.005588 477.27 3.35
E 6 34 0.035061 0.006206 486.66 0.07
E 6 36 0.032742 0.005476 482.46 74.31
E 6 40 0.033857 0.004735 463.91 9.32
E 6 41 0.033786 0.004995 459.38 29.71
E 6 42 0.035062 0.006206 484.25 0.42
E 6 44 0.033735 0.004834 452.13 2.67
E 6 46 0.032742 0.005476 425.07 3.19
E 6 49 0.034268 0.006407 481.20 3.24
E 7 8 0.037148 0.004324 494.87 4.27
E 7 9 0.028151 0.004183 476.51 9.51
E 7 11 0.028598 0.004641 402.51 2.80
E 7 12 0.041560 0.002996 586.68 1.19
E 7 13 0.031739 0.003532 448.95 14.17
E 7 16 0.006882 0.001024 744.00 0.90
E 7 17 0.034299 0.003191 487.44 14.30
E 7 18 0.031298 0.004324 476.20 16.96
E 7 19 0.024413 0.004904 365.46 9.06
E 7 20 0.024289 0.004680 364.54 4.10
E 7 21 0.024517 0.004886 400.72 0.74
E 7 22 0.033030 0.004458 534.06 17.04
E 7 24 0.033532 0.004748 494.26 18.59
E 7 25 0.024321 0.004773 414.82 9.03
E 7 26 0.031298 0.004324 458.39 4.08
E 7 30 0.009490 0.001344 1012.00 3.65
E 7 33 0.036260 0.009498 441.47 17.26
E 7 34 0.024663 0.004641 385.71 8.72
E 7 35 0.033532 0.004748 575.40 0.27
E 7 36 0.026037 0.003310 381.75 0.44
E 7 39 0.033532 0.004748 518.64 5.03
E 7 40 0.037574 0.008226 416.37 0.15
E 7 41 0.032118 0.003271 451.32 2.79
E 7 42 0.025580 0.004423 376.67 10.62
E 7 43 0.031298 0.004324 449.92 17.35
E 7 46 0.026037 0.003310 385.47 5.21
E 7 47 0.022633 0.006473 365.89 23.60
E 7 49 0.025764 0.004394 405.68 17.30
E 8 9 0.030237 0.002120 409.51 26.38
E 8 10 0.028418 0.003298 427.52 3.17
E 8 11 0.031554 0.005596 434.47 1.52
E 8 12 0.028998 0.003494 444.20 2.39
E 8 13 0.034151 0.003909 456.88 3.47
E 8 14 0.027688 0.002932 429.62 1.16
E 8 15 0.037151 0.006190 742.40 0.08
E 8 16 0.044613 0.000000 713.31 0.74
E 8 17 0.030954 0.002831 430.99 16.92
E 8 18 0.031251 0.004945 463.76 17.69
E 8 19 0.037150 0.004071 389.90 6.93
E 8 20 0.003505 0.000000 380.00 4.35
E 8 21 0.037151 0.000170 447.06 6.31
E 8 22 0.031251 0.004944 472.86 17.73
E 8 23 0.031993 0.003575 459.66 3.29
E 8 24 0.028962 0.001841 506.03 21.16
E 8 25 0.037150 0.001357 676.34 6.95
E 8 26 0.028691 0.003231 432.69 0.47
E 8 27 0.037150 0.001470 584.08 35.92
E 8 29 0.033231 0.003431 469.51 2.26
E 8 30 0.027871 0.003400 427.30 0.32
E 8 31 0.027540 0.003085 413.02 3.21
E 8 32 0.027691 0.003906 397.67 3.86
E 8 33 0.029439 0.003789 443.20 17.85
E 8 34 0.037151 0.000961 445.77 8.36
E 8 35 0.037151 0.000000 676.33 5.28
E 8 36 0.037151 0.003138 476.88 4.30
E 8 37 0.030007 0.006534 426.95 8.80
E 8 40 0.031806 0.002705 462.33 2.03
E 8 41 0.031948 0.004274 453.90 2.09
E 8 42 0.037151 0.000000 417.31 78.95
E 8 43 0.029146 0.003975 407.93 17.64
E 8 44 0.027365 0.002924 417.01 0.50
E 8 46 0.003505 0.000000 380.00 2.68
E 8 49 0.003505 0.000000 380.00 1.34
E 8 50 0.024005 0.001408 379.94 12.78
E 9 10 0.028076 0.001410 442.50 0.74
E 9 11 0.028994 0.002817 449.59 15.98
E 9 12 0.039748 0.002827 608.79 0.26
E 9 13 0.030061 0.002384 440.67 3.08
E 9 17 0.030578 0.002013 448.71 1.68
E 9 18 0.027674 0.001756 431.85 1.36
E 9 22 0.027675 0.002374 414.06 1.36
E 9 23 0.030491 0.003915 426.66 4.72
E 9 24 0.027466 0.001844 411.47 1.18
E 9 26 0.028600 0.002102 415.42 2.45
E 9 29 0.030751 0.003377 434.99 2.03
E 9 30 0.026390 0.001987 369.00 3.21
E 9 31 0.028105 0.001922 700.94 7.55
E 9 33 0.028374 0.002966 430.99 1.37
E 9 35 0.027466 0.001844 430.39 0.58
E 9 36 0.027712 0.002019 420.11 2.19
E 9 38 0.027555 0.006897 413.86 7.12
E 9 39 0.027487 0.001823 417.20 0.59
E 9 40 0.030341 0.002035 466.44 6.30
E 9 41 0.029978 0.001536 437.71 1.15
E 9 42 0.028467 0.001463 422.10 2.82
E 9 43 0.028816 0.003781 430.86 1.39
E 9 44 0.032742 0.002035 367.15 1.07
E 9 46 0.027612 0.002515 424.56 3.54
E 9 49 0.027593 0.003222 410.55 3.51
E 10 11 0.028599 0.002660 504.95 0.64
E 10 12 0.028889 0.002485 458.87 0.50
E 10 13 0.031140 0.002356 475.01 2.39
E 10 14 0.028350 0.001668 424.74 98.45
E 10 15 0.031552 0.004506 393.84 4.28
E 10 17 0.030264 0.002400 428.83 19.38
E 10 18 0.027983 0.001534 412.20 11.79
E 10 22 0.027982 0.001472 400.39 11.39
E 10 23 0.031816 0.003353 441.47 0.13
E 10 26 0.028636 0.002182 437.06 0.23
E 10 27 0.029262 0.001017 437.49 0.45
E 10 29 0.033297 0.003510 445.33 8.50
E 10 30 0.028385 0.001545 417.46 23.43
E 10 31 0.028432 0.003290 416.16 0.52
E 10 32 0.028379 0.004390 434.63 0.78
E 10 33 0.028069 0.002760 430.77 10.72
E 10 37 0.030082 0.006693 432.16 2.82
E 10 40 0.032038 0.002675 469.03 20.09
E 10 41 0.030168 0.001713 422.71 0.09
E 10 43 0.029226 0.004446 436.72 6.18
E 10 44 0.028394 0.003416 429.92 10.06
E 10 50 0.029263 0.001017 435.85 0.96
E 11 12 0.028375 0.003392 435.45 0.46
E 11 13 0.030095 0.003234 487.00 1.53
E 11 16 0.027003 0.003816 440.79 76.15
E 11 17 0.030358 0.003466 446.85 181.83
E 11 19 0.028417 0.003896 420.15 112.92
E 11 20 0.028540 0.004023 399.83 38.07
E 11 21 0.028539 0.003323 401.49 0.63
E 11 23 0.032037 0.003947 458.72 0.12
E 11 25 0.028479 0.003262 407.81 112.77
E 11 26 0.028599 0.002803 394.70 12.60
E 11 29 0.033310 0.003794 514.14 87.86
E 11 32 0.028873 0.004167 437.63 2.80
E 11 34 0.028506 0.003204 409.69 11.57
E 11 37 0.029174 0.005876 448.13 37.33
E 11 40 0.030793 0.003466 442.94 13.23
E 11 41 0.030150 0.003384 459.19 0.13
E 11 42 0.028596 0.003357 431.82 7.21
E 12 13 0.035202 0.002775 488.86 2.70
E 12 14 0.029239 0.003107 447.81 1.09
E 12 15 0.029340 0.003854 443.54 1.92
E 12 16 0.029463 0.001809 542.56 4.76
E 12 17 0.030880 0.002947 492.25 2.76
E 12 18 0.037284 0.002306 559.80 2.66
E 12 19 0.033589 0.001357 593.80 6.02
E 12 20 0.018437 0.003456 1956.00 5.06
E 12 22 0.037284 0.003762 462.45 2.66
E 12 23 0.031994 0.003456 453.19 0.63
E 12 25 0.031724 0.006487 503.71 5.94
E 12 26 0.037282 0.002306 500.22 0.35
E 12 27 0.029340 0.003483 427.13 0.53
E 12 29 0.033342 0.003578 453.04 1.85
E 12 30 0.036226 0.001744 513.43 23.39
E 12 31 0.029088 0.003631 431.89 0.83
E 12 32 0.029140 0.004223 472.58 4.91
E 12 33 0.037284 0.009724 513.65 2.66
E 12 34 0.033590 0.000170 581.03 4.17
E 12 37 0.030190 0.006718 447.66 2.61
E 12 40 0.031943 0.003098 441.34 6.38
E 12 41 0.037284 0.002459 489.28 0.49
E 12 42 0.004674 0.000032 468.00 4.29
E 12 43 0.037284 0.002306 485.08 2.61
E 12 44 0.029248 0.003208 456.42 10.72
E 12 48 0.028083 0.002814 430.45 0.33
E 12 50 0.028627 0.003230 421.83 2.22
E 13 14 0.035620 0.003316 467.32 3.86
E 13 15 0.036471 0.004506 445.47 3.39
E 13 16 0.038846 0.004876 446.41 0.68
E 13 17 0.030681 0.002706 475.73 826.66
E 13 18 0.030484 0.002634 486.15 844.88
E 13 19 0.035077 0.004127 505.91 798.28
E 13 20 0.029597 0.004653 421.73 118.61
E 13 21 0.029083 0.001834 442.16 12.37
E 13 22 0.030484 0.002634 459.30 845.04
E 13 23 0.031998 0.003525 471.64 0.27
E 13 25 0.030097 0.001915 397.17 795.87
E 13 26 0.030712 0.002559 451.41 0.28
E 13 27 0.036403 0.003663 499.24 33.89
E 13 29 0.033295 0.003449 449.21 0.23
E 13 30 0.035418 0.003053 455.38 3.54
E 13 31 0.036470 0.005502 562.25 1.12
E 13 32 0.035076 0.004212 551.47 19.39
E 13 33 0.030354 0.002675 469.98 845.92
E 13 34 0.030096 0.001916 437.28 708.72
E 13 37 0.034727 0.006765 453.56 623.02
E 13 39 0.012451 0.002336 1324.00 2.01
E 13 40 0.032284 0.002957 457.82 224.17
E 13 41 0.030343 0.002446 459.23 0.00
E 13 42 0.029515 0.001407 446.38 45.69
E 13 43 0.030484 0.004138 445.13 837.91
E 13 44 0.035268 0.002996 466.29 59.74
E 13 46 0.028830 0.002783 452.84 1.28
E 13 48 0.038847 0.004071 684.53 1.60
E 13 49 0.028340 0.003134 427.78 1.50
E 13 50 0.036923 0.005992 409.22 306.32
E 14 15 0.028025 0.003804 413.49 19.22
E 14 16 0.029688 0.004447 412.05 7.96
E 14 17 0.029804 0.002956 440.88 1.88
E 14 23 0.033403 0.003138 456.57 1.40
E 14 26 0.029687 0.003090 484.58 1.45
E 14 27 0.029515 0.003779 385.69 3.71
E 14 29 0.035823 0.003360 515.85 17.61
E 14 30 0.020073 0.001151 363.51 0.46
E 14 31 0.020501 0.004093 352.24 1.92
E 14 32 0.029273 0.004218 420.58 1.28
E 14 37 0.030112 0.006571 455.31 1.11
E 14 40 0.034450 0.003424 519.41 22.01
E 14 41 0.035850 0.003392 419.57 5.39
E 14 44 0.025500 0.002993 400.50 3.93
E 14 48 0.030667 0.004975 446.24 1.18
E 14 50 0.026147 0.002994 390.96 0.54
E 15 16 0.020726 0.004079 344.46 6.89
E 15 23 0.034482 0.003980 482.98 1.60
E 15 26 0.032968 0.006219 476.41 0.94
E 15 27 0.021321 0.003912 322.35 1.40
E 15 29 0.036150 0.004447 483.68 6.48
E 15 31 0.026171 0.004952 410.55 0.54
E 15 32 0.028255 0.004337 429.00 5.42
E 15 37 0.030041 0.006422 446.04 29.19
E 15 40 0.036326 0.005282 448.46 1.73
E 15 44 0.025786 0.004096 421.03 0.50
E 15 48 0.021119 0.003776 320.44 0.28
E 15 50 0.021053 0.003656 339.25 11.09
E 16 17 0.009682 0.000448 1036.00 186.80
E 16 19 0.024619 0.003891 409.47 132.40
E 16 20 0.029084 0.008329 428.91 137.41
E 16 21 0.026492 0.003816 389.16 7.49
E 16 23 0.035568 0.004447 480.81 9.64
E 16 25 0.024968 0.003035 392.43 131.40
E 16 27 0.018636 0.001649 319.57 2.19
E 16 29 0.037216 0.004647 456.00 0.08
E 16 32 0.028670 0.004372 491.80 16.18
E 16 34 0.026492 0.003816 489.78 34.03
E 16 37 0.029688 0.004155 429.35 52.49
E 16 40 0.040203 0.005767 414.82 3.29
E 16 41 0.049362 0.000000 556.21 0.00
E 16 42 0.004209 0.000000 468.00 26.29
E 16 48 0.019392 0.003046 292.32 4.28
E 16 50 0.020949 0.001452 325.96 16.62
E 17 20 0.034970 0.009370 426.00 0.06
E 17 21 0.033589 0.003604 452.74 12.12
E 17 23 0.031858 0.003405 470.11 34.94
E 17 26 0.031022 0.002843 441.20 755.63
E 17 29 0.032020 0.002921 440.71 24.85
E 17 30 0.030933 0.003025 432.61 0.56
E 17 31 0.028428 0.002270 396.74 80.13
E 17 32 0.029802 0.004125 424.40 1.35
E 17 34 0.033606 0.003104 478.16 0.76
E 17 35 0.034097 0.002792 510.96 2.73
E 17 36 0.033841 0.003002 481.59 126.86
E 17 39 0.034024 0.004579 530.11 9.38
E 17 40 0.030957 0.002682 459.14 3.22
E 17 41 0.031214 0.002822 451.85 19.53
E 17 42 0.033911 0.002822 480.55 1.58
E 17 44 0.030109 0.003518 428.96 0.52
E 17 46 0.033841 0.003002 532.24 2.17
E 17 49 0.033841 0.003392 529.91 2.65
E 18 23 0.031965 0.003775 485.98 37.53
E 18 26 0.028600 0.001901 445.41 740.62
E 18 29 0.031871 0.003053 433.38 26.98
E 18 30 0.027061 0.001678 400.04 0.51
E 18 31 0.029553 0.002985 502.21 78.31
E 18 35 0.026984 0.001550 395.35 1.64
E 18 36 0.027026 0.002006 420.04 162.36
E 18 38 0.026584 0.003357 394.41 164.25
E 18 39 0.026984 0.001524 381.25 3.77
E 18 40 0.030865 0.001781 436.23 10.57
E 18 41 0.030053 0.001663 442.23 33.96
E 18 44 0.032741 0.001967 482.99 3.11
E 18 46 0.027026 0.002617 394.29 2.79
E 18 49 0.027028 0.003256 387.70 2.80
E 19 20 0.022765 0.003992 356.40 0.05
E 19 21 0.022204 0.004006 352.01 10.02
E 19 23 0.034679 0.004387 430.25 31.93
E 19 29 0.037619 0.004387 538.51 20.36
E 19 34 0.023489 0.004451 365.02 0.59
E 19 40 0.035939 0.005137 482.19 3.20
E 19 41 0.033532 0.004387 438.87 15.57
E 19 42 0.025376 0.003935 387.11 1.53
E 19 47 0.019402 0.003925 349.60 2.40
E 20 21 0.022840 0.004205 349.85 2.46
E 20 23 0.036246 0.009370 655.95 80.27
E 20 25 0.022805 0.004064 366.30 0.05
E 20 29 0.039976 0.008432 485.35 17.74
E 20 34 0.023468 0.004127 361.90 0.10
E 20 40 0.038507 0.010854 512.67 1.89
E 20 41 0.029927 0.004512 420.51 7.44
E 20 42 0.025366 0.004457 387.67 0.17
E 20 47 0.021262 0.003321 332.27 1.07
E 21 23 0.030807 0.003776 431.61 0.36
E 21 25 0.022489 0.001292 361.80 10.02
E 21 29 0.032202 0.003731 429.12 6.67
E 21 34 0.023465 0.001242 353.66 1.12
E 21 40 0.030330 0.002096 464.18 0.81
E 21 41 0.030054 0.001751 451.74 0.76
E 21 42 0.025366 0.001416 358.18 5.26
E 21 47 0.021466 0.000727 481.71 1.52
E 22 23 0.031965 0.003775 453.37 37.58
E 22 26 0.028600 0.001901 451.92 740.61
E 22 29 0.031406 0.003030 417.80 27.03
E 22 30 0.026661 0.001290 376.01 0.51
E 22 31 0.033985 0.004636 517.61 78.23
E 22 35 0.027036 0.001344 400.53 1.64
E 22 36 0.027086 0.002006 421.59 288.17
E 22 38 0.026144 0.003357 391.61 164.33
E 22 39 0.027035 0.001440 406.13 3.76
E 22 40 0.030865 0.001781 432.69 10.58
E 22 41 0.030053 0.001530 432.97 34.03
E 22 44 0.032741 0.004070 442.59 3.11
E 22 46 0.027086 0.002617 381.65 2.80
E 22 49 0.027087 0.003256 437.01 2.81
E 23 25 0.031928 0.003739 452.12 31.75
E 23 26 0.031964 0.003775 441.95 0.23
E 23 27 0.034233 0.003460 444.96 0.73
E 23 29 0.033294 0.003789 485.79 8.38
E 23 30 0.034458 0.003844 467.83 6.14
E 23 31 0.033730 0.005502 484.77 0.24
E 23 32 0.031951 0.004636 479.94 5.82
E 23 33 0.031965 0.003775 452.97 37.76
E 23 34 0.032039 0.003947 454.59 308.23
E 23 37 0.031979 0.006318 457.43 15.21
E 23 40 0.032394 0.003803 460.93 22.02
E 23 41 0.031964 0.003775 453.43 0.16
E 23 42 0.031781 0.003864 476.01 37.88
E 23 43 0.031952 0.004138 482.90 37.23
E 23 44 0.031880 0.003525 424.81 71.65
E 23 48 0.035794 0.002375 404.62 0.43
E 23 50 0.033943 0.003022 457.53 140.51
E 24 26 0.028670 0.002102 408.42 1152.13
E 24 30 0.028219 0.000904 389.45 1.01
E 24 35 0.018843 0.000407 302.33 1.05
E 24 36 0.022892 0.002214 348.04 252.73
E 24 38 0.018977 0.003492 326.34 146.39
E 24 39 0.020038 0.002520 304.51 4.70
E 24 41 0.033055 0.001430 464.70 40.29
E 24 46 0.022715 0.002515 344.99 2.64
E 24 49 0.023396 0.003269 369.62 2.65
E 25 29 0.033392 0.003896 441.75 20.27
E 25 32 0.026636 0.000763 380.01 4.97
E 25 34 0.023461 0.001422 378.96 0.59
E 25 40 0.030870 0.002068 445.73 3.20
E 25 41 0.030151 0.001580 431.98 15.61
E 25 42 0.025366 0.001416 390.56 1.54
E 26 27 0.031271 0.001470 669.88 11.65
E 26 29 0.032820 0.003169 441.85 100.99
E 26 30 0.028706 0.002146 424.14 3.63
E 26 31 0.030160 0.006063 544.64 0.51
E 26 33 0.028632 0.002695 415.42 741.72
E 26 35 0.028670 0.002102 407.55 5.36
E 26 36 0.028653 0.002286 396.91 0.48
E 26 37 0.034265 0.011448 503.04 325.53
E 26 38 0.028421 0.002290 411.74 1.02
E 26 39 0.028401 0.002027 407.47 0.64
E 26 40 0.031104 0.002232 414.00 72.77
E 26 41 0.030003 0.002182 450.40 0.15
E 26 42 0.028218 0.002728 392.61 20.48
E 26 43 0.029207 0.004011 420.92 726.71
E 26 44 0.028655 0.003209 416.40 5.35
E 26 46 0.028383 0.002276 428.67 0.18
E 26 49 0.028396 0.004008 418.38 0.32
E 27 29 0.037318 0.004991 591.85 1.89
E 27 30 0.006642 0.000416 656.00 23.63
E 27 31 0.026181 0.005389 384.53 0.55
E 27 32 0.028198 0.004618 443.00 4.25
E 27 37 0.029713 0.006097 426.75 146.10
E 27 40 0.037488 0.006988 521.51 0.21
E 27 41 0.006642 0.000416 656.00 0.92
E 27 44 0.029193 0.003114 458.35 164.63
E 27 48 0.019383 0.002584 313.43 1.20
E 27 50 0.018935 0.001677 308.82 101.48
E 29 30 0.038076 0.002960 561.88 8.73
E 29 31 0.037353 0.004715 542.81 2.36
E 29 32 0.033299 0.004584 461.92 6.43
E 29 33 0.031871 0.003053 448.24 27.19
E 29 34 0.033311 0.003794 467.44 17.40
E 29 37 0.033298 0.005161 456.06 13.73
E 29 40 0.033295 0.003510 462.00 23.87
E 29 41 0.032820 0.003169 474.05 4.45
E 29 42 0.031648 0.003430 431.38 9.16
E 29 43 0.031984 0.003537 457.76 27.05
E 29 44 0.033230 0.003430 453.99 11.96
E 29 48 0.037619 0.004227 505.77 2.26
E 29 50 0.033203 0.003880 439.42 11.94
E 30 31 0.020392 0.004126 324.70 1.08
E 30 33 0.028003 0.002656 402.16 0.50
E 30 35 0.002129 0.000000 208.00 1.48
E 30 36 0.009539 0.001184 960.00 1.03
E 30 37 0.032613 0.009455 428.43 0.55
E 30 39 0.003938 0.000064 376.00 2.73
E 30 40 0.037657 0.006479 544.47 1770.45
E 30 41 0.035161 0.002810 508.35 3.46
E 30 43 0.029095 0.004218 402.72 0.49
E 30 44 0.025153 0.002995 433.49 0.08
E 31 32 0.029504 0.004175 417.08 5.81
E 31 33 0.007954 0.000544 820.00 78.08
E 31 37 0.030085 0.006693 410.59 40.03
E 31 40 0.037777 0.006784 542.85 0.37
E 31 41 0.039411 0.004975 457.35 0.36
E 31 43 0.030095 0.002171 423.46 76.66
E 31 44 0.025120 0.002991 387.75 10.59
E 31 50 0.024905 0.005054 333.62 144.48
E 32 37 0.029802 0.005842 412.77 1.41
E 32 40 0.031389 0.004636 453.80 2.85
E 32 44 0.027818 0.004028 422.92 0.71
E 32 48 0.028256 0.004850 405.64 3.45
E 32 50 0.028098 0.003960 407.50 0.06
E 33 35 0.028140 0.002547 419.31 1.64
E 33 36 0.027984 0.002442 382.76 289.30
E 33 38 0.026534 0.003477 399.40 164.52
E 33 39 0.028119 0.002503 429.19 3.75
E 33 40 0.030993 0.002647 451.23 10.59
E 33 41 0.030053 0.002573 414.42 34.25
E 33 44 0.036260 0.009498 541.93 3.11
E 33 46 0.027984 0.002442 409.61 2.82
E 33 49 0.027874 0.003433 402.80 2.84
E 34 40 0.030818 0.001963 438.72 4.23
E 34 41 0.030150 0.001617 450.74 21.03
E 34 42 0.025366 0.001416 387.65 0.49
E 34 47 0.013477 0.000544 1336.00 0.57
E 35 36 0.022877 0.002183 335.41 0.43
E 35 38 0.019043 0.003485 314.64 4.56
E 35 39 0.020622 0.003481 318.62 1.03
E 35 41 0.026150 0.001856 2804.00 1.34
E 35 43 0.028697 0.004043 453.30 1.64
E 35 46 0.022715 0.002515 355.39 4.40
E 35 49 0.023611 0.003528 413.09 5.07
E 36 38 0.022908 0.003573 360.60 0.18
E 36 39 0.022891 0.002214 350.27 0.72
E 36 41 0.030051 0.001632 447.23 0.31
E 36 42 0.025591 0.001840 357.04 18.87
E 36 43 0.028913 0.004017 391.45 296.63
E 36 46 0.022602 0.002205 346.27 0.35
E 36 49 0.023597 0.003350 365.45 0.71
E 37 40 0.031625 0.006318 469.74 8.58
E 37 41 0.035850 0.003109 471.18 33.18
E 37 44 0.029943 0.006382 423.91 2.55
E 37 48 0.029246 0.005113 419.96 1.65
E 37 50 0.029800 0.005836 449.56 0.07
E 38 39 0.020624 0.003698 323.07 0.55
E 38 43 0.028671 0.004616 436.03 166.38
E 38 46 0.022716 0.003684 340.70 2.06
E 38 49 0.023391 0.003849 390.48 0.11
E 39 41 0.030116 0.002229 450.62 0.42
E 39 43 0.028633 0.003937 476.15 9.04
E 39 46 0.022715 0.002515 358.36 0.08
E 39 49 0.023611 0.003528 362.96 0.14
E 40 41 0.031034 0.002018 448.69 714.16
E 40 42 0.030705 0.001558 451.58 7.67
E 40 43 0.030993 0.003833 453.94 10.51
E 40 44 0.031944 0.003124 455.90 4.34
E 40 48 0.035624 0.001187 590.33 3.10
E 40 50 0.037489 0.006988 503.22 8.93
E 41 42 0.030399 0.001631 437.51 6.60
E 41 43 0.030053 0.003884 434.09 33.89
E 41 44 0.035850 0.003109 699.97 5.60
E 41 46 0.030123 0.002805 463.62 0.35
E 41 49 0.030286 0.003099 438.29 1.33
E 42 46 0.025624 0.002187 396.56 1.18
E 42 49 0.025608 0.003891 408.45 0.36
E 43 44 0.029066 0.004150 474.07 3.07
E 43 46 0.028913 0.004017 423.18 2.85
E 43 49 0.028180 0.003505 398.23 2.88
E 44 50 0.025164 0.003077 391.97 0.83
E 46 49 0.023596 0.003350 367.43 0.02
E 48 50 0.018955 0.001966 304.40 0.64
END

SECTION Terminals
Root 35
Terminals 28
T 30
T 36
T 50
T 24
T 49
T 1
T 43
T 31
T 7
T 2
T 10
T 8
T 16
T 40
T 5
T 18
T 34
T 48
T 20
T 13
T 25
T 12
T 27
T 3
T 19
T 33
T 37
T 23
END

EOF