SECTION Comment
CREATOR "Carlos Araujo"
REMARK "Instance for QoS Multicast Routing Problem"
QoS METRICS "delay, jitter, bandwidth and estimate of link duration"
END

SECTION Graph
Nodes 40
Edges 269

E 1 2 0.026203 0.005721 410.40 0.02
E 1 5 0.028792 0.005365 399.04 5.73
E 1 6 0.028330 0.007085 379.28 3.10
E 1 7 0.026228 0.005959 437.10 27.69
E 1 8 0.028701 0.007038 450.52 0.00
E 1 9 0.028761 0.005718 456.11 0.47
E 1 10 0.028409 0.006736 487.29 1.27
E 1 13 0.028793 0.005365 427.48 0.11
E 1 17 0.026318 0.006897 378.66 1.67
E 1 18 0.029461 0.010062 420.86 8.44
E 1 19 0.029008 0.006158 420.40 1.91
E 1 20 0.026049 0.005879 412.56 0.04
E 1 22 0.026214 0.006299 407.93 1.19
E 1 23 0.028269 0.005828 413.34 1.86
E 1 24 0.026374 0.005802 423.02 1.68
E 1 30 0.026049 0.005879 377.05 1.58
E 1 34 0.025844 0.005156 424.77 0.00
E 1 36 0.026091 0.007626 375.06 2.31
E 1 37 0.026375 0.005802 414.17 6.25
E 1 39 0.026375 0.005802 389.09 2.04
E 2 5 0.023074 0.001866 691.20 1.33
E 2 6 0.022417 0.001843 351.89 3.57
E 2 7 0.024210 0.003108 386.64 13.22
E 2 9 0.027087 0.005585 470.38 1.28
E 2 18 0.025784 0.005012 445.10 8.99
E 2 19 0.022454 0.001929 337.32 1.33
E 2 20 0.022438 0.001753 345.86 0.00
E 2 22 0.024920 0.003205 369.15 1.89
E 2 23 0.022464 0.001809 376.81 3.58
E 2 24 0.022359 0.002216 353.93 2.89
E 2 30 0.022438 0.001753 344.24 2.11
E 2 39 0.022438 0.001753 357.07 40.32
E 3 4 0.016205 0.001961 261.90 0.47
E 3 5 0.016860 0.001187 273.88 0.01
E 3 11 0.017654 0.005236 289.51 4.35
E 3 13 0.019397 0.004989 300.08 0.02
E 3 15 0.024360 0.006004 392.00 3.94
E 3 16 0.021884 0.003286 368.54 12.18
E 3 25 0.002850 0.000000 240.00 0.56
E 3 26 0.023323 0.003489 372.73 0.53
E 3 28 0.021671 0.002731 326.25 9.08
E 3 31 0.018397 0.005130 279.25 4.14
E 4 11 0.019145 0.005869 284.41 47.65
E 4 15 0.024620 0.006296 406.11 2.43
E 4 16 0.022512 0.003966 320.58 4.02
E 4 25 0.020417 0.002487 414.30 1.58
E 4 26 0.023525 0.003759 397.94 2.92
E 4 28 0.022649 0.003816 434.52 29.98
E 4 29 0.006418 0.001088 628.00 0.43
E 4 31 0.019774 0.005214 334.08 5.00
E 5 8 0.020738 0.002831 312.57 0.41
E 5 9 0.027418 0.005745 426.88 230.70
E 5 10 0.021490 0.004530 329.47 0.79
E 5 13 0.021100 0.003659 325.86 13.88
E 5 15 0.023073 0.004342 375.72 3.44
E 5 16 0.007186 0.002560 724.00 10.66
E 5 17 0.025052 0.008616 383.57 1.94
E 5 18 0.026466 0.002544 627.85 4.07
E 5 22 0.027778 0.005512 387.60 1.74
E 5 26 0.013029 0.002592 1280.00 7.43
E 5 28 0.022880 0.003707 333.13 0.44
E 5 31 0.018733 0.002295 259.56 0.08
E 5 33 0.021434 0.001357 445.11 9.35
E 5 36 0.024124 0.006283 402.80 0.17
E 6 7 0.024910 0.003158 397.81 0.58
E 6 9 0.028251 0.005567 383.96 34.10
E 6 18 0.025785 0.003087 374.04 1.78
E 6 19 0.020239 0.000441 304.88 0.34
E 6 20 0.021708 0.001058 333.84 1.32
E 6 22 0.026959 0.004011 422.80 0.15
E 6 23 0.020200 0.000449 326.22 0.12
E 6 30 0.021203 0.000648 330.56 0.64
E 6 34 0.022716 0.000867 361.89 0.67
E 6 37 0.024375 0.000791 432.90 3.03
E 6 39 0.021400 0.000621 333.65 1.77
E 7 8 0.026594 0.003816 541.73 0.04
E 7 9 0.027687 0.005359 442.00 150.94
E 7 10 0.027314 0.006445 380.96 4.28
E 7 17 0.024829 0.007659 401.46 4.10
E 7 18 0.026083 0.003392 451.13 2.65
E 7 19 0.025144 0.003314 374.42 0.80
E 7 22 0.025002 0.003282 390.74 4.77
E 7 23 0.025261 0.003392 390.47 0.50
E 7 24 0.024159 0.002783 387.26 2.92
E 7 30 0.023897 0.002516 355.28 3.52
E 7 34 0.026329 0.005732 383.23 4.59
E 7 36 0.024006 0.006805 374.34 63.04
E 7 37 0.023690 0.003892 416.25 13.33
E 7 39 0.024210 0.003108 370.53 5.62
E 8 9 0.027803 0.004965 428.93 395.88
E 8 10 0.021864 0.004186 336.51 2.67
E 8 12 0.024000 0.005842 375.69 6.73
E 8 13 0.022676 0.002804 395.29 191.40
E 8 14 0.019364 0.004290 324.80 22.44
E 8 17 0.025784 0.006991 376.74 2.45
E 8 21 0.027766 0.005201 485.78 238.64
E 8 22 0.026762 0.004474 403.51 3.28
E 8 24 0.033454 0.009347 505.15 2.88
E 8 30 0.002705 0.000000 280.00 2.93
E 8 32 0.027765 0.005201 430.99 0.14
E 8 36 0.024162 0.006384 377.98 1.06
E 8 37 0.025278 0.004506 460.96 0.57
E 8 40 0.029519 0.006954 439.41 0.92
E 9 10 0.028004 0.006033 400.16 20.77
E 9 13 0.024567 0.004685 370.98 0.09
E 9 15 0.022478 0.004790 353.36 23.40
E 9 17 0.028434 0.005397 516.58 38.83
E 9 18 0.021377 0.004965 395.43 10.90
E 9 19 0.029082 0.004337 430.21 100.20
E 9 20 0.027840 0.005333 404.22 2.52
E 9 22 0.028758 0.005948 440.51 17.51
E 9 23 0.030027 0.005573 391.14 9.69
E 9 24 0.035498 0.010612 497.68 8.48
E 9 27 0.019596 0.003074 319.12 35.21
E 9 30 0.027840 0.005333 426.17 44.20
E 9 32 0.028941 0.001967 544.85 1.66
E 9 33 0.019592 0.003074 321.70 1.77
E 9 34 0.029942 0.002459 464.14 171.21
E 9 35 0.019595 0.003074 302.61 2.47
E 9 36 0.025433 0.007572 399.93 29.54
E 9 37 0.028945 0.004132 490.16 0.84
E 9 39 0.027680 0.004523 370.40 0.78
E 10 12 0.021791 0.004027 339.92 2.30
E 10 13 0.026672 0.006143 426.76 2.20
E 10 14 0.021911 0.006253 364.90 1.35
E 10 17 0.025639 0.006819 386.06 1.00
E 10 20 0.023922 0.003731 403.89 3.65
E 10 21 0.024600 0.004545 404.82 5.60
E 10 22 0.027132 0.006373 396.69 2.13
E 10 24 0.030340 0.006988 437.76 1.32
E 10 30 0.022905 0.002487 455.14 0.88
E 10 32 0.019393 0.002764 335.49 3.29
E 10 36 0.024332 0.006591 370.60 30.37
E 10 37 0.026672 0.007274 358.97 10.76
E 10 40 0.019298 0.004900 302.95 3.89
E 11 15 0.024334 0.011231 345.70 2.74
E 11 16 0.021433 0.009362 340.96 6.64
E 11 26 0.023052 0.006591 358.23 5.71
E 11 28 0.022204 0.004885 305.01 0.94
E 11 31 0.018484 0.005240 296.93 0.58
E 12 13 0.004578 0.001024 456.00 0.05
E 12 14 0.021096 0.005532 337.08 0.07
E 12 17 0.027070 0.006399 423.76 1.69
E 12 21 0.016864 0.002582 257.79 0.27
E 12 24 0.036557 0.006869 538.02 4.42
E 12 32 0.016862 0.002593 279.78 0.80
E 12 36 0.024261 0.005427 415.45 0.06
E 12 38 0.016865 0.004624 262.11 0.03
E 12 40 0.016861 0.005222 267.47 10.11
E 13 15 0.022510 0.003528 341.11 8.15
E 13 17 0.028162 0.003222 410.83 2.69
E 13 22 0.028669 0.006935 393.51 1.46
E 13 24 0.005666 0.000064 592.00 4.61
E 13 26 0.023117 0.007844 371.36 8.15
E 13 31 0.019565 0.004410 302.10 0.27
E 13 33 0.019173 0.004025 358.62 6.36
E 13 36 0.024173 0.006635 339.37 0.20
E 14 17 0.026788 0.006214 391.68 1.65
E 14 21 0.021100 0.005532 344.31 0.32
E 14 24 0.036557 0.006869 442.16 2.02
E 14 32 0.020746 0.005040 341.41 5.89
E 14 36 0.024148 0.003957 321.81 0.45
E 14 38 0.021063 0.005576 306.28 0.30
E 14 40 0.020755 0.005153 326.77 0.54
E 15 16 0.024167 0.005413 376.59 0.44
E 15 18 0.022564 0.004812 363.69 8.51
E 15 22 0.023414 0.005292 362.44 11.79
E 15 25 0.023095 0.005125 350.28 5.25
E 15 26 0.023534 0.005296 401.84 1.65
E 15 27 0.022630 0.004684 336.55 1.54
E 15 28 0.023230 0.005057 362.48 7.23
E 15 29 0.023789 0.005634 379.18 7.27
E 15 31 0.024359 0.006004 395.60 20.30
E 15 33 0.023330 0.005548 389.74 6.03
E 15 35 0.022564 0.004812 378.97 27.23
E 15 36 0.024648 0.007293 392.24 16.50
E 16 18 0.020327 0.002205 327.08 5.62
E 16 25 0.019256 0.002189 290.18 3.51
E 16 26 0.023304 0.004570 357.39 1.49
E 16 27 0.018195 0.001272 316.48 1.91
E 16 28 0.020867 0.002846 345.63 234.35
E 16 29 0.018210 0.001438 300.48 14.49
E 16 31 0.022647 0.006523 363.85 24.54
E 16 33 0.020066 0.001952 315.04 7.79
E 16 35 0.018601 0.000803 300.03 3.94
E 17 21 0.026881 0.004471 425.90 283.84
E 17 22 0.025157 0.007979 393.33 0.08
E 17 24 0.029082 0.006125 426.43 5.02
E 17 32 0.026456 0.005624 409.77 59.25
E 17 36 0.025292 0.007365 405.40 7.22
E 17 37 0.026742 0.006065 386.50 3.70
E 17 40 0.026457 0.005624 360.40 3.21
E 18 19 0.025785 0.003087 383.14 1.92
E 18 20 0.025785 0.003087 399.31 1.42
E 18 22 0.032174 0.008763 514.62 5.44
E 18 23 0.024994 0.003477 407.94 1.80
E 18 25 0.019336 0.002888 320.64 1.47
E 18 26 0.022767 0.004935 342.85 10.88
E 18 27 0.019437 0.002698 305.35 1.35
E 18 29 0.019293 0.002679 292.47 6.82
E 18 30 0.025785 0.003087 389.74 14.67
E 18 33 0.019401 0.002973 308.72 2.17
E 18 35 0.020964 0.002856 345.84 4.56
E 18 39 0.025786 0.003087 360.95 0.78
E 19 20 0.021713 0.001079 346.08 3.12
E 19 22 0.029424 0.006445 435.21 0.12
E 19 23 0.019004 0.000344 317.22 0.16
E 19 30 0.021204 0.000574 344.09 0.42
E 19 34 0.004338 0.000160 368.00 0.90
E 19 39 0.021401 0.000592 342.57 5.27
E 20 22 0.024919 0.003205 367.68 8.67
E 20 23 0.021714 0.001079 333.66 0.24
E 20 24 0.022410 0.002292 369.16 5.74
E 20 30 0.021670 0.000958 334.76 4.38
E 20 37 0.006898 0.000224 688.00 0.16
E 20 39 0.021672 0.000999 351.55 143.40
E 21 24 0.040768 0.003618 537.06 2.91
E 21 32 0.015484 0.003219 251.68 1.75
E 21 38 0.014386 0.004026 218.94 0.52
E 21 40 0.016921 0.005456 257.82 0.88
E 22 23 0.027822 0.002544 574.12 0.32
E 22 24 0.023736 0.002097 335.41 4.48
E 22 28 0.035342 0.008706 489.86 23.10
E 22 30 0.024919 0.003205 386.06 0.07
E 22 36 0.024948 0.006968 382.14 5.59
E 22 39 0.024920 0.003205 365.95 1.55
E 23 30 0.021189 0.000503 346.22 0.21
E 23 34 0.022056 0.000565 328.63 0.41
E 23 39 0.021402 0.000592 359.49 0.64
E 24 30 0.022410 0.002292 341.87 5.08
E 24 32 0.036555 0.006868 483.94 0.45
E 24 34 0.022824 0.005573 350.53 2.03
E 24 36 0.040768 0.003957 537.91 13.38
E 24 37 0.024043 0.004785 385.60 68.85
E 24 39 0.022358 0.002216 338.95 4.31
E 24 40 0.040768 0.003618 719.19 8.49
E 25 26 0.022982 0.004800 379.67 15.69
E 25 27 0.019381 0.002474 304.90 10.72
E 25 28 0.020761 0.002775 328.27 6.85
E 25 29 0.019261 0.002263 311.08 1.77
E 25 31 0.003746 0.000768 352.00 1.12
E 25 33 0.019997 0.002381 321.02 98.13
E 25 35 0.019331 0.002436 286.50 3.54
E 26 27 0.022613 0.005379 387.02 0.60
E 26 28 0.023435 0.004935 389.73 0.17
E 26 29 0.023075 0.004700 349.34 2.64
E 26 31 0.024598 0.005258 342.34 0.61
E 26 33 0.022970 0.004780 366.05 3.92
E 27 28 0.020251 0.002627 322.09 4.53
E 27 29 0.018001 0.000931 278.56 10.26
E 27 33 0.020147 0.002155 310.62 0.90
E 27 35 0.017703 0.000988 288.87 0.25
E 28 29 0.020867 0.002880 342.59 0.42
E 28 31 0.021828 0.003947 338.10 0.14
E 28 33 0.020759 0.002775 344.35 0.80
E 28 36 0.021839 0.002762 381.27 3.68
E 29 33 0.020162 0.002187 310.23 2.84
E 29 35 0.017773 0.000800 280.27 104.12
E 30 34 0.023175 0.000678 375.87 3.04
E 30 37 0.024374 0.000791 392.91 4.26
E 30 39 0.021410 0.000626 344.25 1.84
E 31 36 0.024777 0.007418 372.07 0.00
E 32 37 0.023344 0.003188 339.62 0.17
E 32 38 0.015534 0.004453 243.14 0.59
E 32 40 0.016918 0.005456 257.53 0.51
E 33 35 0.020095 0.002028 302.32 0.48
E 34 37 0.017571 0.005929 271.25 1.04
E 34 39 0.026127 0.005540 341.80 2.31
E 38 40 0.016879 0.005344 273.70 0.01
END

SECTION Terminals
Root 4
Terminals 21
T 34
T 7
T 37
T 13
T 33
T 15
T 3
T 27
T 24
T 10
T 31
T 40
T 36
T 1
T 6
T 32
T 38
T 2
T 30
T 11
T 22
END

EOF