SECTION Comment
CREATOR "Carlos Araujo"
REMARK "Instance for QoS Multicast Routing Problem"
QoS METRICS "delay, jitter, bandwidth and estimate of link duration"
END

SECTION Graph
Nodes 10
Edges 23

E 1 4 0.028012 0.003126 448.79 18.42
E 1 6 0.034250 0.005797 494.33 9.51
E 1 7 0.024844 0.006414 352.64 17.23
E 1 9 0.028343 0.003053 426.97 5.07
E 2 5 0.025708 0.003148 392.78 0.25
E 2 6 0.034356 0.006041 469.80 0.44
E 2 8 0.025549 0.002965 383.74 1.31
E 2 10 0.026958 0.003097 407.19 314.86
E 4 5 0.030172 0.001611 447.27 2.15
E 4 6 0.034393 0.005498 464.04 3.83
E 4 8 0.030068 0.001866 453.94 0.29
E 4 9 0.028677 0.001533 428.39 0.22
E 4 10 0.028476 0.001799 412.08 0.72
E 5 6 0.034394 0.005498 453.71 0.24
E 5 8 0.024319 0.001590 360.02 0.48
E 5 10 0.027135 0.001931 383.67 37.08
E 6 7 0.036370 0.004919 563.37 3.71
E 6 8 0.034394 0.005498 451.32 2.41
E 6 9 0.034250 0.005797 475.86 1.46
E 6 10 0.034393 0.005498 480.14 62.98
E 7 9 0.029252 0.003460 395.06 0.02
E 8 10 0.027178 0.001408 429.02 2.38
E 9 10 0.028367 0.000930 428.98 3.52
END

SECTION Terminals
Root 6
Terminals 6
T 2
T 9
T 1
T 4
T 7
T 5
END

EOF